particle 0 is updating position
due to fitness value of: 
[21.53846153846154, 30.0, 12.307692307692307, 25.76923076923077, 5.0, 28.33333333333333, 10.0, 3.3333333333333357, 20.0, 35.0]
which is less than: 
null


[1, 2, 2, 2, 1, 1, 1, 2, 1, 1, 1, 1, 2, 2, 2, 2, 1, 2, 2, 5, 2, 3, 4, 3, 2, 3, 5, 1, 4, 3, 3, 3, 1, 5, 5, 5, 3, 2, 3, 5, 2, 4, 1, 5, 1]
[1, 2, 2, 2, 1, 1, 1, 2, 1, 1, 1, 1, 2, 2, 2, 2, 1, 2, 2, 5, 2, 3, 4, 3, 2, 3, 5, 1, 4, 3, 3, 3, 1, 5, 5, 5, 3, 2, 3, 5, 2, 4, 1, 5, 1]
Iteration 0
Best Fitness
[21.53846153846154, 30.0, 12.307692307692307, 25.76923076923077, 5.0, 28.33333333333333, 10.0, 3.3333333333333357, 20.0, 35.0]
Best Position
[1, 2, 2, 2, 1, 1, 1, 2, 1, 1, 1, 1, 2, 2, 2, 2, 1, 2, 2, 5, 2, 3, 4, 3, 2, 3, 5, 1, 4, 3, 3, 3, 1, 5, 5, 5, 3, 2, 3, 5, 2, 4, 1, 5, 1]

-------------

Current fitness of particle 0
: [21.53846153846154, 30.0, 12.307692307692307, 25.76923076923077, 5.0, 28.33333333333333, 10.0, 3.3333333333333357, 20.0, 35.0]

Current fitness of particle 1
: [32.30769230769231, 30.0, 4.615384615384615, 71.92307692307693, 5.0, 11.666666666666664, 6.666666666666664, 20.0, 36.66666666666666, 35.0]

Current fitness of particle 2
: [16.923076923076923, 22.307692307692307, 20.0, 56.53846153846154, 2.6923076923076925, 28.33333333333333, 10.0, 3.3333333333333357, 20.0, 35.0]

Current fitness of particle 3
: [9.23076923076923, 30.0, 4.615384615384615, 48.84615384615385, 5.0, 45.0, 10.0, 20.0, 20.0, 35.0]

Current fitness of particle 4
: [6.153846153846153, 30.0, 20.0, 5.0, 48.84615384615385, 28.33333333333333, 10.0, 20.0, 30.0, 31.666666666666657]

Current fitness of particle 5
: [9.23076923076923, 30.0, 12.307692307692307, 56.53846153846154, 5.0, 45.0, 10.0, 3.3333333333333357, 3.3333333333333286, 35.0]

Current fitness of particle 6
: [60.0, 30.0, 20.0, 5.0, 5.0, 95.0, 10.0, 20.0, 30.0, 35.0]

Current fitness of particle 7
: [36.923076923076934, 22.307692307692307, 12.307692307692307, 2.6923076923076925, 5.0, 61.66666666666666, 6.666666666666664, 20.0, 30.0, 18.333333333333336]

Current fitness of particle 8
: [1.538461538461533, 30.0, 20.0, 56.53846153846154, 5.0, 45.0, 10.0, 3.3333333333333357, 3.3333333333333286, 35.0]

Current fitness of particle 9
: [32.30769230769231, 30.0, 4.615384615384615, 18.076923076923077, 48.84615384615385, 11.666666666666664, 10.0, 3.3333333333333357, 3.3333333333333286, 1.6666666666666714]

Current fitness of particle 10
: [32.30769230769231, 30.0, 12.307692307692307, 18.076923076923077, 56.53846153846154, 11.666666666666664, 10.0, 20.0, 20.0, 1.6666666666666714]

Current fitness of particle 11
: [44.61538461538461, 22.307692307692307, 12.307692307692307, 5.0, 5.0, 78.33333333333334, 6.666666666666664, 20.0, 30.0, 35.0]

Current fitness of particle 12
: [16.923076923076923, 30.0, 20.0, 64.23076923076923, 2.6923076923076925, 45.0, 10.0, 20.0, 3.3333333333333286, 18.333333333333336]

Current fitness of particle 13
: [9.23076923076923, 22.307692307692307, 20.0, 5.0, 56.53846153846154, 28.33333333333333, 10.0, 20.0, 13.333333333333336, 15.0]

Current fitness of particle 14
: [36.923076923076934, 30.0, 3.0769230769230766, 5.0, 5.0, 61.66666666666666, 10.0, 13.333333333333329, 30.0, 35.0]

[21.53846153846154, 30.0, 12.307692307692307, 25.76923076923077, 5.0, 28.33333333333333, 10.0, 3.3333333333333357, 20.0, 35.0]
[1, 1, 1, 1, 2, 2, 1, 2, 1, 1, 1, 1, 2, 1, 1, 3, 2, 2, 3, 4, 3, 2, 5, 4, 3, 3, 5, 2, 2, 4, 4, 2, 5, 5, 5, 4, 4, 2, 4, 4, 2, 5, 3, 2, 2]
Iteration 1
Best Fitness
[21.53846153846154, 30.0, 12.307692307692307, 25.76923076923077, 5.0, 28.33333333333333, 10.0, 3.3333333333333357, 20.0, 35.0]
Best Position
[1, 1, 1, 1, 2, 2, 1, 2, 1, 1, 1, 1, 2, 1, 1, 3, 2, 2, 3, 4, 3, 2, 5, 4, 3, 3, 5, 2, 2, 4, 4, 2, 5, 5, 5, 4, 4, 2, 4, 4, 2, 5, 3, 2, 2]

-------------

Current fitness of particle 0
: [13.846153846153847, 30.0, 3.0769230769230766, 18.076923076923077, 5.0, 28.33333333333333, 10.0, 3.3333333333333357, 3.3333333333333286, 18.333333333333336]

Current fitness of particle 1
: [36.923076923076934, 30.0, 3.0769230769230766, 5.0, 5.0, 61.66666666666666, 6.666666666666664, 3.3333333333333357, 30.0, 35.0]

Current fitness of particle 2
: [36.923076923076934, 30.0, 4.615384615384615, 5.0, 2.6923076923076925, 61.66666666666666, 10.0, 13.333333333333329, 30.0, 35.0]

Current fitness of particle 3
: [36.923076923076934, 22.307692307692307, 4.615384615384615, 5.0, 5.0, 61.66666666666666, 6.666666666666664, 20.0, 30.0, 18.333333333333336]

Current fitness of particle 4
: [6.153846153846153, 6.923076923076923, 20.0, 25.76923076923077, 5.0, 11.666666666666664, 23.33333333333333, 20.0, 20.0, 35.0]

Current fitness of particle 5
: [6.153846153846153, 22.307692307692307, 12.307692307692307, 33.46153846153847, 5.0, 11.666666666666664, 6.666666666666664, 3.3333333333333357, 20.0, 35.0]

Current fitness of particle 6
: [24.615384615384613, 30.0, 20.0, 79.61538461538461, 5.0, 11.666666666666664, 10.0, 3.3333333333333357, 36.66666666666666, 35.0]

Current fitness of particle 7
: [32.30769230769231, 30.0, 12.307692307692307, 79.61538461538461, 5.0, 5.0, 10.0, 3.3333333333333357, 53.33333333333334, 35.0]

Current fitness of particle 8
: [36.923076923076934, 30.0, 3.0769230769230766, 5.0, 5.0, 61.66666666666666, 10.0, 13.333333333333329, 30.0, 35.0]

Current fitness of particle 9
: [1.538461538461533, 30.0, 12.307692307692307, 33.46153846153847, 10.384615384615385, 5.0, 6.666666666666664, 20.0, 20.0, 1.6666666666666714]

Current fitness of particle 10
: [9.23076923076923, 30.0, 4.615384615384615, 41.15384615384615, 2.6923076923076925, 61.66666666666666, 10.0, 3.3333333333333357, 13.333333333333336, 35.0]

Current fitness of particle 11
: [13.846153846153847, 14.615384615384615, 12.307692307692307, 18.076923076923077, 5.0, 28.33333333333333, 6.666666666666664, 20.0, 3.3333333333333286, 18.333333333333336]

Current fitness of particle 12
: [6.153846153846153, 30.0, 4.615384615384615, 33.46153846153847, 5.0, 45.0, 10.0, 3.3333333333333357, 3.3333333333333286, 35.0]

Current fitness of particle 13
: [6.153846153846153, 30.0, 3.0769230769230766, 25.76923076923077, 5.0, 11.666666666666664, 10.0, 3.3333333333333357, 36.66666666666666, 35.0]

Current fitness of particle 14
: [36.923076923076934, 14.615384615384615, 12.307692307692307, 5.0, 5.0, 61.66666666666666, 6.666666666666664, 3.3333333333333357, 30.0, 35.0]

[21.53846153846154, 30.0, 12.307692307692307, 25.76923076923077, 5.0, 28.33333333333333, 10.0, 3.3333333333333357, 20.0, 35.0]
[1, 1, 1, 1, 2, 2, 1, 3, 1, 1, 1, 1, 2, 1, 1, 1, 2, 3, 2, 5, 5, 1, 5, 5, 4, 4, 4, 3, 4, 3, 3, 2, 5, 2, 5, 3, 5, 2, 5, 3, 2, 4, 2, 1, 3]
particle 0 is updating position
due to fitness value of: 
[16.923076923076923, 22.307692307692307, 20.0, 41.15384615384615, 18.076923076923077, 11.666666666666664, 6.666666666666664, 20.0, 3.3333333333333286, 1.6666666666666714]
which is less than: 
[21.53846153846154, 30.0, 12.307692307692307, 25.76923076923077, 5.0, 28.33333333333333, 10.0, 3.3333333333333357, 20.0, 35.0]


[1, 1, 1, 1, 2, 2, 1, 3, 1, 1, 1, 1, 2, 1, 1, 1, 2, 3, 2, 5, 5, 1, 5, 5, 4, 4, 4, 3, 4, 3, 3, 2, 5, 2, 5, 3, 5, 2, 5, 3, 2, 4, 2, 1, 3]
[1, 1, 1, 1, 2, 2, 1, 3, 1, 1, 1, 1, 2, 1, 1, 1, 2, 3, 2, 5, 5, 1, 5, 5, 4, 4, 4, 3, 4, 3, 3, 2, 5, 2, 5, 3, 5, 2, 5, 3, 2, 4, 2, 1, 3]
Iteration 2
Best Fitness
[16.923076923076923, 22.307692307692307, 20.0, 41.15384615384615, 18.076923076923077, 11.666666666666664, 6.666666666666664, 20.0, 3.3333333333333286, 1.6666666666666714]
Best Position
[1, 1, 1, 1, 2, 2, 1, 3, 1, 1, 1, 1, 2, 1, 1, 1, 2, 3, 2, 5, 5, 1, 5, 5, 4, 4, 4, 3, 4, 3, 3, 2, 5, 2, 5, 3, 5, 2, 5, 3, 2, 4, 2, 1, 3]

-------------

Current fitness of particle 0
: [16.923076923076923, 22.307692307692307, 20.0, 41.15384615384615, 18.076923076923077, 11.666666666666664, 6.666666666666664, 20.0, 3.3333333333333286, 1.6666666666666714]

Current fitness of particle 1
: [9.23076923076923, 30.0, 20.0, 64.23076923076923, 5.0, 45.0, 10.0, 3.3333333333333357, 3.3333333333333286, 35.0]

Current fitness of particle 2
: [13.846153846153847, 22.307692307692307, 4.615384615384615, 18.076923076923077, 5.0, 28.33333333333333, 6.666666666666664, 3.3333333333333357, 3.3333333333333286, 35.0]

Current fitness of particle 3
: [40.0, 30.0, 4.615384615384615, 71.92307692307693, 2.6923076923076925, 5.0, 10.0, 3.3333333333333357, 36.66666666666666, 18.333333333333336]

Current fitness of particle 4
: [36.923076923076934, 30.0, 3.0769230769230766, 5.0, 5.0, 61.66666666666666, 10.0, 13.333333333333329, 30.0, 35.0]

Current fitness of particle 5
: [9.23076923076923, 30.0, 12.307692307692307, 25.76923076923077, 25.76923076923077, 28.33333333333333, 10.0, 13.333333333333329, 30.0, 1.6666666666666714]

Current fitness of particle 6
: [36.923076923076934, 30.0, 3.0769230769230766, 5.0, 5.0, 61.66666666666666, 10.0, 3.3333333333333357, 13.333333333333336, 35.0]

Current fitness of particle 7
: [24.615384615384613, 30.0, 12.307692307692307, 18.076923076923077, 48.84615384615385, 11.666666666666664, 10.0, 20.0, 20.0, 1.6666666666666714]

Current fitness of particle 8
: [36.923076923076934, 22.307692307692307, 4.615384615384615, 5.0, 5.0, 61.66666666666666, 6.666666666666664, 3.3333333333333357, 30.0, 35.0]

Current fitness of particle 9
: [9.23076923076923, 30.0, 20.0, 5.0, 64.23076923076923, 28.33333333333333, 10.0, 20.0, 30.0, 31.666666666666657]

Current fitness of particle 10
: [36.923076923076934, 30.0, 3.0769230769230766, 5.0, 5.0, 61.66666666666666, 10.0, 13.333333333333329, 30.0, 35.0]

Current fitness of particle 11
: [21.53846153846154, 30.0, 12.307692307692307, 2.6923076923076925, 18.076923076923077, 45.0, 10.0, 13.333333333333329, 30.0, 18.333333333333336]

Current fitness of particle 12
: [9.23076923076923, 30.0, 12.307692307692307, 25.76923076923077, 25.76923076923077, 28.33333333333333, 10.0, 13.333333333333329, 30.0, 1.6666666666666714]

Current fitness of particle 13
: [16.923076923076923, 30.0, 4.615384615384615, 33.46153846153847, 18.076923076923077, 28.33333333333333, 6.666666666666664, 3.3333333333333357, 30.0, 1.6666666666666714]

Current fitness of particle 14
: [29.230769230769226, 30.0, 12.307692307692307, 18.076923076923077, 5.0, 61.66666666666666, 10.0, 13.333333333333329, 30.0, 35.0]

[16.923076923076923, 22.307692307692307, 20.0, 41.15384615384615, 18.076923076923077, 11.666666666666664, 6.666666666666664, 20.0, 3.3333333333333286, 1.6666666666666714]
[1, 1, 1, 1, 2, 3, 1, 3, 1, 1, 1, 1, 2, 1, 1, 2, 3, 3, 1, 5, 5, 1, 1, 4, 5, 5, 4, 2, 4, 2, 4, 2, 5, 2, 5, 5, 1, 2, 5, 1, 4, 2, 2, 1, 4]
Iteration 3
Best Fitness
[16.923076923076923, 22.307692307692307, 20.0, 41.15384615384615, 18.076923076923077, 11.666666666666664, 6.666666666666664, 20.0, 3.3333333333333286, 1.6666666666666714]
Best Position
[1, 1, 1, 1, 2, 3, 1, 3, 1, 1, 1, 1, 2, 1, 1, 2, 3, 3, 1, 5, 5, 1, 1, 4, 5, 5, 4, 2, 4, 2, 4, 2, 5, 2, 5, 5, 1, 2, 5, 1, 4, 2, 2, 1, 4]

-------------

Current fitness of particle 0
: [1.538461538461533, 30.0, 20.0, 2.6923076923076925, 48.84615384615385, 28.33333333333333, 10.0, 3.3333333333333357, 13.333333333333336, 1.6666666666666714]

Current fitness of particle 1
: [1.538461538461533, 30.0, 3.0769230769230766, 33.46153846153847, 5.0, 11.666666666666664, 10.0, 13.333333333333329, 20.0, 35.0]

Current fitness of particle 2
: [9.23076923076923, 30.0, 12.307692307692307, 2.6923076923076925, 48.84615384615385, 45.0, 6.666666666666664, 20.0, 30.0, 1.6666666666666714]

Current fitness of particle 3
: [6.153846153846153, 30.0, 4.615384615384615, 25.76923076923077, 2.6923076923076925, 45.0, 10.0, 20.0, 20.0, 35.0]

Current fitness of particle 4
: [32.30769230769231, 30.0, 12.307692307692307, 71.92307692307693, 2.6923076923076925, 11.666666666666664, 10.0, 20.0, 53.33333333333334, 35.0]

Current fitness of particle 5
: [24.615384615384613, 30.0, 20.0, 18.076923076923077, 56.53846153846154, 11.666666666666664, 6.666666666666664, 20.0, 3.3333333333333286, 1.6666666666666714]

Current fitness of particle 6
: [6.153846153846153, 22.307692307692307, 4.615384615384615, 25.76923076923077, 5.0, 11.666666666666664, 6.666666666666664, 20.0, 20.0, 18.333333333333336]

Current fitness of particle 7
: [24.615384615384613, 30.0, 20.0, 71.92307692307693, 2.6923076923076925, 11.666666666666664, 10.0, 20.0, 53.33333333333334, 35.0]

Current fitness of particle 8
: [13.846153846153847, 30.0, 4.615384615384615, 25.76923076923077, 5.0, 28.33333333333333, 10.0, 20.0, 36.66666666666666, 35.0]

Current fitness of particle 9
: [16.923076923076923, 22.307692307692307, 20.0, 25.76923076923077, 33.46153846153847, 11.666666666666664, 23.33333333333333, 20.0, 30.0, 15.0]

Current fitness of particle 10
: [9.23076923076923, 30.0, 12.307692307692307, 2.6923076923076925, 48.84615384615385, 28.33333333333333, 10.0, 20.0, 3.3333333333333286, 1.6666666666666714]

Current fitness of particle 11
: [6.153846153846153, 30.0, 20.0, 41.15384615384615, 2.6923076923076925, 45.0, 10.0, 20.0, 20.0, 35.0]

Current fitness of particle 12
: [16.923076923076923, 22.307692307692307, 4.615384615384615, 25.76923076923077, 18.076923076923077, 11.666666666666664, 6.666666666666664, 20.0, 3.3333333333333286, 1.6666666666666714]

Current fitness of particle 13
: [24.615384615384613, 30.0, 20.0, 18.076923076923077, 56.53846153846154, 11.666666666666664, 10.0, 3.3333333333333357, 3.3333333333333286, 1.6666666666666714]

Current fitness of particle 14
: [9.23076923076923, 30.0, 12.307692307692307, 25.76923076923077, 25.76923076923077, 28.33333333333333, 10.0, 3.3333333333333357, 13.333333333333336, 1.6666666666666714]

[16.923076923076923, 22.307692307692307, 20.0, 41.15384615384615, 18.076923076923077, 11.666666666666664, 6.666666666666664, 20.0, 3.3333333333333286, 1.6666666666666714]
[1, 1, 1, 1, 2, 3, 1, 3, 1, 1, 1, 1, 2, 1, 1, 3, 3, 3, 1, 5, 5, 1, 2, 5, 5, 5, 3, 3, 4, 3, 5, 2, 5, 2, 5, 4, 2, 2, 5, 1, 4, 3, 1, 1, 5]
Iteration 4
Best Fitness
[16.923076923076923, 22.307692307692307, 20.0, 41.15384615384615, 18.076923076923077, 11.666666666666664, 6.666666666666664, 20.0, 3.3333333333333286, 1.6666666666666714]
Best Position
[1, 1, 1, 1, 2, 3, 1, 3, 1, 1, 1, 1, 2, 1, 1, 3, 3, 3, 1, 5, 5, 1, 2, 5, 5, 5, 3, 3, 4, 3, 5, 2, 5, 2, 5, 4, 2, 2, 5, 1, 4, 3, 1, 1, 5]

-------------

Current fitness of particle 0
: [9.23076923076923, 30.0, 20.0, 2.6923076923076925, 56.53846153846154, 28.33333333333333, 10.0, 20.0, 13.333333333333336, 15.0]

Current fitness of particle 1
: [16.923076923076923, 22.307692307692307, 20.0, 25.76923076923077, 33.46153846153847, 11.666666666666664, 6.666666666666664, 20.0, 30.0, 31.666666666666657]

Current fitness of particle 2
: [16.923076923076923, 30.0, 20.0, 2.6923076923076925, 64.23076923076923, 28.33333333333333, 10.0, 20.0, 13.333333333333336, 15.0]

Current fitness of particle 3
: [9.23076923076923, 30.0, 12.307692307692307, 5.0, 56.53846153846154, 28.33333333333333, 10.0, 20.0, 13.333333333333336, 15.0]

Current fitness of particle 4
: [24.615384615384613, 30.0, 12.307692307692307, 33.46153846153847, 33.46153846153847, 28.33333333333333, 10.0, 3.3333333333333357, 30.0, 15.0]

Current fitness of particle 5
: [9.23076923076923, 30.0, 12.307692307692307, 33.46153846153847, 18.076923076923077, 28.33333333333333, 10.0, 13.333333333333329, 30.0, 1.6666666666666714]

Current fitness of particle 6
: [9.23076923076923, 30.0, 20.0, 2.6923076923076925, 56.53846153846154, 28.33333333333333, 10.0, 20.0, 30.0, 31.666666666666657]

Current fitness of particle 7
: [9.23076923076923, 30.0, 12.307692307692307, 33.46153846153847, 18.076923076923077, 28.33333333333333, 10.0, 3.3333333333333357, 30.0, 15.0]

Current fitness of particle 8
: [9.23076923076923, 30.0, 20.0, 5.0, 64.23076923076923, 28.33333333333333, 10.0, 20.0, 30.0, 31.666666666666657]

Current fitness of particle 9
: [9.23076923076923, 30.0, 20.0, 2.6923076923076925, 56.53846153846154, 28.33333333333333, 10.0, 20.0, 13.333333333333336, 15.0]

Current fitness of particle 10
: [9.23076923076923, 30.0, 20.0, 5.0, 64.23076923076923, 28.33333333333333, 10.0, 20.0, 30.0, 31.666666666666657]

Current fitness of particle 11
: [24.615384615384613, 22.307692307692307, 20.0, 41.15384615384615, 25.76923076923077, 11.666666666666664, 6.666666666666664, 20.0, 30.0, 31.666666666666657]

Current fitness of particle 12
: [9.23076923076923, 30.0, 20.0, 5.0, 64.23076923076923, 28.33333333333333, 10.0, 20.0, 30.0, 31.666666666666657]

Current fitness of particle 13
: [9.23076923076923, 30.0, 12.307692307692307, 33.46153846153847, 18.076923076923077, 28.33333333333333, 6.666666666666664, 3.3333333333333357, 30.0, 1.6666666666666714]

Current fitness of particle 14
: [16.923076923076923, 22.307692307692307, 20.0, 33.46153846153847, 25.76923076923077, 11.666666666666664, 6.666666666666664, 20.0, 13.333333333333336, 15.0]

[16.923076923076923, 22.307692307692307, 20.0, 41.15384615384615, 18.076923076923077, 11.666666666666664, 6.666666666666664, 20.0, 3.3333333333333286, 1.6666666666666714]
[1, 1, 1, 1, 2, 3, 1, 3, 1, 1, 1, 1, 2, 1, 1, 3, 3, 3, 1, 5, 5, 1, 3, 5, 5, 5, 2, 4, 4, 4, 5, 2, 5, 2, 5, 4, 3, 2, 5, 1, 4, 4, 1, 1, 5]
