particle 0 is updating position
due to fitness value of: 
[40.0, 30.0, 3.3333333333333357, 39.44444444444444, 33.88888888888889, 5.0, 10.0, 13.333333333333332, 36.66666666666666, 8.333333333333332]
which is less than: 
null


[0.6222536703023245, 0.735564824452913, 0.20300164640240503, 0.9970922533206927, 0.2593582674331155, 0.649254054131553, 0.26156388396113195, 0.6598025127575516, 0.5821257048145824, 0.9533937589219212, 0.1200406916860276, 0.8041006073631962, 0.4430821002973825, 0.09042572047328501, 0.3472277203780769, 0.2830847984170356, 77.0, 22.0, 70.0, 77.0, 0.001, 32.0, 40.0, 5.0, 86.0, 65.0, 98.0]
[0.6222536703023245, 0.735564824452913, 0.20300164640240503, 0.9970922533206927, 0.2593582674331155, 0.649254054131553, 0.26156388396113195, 0.6598025127575516, 0.5821257048145824, 0.9533937589219212, 0.1200406916860276, 0.8041006073631962, 0.4430821002973825, 0.09042572047328501, 0.3472277203780769, 0.2830847984170356, 77.0, 22.0, 70.0, 77.0, 0.001, 32.0, 40.0, 5.0, 86.0, 65.0, 98.0]
particle 1 is updating position
due to fitness value of: 
[40.0, 24.444444444444443, 8.88888888888889, 72.77777777777779, 0.5555555555555554, 5.0, 3.333333333333333, 13.333333333333332, 23.333333333333336, 1.6666666666666714]
which is less than: 
[40.0, 30.0, 3.3333333333333357, 39.44444444444444, 33.88888888888889, 5.0, 10.0, 13.333333333333332, 36.66666666666666, 8.333333333333332]


[0.876431532484189, 0.3589725746810045, 0.406473275209837, 0.6877707232383288, 0.6360403794003208, 0.6262398928371565, 0.9813953611604334, 0.5172212430660088, 0.44539340865895105, 0.6865568389787798, 0.7106674019998264, 0.8434823111249864, 0.926001797924936, 0.3636155941901954, 0.9819459316858038, 0.9483466022622924, 21.0, 84.0, 86.0, 67.0, 5.0, 5.0, 49.0, 4.0, 40.0, 50.0, 18.0]
[0.876431532484189, 0.3589725746810045, 0.406473275209837, 0.6877707232383288, 0.6360403794003208, 0.6262398928371565, 0.9813953611604334, 0.5172212430660088, 0.44539340865895105, 0.6865568389787798, 0.7106674019998264, 0.8434823111249864, 0.926001797924936, 0.3636155941901954, 0.9819459316858038, 0.9483466022622924, 21.0, 84.0, 86.0, 67.0, 5.0, 5.0, 49.0, 4.0, 40.0, 50.0, 18.0]
Iteration 0
Best Fitness
[40.0, 24.444444444444443, 8.88888888888889, 72.77777777777779, 0.5555555555555554, 5.0, 3.333333333333333, 13.333333333333332, 23.333333333333336, 1.6666666666666714]
Best Position
[0.876431532484189, 0.3589725746810045, 0.406473275209837, 0.6877707232383288, 0.6360403794003208, 0.6262398928371565, 0.9813953611604334, 0.5172212430660088, 0.44539340865895105, 0.6865568389787798, 0.7106674019998264, 0.8434823111249864, 0.926001797924936, 0.3636155941901954, 0.9819459316858038, 0.9483466022622924, 21.0, 84.0, 86.0, 67.0, 5.0, 5.0, 49.0, 4.0, 40.0, 50.0, 18.0]

-------------

Current fitness of particle 0:
 [40.0, 30.0, 3.3333333333333357, 39.44444444444444, 33.88888888888889, 5.0, 10.0, 13.333333333333332, 36.66666666666666, 8.333333333333332]

Current fitness of particle 1:
 [40.0, 24.444444444444443, 8.88888888888889, 72.77777777777779, 0.5555555555555554, 5.0, 3.333333333333333, 13.333333333333332, 23.333333333333336, 1.6666666666666714]

Current fitness of particle 2:
 [40.0, 30.0, 3.3333333333333357, 5.0, 78.33333333333334, 5.0, 10.0, 6.666666666666666, 30.0, 51.66666666666667]

Current fitness of particle 3:
 [40.0, 30.0, 14.444444444444445, 5.0, 89.44444444444444, 5.0, 10.0, 13.333333333333332, 30.0, 58.33333333333333]

Current fitness of particle 4:
 [40.0, 24.444444444444443, 20.0, 5.0, 89.44444444444444, 5.0, 3.333333333333333, 20.0, 30.0, 58.33333333333333]

Current fitness of particle 5:
 [40.0, 30.0, 20.0, 5.0, 95.0, 5.0, 10.0, 20.0, 30.0, 65.0]

Current fitness of particle 6:
 [17.77777777777778, 30.0, 3.3333333333333357, 56.111111111111114, 5.0, 28.33333333333333, 10.0, 13.333333333333329, 3.3333333333333286, 35.0]

Current fitness of particle 7:
 [43.33333333333334, 30.0, 3.3333333333333357, 5.0, 5.0, 61.66666666666666, 10.0, 13.333333333333329, 30.0, 35.0]

Current fitness of particle 8:
 [43.33333333333334, 30.0, 3.3333333333333357, 5.0, 5.0, 61.66666666666666, 10.0, 13.333333333333329, 30.0, 35.0]

Current fitness of particle 9:
 [34.44444444444444, 30.0, 14.444444444444445, 5.0, 83.88888888888889, 8.333333333333334, 10.0, 0.0, 23.333333333333332, 25.0]

Current fitness of particle 10:
 [43.33333333333334, 30.0, 3.3333333333333357, 5.0, 5.0, 61.66666666666666, 10.0, 13.333333333333329, 30.0, 35.0]

Current fitness of particle 11:
 [40.0, 30.0, 20.0, 0.5555555555555554, 89.44444444444444, 5.0, 10.0, 20.0, 23.333333333333332, 58.33333333333333]

Current fitness of particle 12:
 [34.44444444444444, 30.0, 8.88888888888889, 78.33333333333334, 5.0, 21.666666666666668, 10.0, 6.666666666666668, 16.666666666666664, 35.0]

Current fitness of particle 13:
 [34.44444444444444, 30.0, 14.444444444444445, 5.0, 83.88888888888889, 15.0, 10.0, 0.0, 30.0, 25.0]

Current fitness of particle 14:
 [34.44444444444444, 30.0, 3.3333333333333357, 72.77777777777779, 5.0, 15.0, 3.333333333333333, 0.0, 23.333333333333336, 35.0]

[0.876431532484189, 0.3589725746810045, 0.406473275209837, 0.6877707232383288, 0.6360403794003208, 0.6262398928371565, 0.9813953611604334, 0.5172212430660088, 0.44539340865895105, 0.6865568389787798, 0.7106674019998264, 0.8434823111249864, 0.926001797924936, 0.3636155941901954, 0.9819459316858038, 0.9483466022622924, 21.0, 84.0, 86.0, 67.0, 5.0, 5.0, 49.0, 4.0, 40.0, 50.0, 18.0]
[0.876431532484189, 0.3589725746810045, 0.406473275209837, 0.6877707232383288, 0.6360403794003208, 0.6262398928371565, 0.9813953611604334, 0.5172212430660088, 0.44539340865895105, 0.6865568389787798, 0.7106674019998264, 0.8434823111249864, 0.926001797924936, 0.3636155941901954, 0.9819459316858038, 0.9483466022622924, 21.0, 84.0, 86.0, 67.0, 5.0, 5.0, 49.0, 4.0, 40.0, 50.0, 18.0]
[0.876431532484189, 0.3589725746810045, 0.406473275209837, 0.6877707232383288, 0.6360403794003208, 0.6262398928371565, 0.9813953611604334, 0.5172212430660088, 0.44539340865895105, 0.6865568389787798, 0.7106674019998264, 0.8434823111249864, 0.926001797924936, 0.3636155941901954, 0.9819459316858038, 0.9483466022622924, 21.0, 84.0, 86.0, 67.0, 5.0, 5.0, 49.0, 4.0, 40.0, 50.0, 18.0]
[0.876431532484189, 0.3589725746810045, 0.406473275209837, 0.6877707232383288, 0.6360403794003208, 0.6262398928371565, 0.9813953611604334, 0.5172212430660088, 0.44539340865895105, 0.6865568389787798, 0.7106674019998264, 0.8434823111249864, 0.926001797924936, 0.3636155941901954, 0.9819459316858038, 0.9483466022622924, 21.0, 84.0, 86.0, 67.0, 5.0, 5.0, 49.0, 4.0, 40.0, 50.0, 18.0]
[0.876431532484189, 0.3589725746810045, 0.406473275209837, 0.6877707232383288, 0.6360403794003208, 0.6262398928371565, 0.9813953611604334, 0.5172212430660088, 0.44539340865895105, 0.6865568389787798, 0.7106674019998264, 0.8434823111249864, 0.926001797924936, 0.3636155941901954, 0.9819459316858038, 0.9483466022622924, 21.0, 84.0, 86.0, 67.0, 5.0, 5.0, 49.0, 4.0, 40.0, 50.0, 18.0]
[0.876431532484189, 0.3589725746810045, 0.406473275209837, 0.6877707232383288, 0.6360403794003208, 0.6262398928371565, 0.9813953611604334, 0.5172212430660088, 0.44539340865895105, 0.6865568389787798, 0.7106674019998264, 0.8434823111249864, 0.926001797924936, 0.3636155941901954, 0.9819459316858038, 0.9483466022622924, 21.0, 84.0, 86.0, 67.0, 5.0, 5.0, 49.0, 4.0, 40.0, 50.0, 18.0]
[0.876431532484189, 0.3589725746810045, 0.406473275209837, 0.6877707232383288, 0.6360403794003208, 0.6262398928371565, 0.9813953611604334, 0.5172212430660088, 0.44539340865895105, 0.6865568389787798, 0.7106674019998264, 0.8434823111249864, 0.926001797924936, 0.3636155941901954, 0.9819459316858038, 0.9483466022622924, 21.0, 84.0, 86.0, 67.0, 5.0, 5.0, 49.0, 4.0, 40.0, 50.0, 18.0]
[0.876431532484189, 0.3589725746810045, 0.406473275209837, 0.6877707232383288, 0.6360403794003208, 0.6262398928371565, 0.9813953611604334, 0.5172212430660088, 0.44539340865895105, 0.6865568389787798, 0.7106674019998264, 0.8434823111249864, 0.926001797924936, 0.3636155941901954, 0.9819459316858038, 0.9483466022622924, 21.0, 84.0, 86.0, 67.0, 5.0, 5.0, 49.0, 4.0, 40.0, 50.0, 18.0]
[0.876431532484189, 0.3589725746810045, 0.406473275209837, 0.6877707232383288, 0.6360403794003208, 0.6262398928371565, 0.9813953611604334, 0.5172212430660088, 0.44539340865895105, 0.6865568389787798, 0.7106674019998264, 0.8434823111249864, 0.926001797924936, 0.3636155941901954, 0.9819459316858038, 0.9483466022622924, 21.0, 84.0, 86.0, 67.0, 5.0, 5.0, 49.0, 4.0, 40.0, 50.0, 18.0]
[0.876431532484189, 0.3589725746810045, 0.406473275209837, 0.6877707232383288, 0.6360403794003208, 0.6262398928371565, 0.9813953611604334, 0.5172212430660088, 0.44539340865895105, 0.6865568389787798, 0.7106674019998264, 0.8434823111249864, 0.926001797924936, 0.3636155941901954, 0.9819459316858038, 0.9483466022622924, 21.0, 84.0, 86.0, 67.0, 5.0, 5.0, 49.0, 4.0, 40.0, 50.0, 18.0]
[0.876431532484189, 0.3589725746810045, 0.406473275209837, 0.6877707232383288, 0.6360403794003208, 0.6262398928371565, 0.9813953611604334, 0.5172212430660088, 0.44539340865895105, 0.6865568389787798, 0.7106674019998264, 0.8434823111249864, 0.926001797924936, 0.3636155941901954, 0.9819459316858038, 0.9483466022622924, 21.0, 84.0, 86.0, 67.0, 5.0, 5.0, 49.0, 4.0, 40.0, 50.0, 18.0]
[0.876431532484189, 0.3589725746810045, 0.406473275209837, 0.6877707232383288, 0.6360403794003208, 0.6262398928371565, 0.9813953611604334, 0.5172212430660088, 0.44539340865895105, 0.6865568389787798, 0.7106674019998264, 0.8434823111249864, 0.926001797924936, 0.3636155941901954, 0.9819459316858038, 0.9483466022622924, 21.0, 84.0, 86.0, 67.0, 5.0, 5.0, 49.0, 4.0, 40.0, 50.0, 18.0]
[0.876431532484189, 0.3589725746810045, 0.406473275209837, 0.6877707232383288, 0.6360403794003208, 0.6262398928371565, 0.9813953611604334, 0.5172212430660088, 0.44539340865895105, 0.6865568389787798, 0.7106674019998264, 0.8434823111249864, 0.926001797924936, 0.3636155941901954, 0.9819459316858038, 0.9483466022622924, 21.0, 84.0, 86.0, 67.0, 5.0, 5.0, 49.0, 4.0, 40.0, 50.0, 18.0]
[0.876431532484189, 0.3589725746810045, 0.406473275209837, 0.6877707232383288, 0.6360403794003208, 0.6262398928371565, 0.9813953611604334, 0.5172212430660088, 0.44539340865895105, 0.6865568389787798, 0.7106674019998264, 0.8434823111249864, 0.926001797924936, 0.3636155941901954, 0.9819459316858038, 0.9483466022622924, 21.0, 84.0, 86.0, 67.0, 5.0, 5.0, 49.0, 4.0, 40.0, 50.0, 18.0]
[0.876431532484189, 0.3589725746810045, 0.406473275209837, 0.6877707232383288, 0.6360403794003208, 0.6262398928371565, 0.9813953611604334, 0.5172212430660088, 0.44539340865895105, 0.6865568389787798, 0.7106674019998264, 0.8434823111249864, 0.926001797924936, 0.3636155941901954, 0.9819459316858038, 0.9483466022622924, 21.0, 84.0, 86.0, 67.0, 5.0, 5.0, 49.0, 4.0, 40.0, 50.0, 18.0]
[40.0, 24.444444444444443, 8.88888888888889, 72.77777777777779, 0.5555555555555554, 5.0, 3.333333333333333, 13.333333333333332, 23.333333333333336, 1.6666666666666714]
[0.876431532484189, 0.3589725746810045, 0.406473275209837, 0.6877707232383288, 0.6360403794003208, 0.6262398928371565, 0.9813953611604334, 0.5172212430660088, 0.44539340865895105, 0.6865568389787798, 0.7106674019998264, 0.8434823111249864, 0.926001797924936, 0.3636155941901954, 0.9819459316858038, 0.9483466022622924, 21.0, 84.0, 86.0, 67.0, 5.0, 5.0, 49.0, 4.0, 40.0, 50.0, 18.0]
particle 1 is updating position
due to fitness value of: 
[40.0, 24.444444444444443, 8.88888888888889, 72.77777777777779, 0.5555555555555554, 5.0, 3.333333333333333, 13.333333333333332, 23.333333333333336, 1.6666666666666714]
which is less than: 
[40.0, 24.444444444444443, 8.88888888888889, 72.77777777777779, 0.5555555555555554, 5.0, 3.333333333333333, 13.333333333333332, 23.333333333333336, 1.6666666666666714]


[0.876431532484189, 0.3589725746810045, 0.406473275209837, 0.6877707232383288, 0.6360403794003208, 0.6262398928371565, 0.9813953611604334, 0.5172212430660088, 0.44539340865895105, 0.6865568389787798, 0.7106674019998264, 0.8434823111249864, 0.926001797924936, 0.3636155941901954, 0.9819459316858038, 0.9483466022622924, 21.0, 84.0, 86.0, 67.0, 5.0, 5.0, 49.0, 4.0, 40.0, 50.0, 18.0]
[0.876431532484189, 0.3589725746810045, 0.406473275209837, 0.6877707232383288, 0.6360403794003208, 0.6262398928371565, 0.9813953611604334, 0.5172212430660088, 0.44539340865895105, 0.6865568389787798, 0.7106674019998264, 0.8434823111249864, 0.926001797924936, 0.3636155941901954, 0.9819459316858038, 0.9483466022622924, 21.0, 84.0, 86.0, 67.0, 5.0, 5.0, 49.0, 4.0, 40.0, 50.0, 18.0]
Iteration 1
Best Fitness
[40.0, 24.444444444444443, 8.88888888888889, 72.77777777777779, 0.5555555555555554, 5.0, 3.333333333333333, 13.333333333333332, 23.333333333333336, 1.6666666666666714]
Best Position
[0.876431532484189, 0.3589725746810045, 0.406473275209837, 0.6877707232383288, 0.6360403794003208, 0.6262398928371565, 0.9813953611604334, 0.5172212430660088, 0.44539340865895105, 0.6865568389787798, 0.7106674019998264, 0.8434823111249864, 0.926001797924936, 0.3636155941901954, 0.9819459316858038, 0.9483466022622924, 21.0, 84.0, 86.0, 67.0, 5.0, 5.0, 49.0, 4.0, 40.0, 50.0, 18.0]

-------------

Current fitness of particle 0:
 [40.0, 30.0, 20.0, 78.33333333333334, 11.666666666666664, 5.0, 10.0, 20.0, 30.0, 5.0]

Current fitness of particle 1:
 [40.0, 24.444444444444443, 8.88888888888889, 72.77777777777779, 0.5555555555555554, 5.0, 3.333333333333333, 13.333333333333332, 23.333333333333336, 1.6666666666666714]

Current fitness of particle 2:
 [40.0, 30.0, 20.0, 5.0, 95.0, 5.0, 10.0, 20.0, 30.0, 65.0]

Current fitness of particle 3:
 [40.0, 30.0, 20.0, 17.22222222222222, 72.77777777777779, 5.0, 10.0, 20.0, 16.666666666666664, 18.333333333333336]

Current fitness of particle 4:
 [40.0, 30.0, 20.0, 5.0, 95.0, 5.0, 10.0, 20.0, 30.0, 65.0]

Current fitness of particle 5:
 [40.0, 30.0, 20.0, 5.0, 95.0, 5.0, 10.0, 20.0, 30.0, 65.0]

Current fitness of particle 6:
 [40.0, 30.0, 20.0, 5.0, 95.0, 5.0, 10.0, 20.0, 30.0, 65.0]

Current fitness of particle 7:
 [40.0, 30.0, 20.0, 5.0, 95.0, 5.0, 10.0, 20.0, 30.0, 65.0]

Current fitness of particle 8:
 [40.0, 30.0, 20.0, 5.0, 95.0, 5.0, 10.0, 20.0, 30.0, 65.0]

Current fitness of particle 9:
 [40.0, 30.0, 20.0, 5.0, 95.0, 5.0, 10.0, 20.0, 30.0, 65.0]

Current fitness of particle 10:
 [40.0, 30.0, 20.0, 11.666666666666664, 78.33333333333334, 5.0, 10.0, 20.0, 16.666666666666664, 51.66666666666667]

Current fitness of particle 11:
 [40.0, 30.0, 20.0, 5.0, 95.0, 5.0, 10.0, 20.0, 30.0, 65.0]

Current fitness of particle 12:
 [40.0, 30.0, 20.0, 0.5555555555555554, 89.44444444444444, 5.0, 10.0, 20.0, 3.3333333333333286, 31.666666666666657]

Current fitness of particle 13:
 [40.0, 30.0, 20.0, 5.0, 95.0, 5.0, 10.0, 20.0, 30.0, 65.0]

Current fitness of particle 14:
 [40.0, 30.0, 20.0, 0.5555555555555554, 89.44444444444444, 5.0, 10.0, 20.0, 3.3333333333333286, 31.666666666666657]

[0.876431532484189, 0.3589725746810045, 0.406473275209837, 0.6877707232383288, 0.6360403794003208, 0.6262398928371565, 0.9813953611604334, 0.5172212430660088, 0.44539340865895105, 0.6865568389787798, 0.7106674019998264, 0.8434823111249864, 0.926001797924936, 0.3636155941901954, 0.9819459316858038, 0.9483466022622924, 21.0, 84.0, 86.0, 67.0, 5.0, 5.0, 49.0, 4.0, 40.0, 50.0, 18.0]
[0.876431532484189, 0.3589725746810045, 0.406473275209837, 0.6877707232383288, 0.6360403794003208, 0.6262398928371565, 0.9813953611604334, 0.5172212430660088, 0.44539340865895105, 0.6865568389787798, 0.7106674019998264, 0.8434823111249864, 0.926001797924936, 0.3636155941901954, 0.9819459316858038, 0.9483466022622924, 21.0, 84.0, 86.0, 67.0, 5.0, 5.0, 49.0, 4.0, 40.0, 50.0, 18.0]
[0.876431532484189, 0.3589725746810045, 0.406473275209837, 0.6877707232383288, 0.6360403794003208, 0.6262398928371565, 0.9813953611604334, 0.5172212430660088, 0.44539340865895105, 0.6865568389787798, 0.7106674019998264, 0.8434823111249864, 0.926001797924936, 0.3636155941901954, 0.9819459316858038, 0.9483466022622924, 21.0, 84.0, 86.0, 67.0, 5.0, 5.0, 49.0, 4.0, 40.0, 50.0, 18.0]
[0.876431532484189, 0.3589725746810045, 0.406473275209837, 0.6877707232383288, 0.6360403794003208, 0.6262398928371565, 0.9813953611604334, 0.5172212430660088, 0.44539340865895105, 0.6865568389787798, 0.7106674019998264, 0.8434823111249864, 0.926001797924936, 0.3636155941901954, 0.9819459316858038, 0.9483466022622924, 21.0, 84.0, 86.0, 67.0, 5.0, 5.0, 49.0, 4.0, 40.0, 50.0, 18.0]
[0.876431532484189, 0.3589725746810045, 0.406473275209837, 0.6877707232383288, 0.6360403794003208, 0.6262398928371565, 0.9813953611604334, 0.5172212430660088, 0.44539340865895105, 0.6865568389787798, 0.7106674019998264, 0.8434823111249864, 0.926001797924936, 0.3636155941901954, 0.9819459316858038, 0.9483466022622924, 21.0, 84.0, 86.0, 67.0, 5.0, 5.0, 49.0, 4.0, 40.0, 50.0, 18.0]
[0.876431532484189, 0.3589725746810045, 0.406473275209837, 0.6877707232383288, 0.6360403794003208, 0.6262398928371565, 0.9813953611604334, 0.5172212430660088, 0.44539340865895105, 0.6865568389787798, 0.7106674019998264, 0.8434823111249864, 0.926001797924936, 0.3636155941901954, 0.9819459316858038, 0.9483466022622924, 21.0, 84.0, 86.0, 67.0, 5.0, 5.0, 49.0, 4.0, 40.0, 50.0, 18.0]
[0.876431532484189, 0.3589725746810045, 0.406473275209837, 0.6877707232383288, 0.6360403794003208, 0.6262398928371565, 0.9813953611604334, 0.5172212430660088, 0.44539340865895105, 0.6865568389787798, 0.7106674019998264, 0.8434823111249864, 0.926001797924936, 0.3636155941901954, 0.9819459316858038, 0.9483466022622924, 21.0, 84.0, 86.0, 67.0, 5.0, 5.0, 49.0, 4.0, 40.0, 50.0, 18.0]
[0.876431532484189, 0.3589725746810045, 0.406473275209837, 0.6877707232383288, 0.6360403794003208, 0.6262398928371565, 0.9813953611604334, 0.5172212430660088, 0.44539340865895105, 0.6865568389787798, 0.7106674019998264, 0.8434823111249864, 0.926001797924936, 0.3636155941901954, 0.9819459316858038, 0.9483466022622924, 21.0, 84.0, 86.0, 67.0, 5.0, 5.0, 49.0, 4.0, 40.0, 50.0, 18.0]
[0.876431532484189, 0.3589725746810045, 0.406473275209837, 0.6877707232383288, 0.6360403794003208, 0.6262398928371565, 0.9813953611604334, 0.5172212430660088, 0.44539340865895105, 0.6865568389787798, 0.7106674019998264, 0.8434823111249864, 0.926001797924936, 0.3636155941901954, 0.9819459316858038, 0.9483466022622924, 21.0, 84.0, 86.0, 67.0, 5.0, 5.0, 49.0, 4.0, 40.0, 50.0, 18.0]
[0.876431532484189, 0.3589725746810045, 0.406473275209837, 0.6877707232383288, 0.6360403794003208, 0.6262398928371565, 0.9813953611604334, 0.5172212430660088, 0.44539340865895105, 0.6865568389787798, 0.7106674019998264, 0.8434823111249864, 0.926001797924936, 0.3636155941901954, 0.9819459316858038, 0.9483466022622924, 21.0, 84.0, 86.0, 67.0, 5.0, 5.0, 49.0, 4.0, 40.0, 50.0, 18.0]
[0.876431532484189, 0.3589725746810045, 0.406473275209837, 0.6877707232383288, 0.6360403794003208, 0.6262398928371565, 0.9813953611604334, 0.5172212430660088, 0.44539340865895105, 0.6865568389787798, 0.7106674019998264, 0.8434823111249864, 0.926001797924936, 0.3636155941901954, 0.9819459316858038, 0.9483466022622924, 21.0, 84.0, 86.0, 67.0, 5.0, 5.0, 49.0, 4.0, 40.0, 50.0, 18.0]
[0.876431532484189, 0.3589725746810045, 0.406473275209837, 0.6877707232383288, 0.6360403794003208, 0.6262398928371565, 0.9813953611604334, 0.5172212430660088, 0.44539340865895105, 0.6865568389787798, 0.7106674019998264, 0.8434823111249864, 0.926001797924936, 0.3636155941901954, 0.9819459316858038, 0.9483466022622924, 21.0, 84.0, 86.0, 67.0, 5.0, 5.0, 49.0, 4.0, 40.0, 50.0, 18.0]
[0.876431532484189, 0.3589725746810045, 0.406473275209837, 0.6877707232383288, 0.6360403794003208, 0.6262398928371565, 0.9813953611604334, 0.5172212430660088, 0.44539340865895105, 0.6865568389787798, 0.7106674019998264, 0.8434823111249864, 0.926001797924936, 0.3636155941901954, 0.9819459316858038, 0.9483466022622924, 21.0, 84.0, 86.0, 67.0, 5.0, 5.0, 49.0, 4.0, 40.0, 50.0, 18.0]
[0.876431532484189, 0.3589725746810045, 0.406473275209837, 0.6877707232383288, 0.6360403794003208, 0.6262398928371565, 0.9813953611604334, 0.5172212430660088, 0.44539340865895105, 0.6865568389787798, 0.7106674019998264, 0.8434823111249864, 0.926001797924936, 0.3636155941901954, 0.9819459316858038, 0.9483466022622924, 21.0, 84.0, 86.0, 67.0, 5.0, 5.0, 49.0, 4.0, 40.0, 50.0, 18.0]
[0.876431532484189, 0.3589725746810045, 0.406473275209837, 0.6877707232383288, 0.6360403794003208, 0.6262398928371565, 0.9813953611604334, 0.5172212430660088, 0.44539340865895105, 0.6865568389787798, 0.7106674019998264, 0.8434823111249864, 0.926001797924936, 0.3636155941901954, 0.9819459316858038, 0.9483466022622924, 21.0, 84.0, 86.0, 67.0, 5.0, 5.0, 49.0, 4.0, 40.0, 50.0, 18.0]
[40.0, 24.444444444444443, 8.88888888888889, 72.77777777777779, 0.5555555555555554, 5.0, 3.333333333333333, 13.333333333333332, 23.333333333333336, 1.6666666666666714]
[0.876431532484189, 0.3589725746810045, 0.406473275209837, 0.6877707232383288, 0.6360403794003208, 0.6262398928371565, 0.9813953611604334, 0.5172212430660088, 0.44539340865895105, 0.6865568389787798, 0.7106674019998264, 0.8434823111249864, 0.926001797924936, 0.3636155941901954, 0.9819459316858038, 0.9483466022622924, 21.0, 84.0, 86.0, 67.0, 5.0, 5.0, 49.0, 4.0, 40.0, 50.0, 18.0]
particle 1 is updating position
due to fitness value of: 
[40.0, 24.444444444444443, 8.88888888888889, 72.77777777777779, 0.5555555555555554, 5.0, 3.333333333333333, 13.333333333333332, 23.333333333333336, 1.6666666666666714]
which is less than: 
[40.0, 24.444444444444443, 8.88888888888889, 72.77777777777779, 0.5555555555555554, 5.0, 3.333333333333333, 13.333333333333332, 23.333333333333336, 1.6666666666666714]


[0.876431532484189, 0.3589725746810045, 0.406473275209837, 0.6877707232383288, 0.6360403794003208, 0.6262398928371565, 0.9813953611604334, 0.5172212430660088, 0.44539340865895105, 0.6865568389787798, 0.7106674019998264, 0.8434823111249864, 0.926001797924936, 0.3636155941901954, 0.9819459316858038, 0.9483466022622924, 21.0, 84.0, 86.0, 67.0, 5.0, 5.0, 49.0, 4.0, 40.0, 50.0, 18.0]
[0.876431532484189, 0.3589725746810045, 0.406473275209837, 0.6877707232383288, 0.6360403794003208, 0.6262398928371565, 0.9813953611604334, 0.5172212430660088, 0.44539340865895105, 0.6865568389787798, 0.7106674019998264, 0.8434823111249864, 0.926001797924936, 0.3636155941901954, 0.9819459316858038, 0.9483466022622924, 21.0, 84.0, 86.0, 67.0, 5.0, 5.0, 49.0, 4.0, 40.0, 50.0, 18.0]
Iteration 2
Best Fitness
[40.0, 24.444444444444443, 8.88888888888889, 72.77777777777779, 0.5555555555555554, 5.0, 3.333333333333333, 13.333333333333332, 23.333333333333336, 1.6666666666666714]
Best Position
[0.876431532484189, 0.3589725746810045, 0.406473275209837, 0.6877707232383288, 0.6360403794003208, 0.6262398928371565, 0.9813953611604334, 0.5172212430660088, 0.44539340865895105, 0.6865568389787798, 0.7106674019998264, 0.8434823111249864, 0.926001797924936, 0.3636155941901954, 0.9819459316858038, 0.9483466022622924, 21.0, 84.0, 86.0, 67.0, 5.0, 5.0, 49.0, 4.0, 40.0, 50.0, 18.0]

-------------

Current fitness of particle 0:
 [40.0, 30.0, 20.0, 11.666666666666664, 78.33333333333334, 5.0, 10.0, 20.0, 16.666666666666664, 51.66666666666667]

Current fitness of particle 1:
 [40.0, 24.444444444444443, 8.88888888888889, 72.77777777777779, 0.5555555555555554, 5.0, 3.333333333333333, 13.333333333333332, 23.333333333333336, 1.6666666666666714]

Current fitness of particle 2:
 [40.0, 30.0, 20.0, 5.0, 95.0, 5.0, 10.0, 20.0, 30.0, 65.0]

Current fitness of particle 3:
 [40.0, 30.0, 20.0, 17.22222222222222, 72.77777777777779, 5.0, 10.0, 20.0, 16.666666666666664, 18.333333333333336]

Current fitness of particle 4:
 [40.0, 30.0, 20.0, 5.0, 95.0, 5.0, 10.0, 20.0, 30.0, 65.0]

Current fitness of particle 5:
 [40.0, 30.0, 20.0, 17.22222222222222, 72.77777777777779, 5.0, 10.0, 20.0, 16.666666666666664, 18.333333333333336]

Current fitness of particle 6:
 [40.0, 30.0, 20.0, 0.5555555555555554, 89.44444444444444, 5.0, 10.0, 20.0, 3.3333333333333286, 31.666666666666657]

Current fitness of particle 7:
 [40.0, 30.0, 20.0, 17.22222222222222, 72.77777777777779, 5.0, 10.0, 20.0, 16.666666666666664, 18.333333333333336]

Current fitness of particle 8:
 [40.0, 30.0, 20.0, 5.0, 95.0, 5.0, 10.0, 20.0, 30.0, 65.0]

Current fitness of particle 9:
 [40.0, 30.0, 20.0, 5.0, 95.0, 5.0, 10.0, 20.0, 30.0, 65.0]

Current fitness of particle 10:
 [40.0, 30.0, 20.0, 5.0, 95.0, 5.0, 10.0, 20.0, 30.0, 65.0]

Current fitness of particle 11:
 [40.0, 30.0, 20.0, 17.22222222222222, 72.77777777777779, 5.0, 10.0, 20.0, 16.666666666666664, 18.333333333333336]

Current fitness of particle 12:
 [40.0, 30.0, 20.0, 0.5555555555555554, 89.44444444444444, 5.0, 10.0, 20.0, 3.3333333333333286, 31.666666666666657]

Current fitness of particle 13:
 [34.44444444444444, 30.0, 20.0, 0.5555555555555554, 83.88888888888889, 15.0, 10.0, 6.666666666666666, 23.333333333333332, 25.0]

Current fitness of particle 14:
 [40.0, 30.0, 20.0, 5.0, 95.0, 5.0, 10.0, 20.0, 30.0, 65.0]

[0.876431532484189, 0.3589725746810045, 0.406473275209837, 0.6877707232383288, 0.6360403794003208, 0.6262398928371565, 0.9813953611604334, 0.5172212430660088, 0.44539340865895105, 0.6865568389787798, 0.7106674019998264, 0.8434823111249864, 0.926001797924936, 0.3636155941901954, 0.9819459316858038, 0.9483466022622924, 21.0, 84.0, 86.0, 67.0, 5.0, 5.0, 49.0, 4.0, 40.0, 50.0, 18.0]
[0.876431532484189, 0.3589725746810045, 0.406473275209837, 0.6877707232383288, 0.6360403794003208, 0.6262398928371565, 0.9813953611604334, 0.5172212430660088, 0.44539340865895105, 0.6865568389787798, 0.7106674019998264, 0.8434823111249864, 0.926001797924936, 0.3636155941901954, 0.9819459316858038, 0.9483466022622924, 21.0, 84.0, 86.0, 67.0, 5.0, 5.0, 49.0, 4.0, 40.0, 50.0, 18.0]
[0.876431532484189, 0.3589725746810045, 0.406473275209837, 0.6877707232383288, 0.6360403794003208, 0.6262398928371565, 0.9813953611604334, 0.5172212430660088, 0.44539340865895105, 0.6865568389787798, 0.7106674019998264, 0.8434823111249864, 0.926001797924936, 0.3636155941901954, 0.9819459316858038, 0.9483466022622924, 21.0, 84.0, 86.0, 67.0, 5.0, 5.0, 49.0, 4.0, 40.0, 50.0, 18.0]
[0.876431532484189, 0.3589725746810045, 0.406473275209837, 0.6877707232383288, 0.6360403794003208, 0.6262398928371565, 0.9813953611604334, 0.5172212430660088, 0.44539340865895105, 0.6865568389787798, 0.7106674019998264, 0.8434823111249864, 0.926001797924936, 0.3636155941901954, 0.9819459316858038, 0.9483466022622924, 21.0, 84.0, 86.0, 67.0, 5.0, 5.0, 49.0, 4.0, 40.0, 50.0, 18.0]
[0.876431532484189, 0.3589725746810045, 0.406473275209837, 0.6877707232383288, 0.6360403794003208, 0.6262398928371565, 0.9813953611604334, 0.5172212430660088, 0.44539340865895105, 0.6865568389787798, 0.7106674019998264, 0.8434823111249864, 0.926001797924936, 0.3636155941901954, 0.9819459316858038, 0.9483466022622924, 21.0, 84.0, 86.0, 67.0, 5.0, 5.0, 49.0, 4.0, 40.0, 50.0, 18.0]
[0.876431532484189, 0.3589725746810045, 0.406473275209837, 0.6877707232383288, 0.6360403794003208, 0.6262398928371565, 0.9813953611604334, 0.5172212430660088, 0.44539340865895105, 0.6865568389787798, 0.7106674019998264, 0.8434823111249864, 0.926001797924936, 0.3636155941901954, 0.9819459316858038, 0.9483466022622924, 21.0, 84.0, 86.0, 67.0, 5.0, 5.0, 49.0, 4.0, 40.0, 50.0, 18.0]
[0.876431532484189, 0.3589725746810045, 0.406473275209837, 0.6877707232383288, 0.6360403794003208, 0.6262398928371565, 0.9813953611604334, 0.5172212430660088, 0.44539340865895105, 0.6865568389787798, 0.7106674019998264, 0.8434823111249864, 0.926001797924936, 0.3636155941901954, 0.9819459316858038, 0.9483466022622924, 21.0, 84.0, 86.0, 67.0, 5.0, 5.0, 49.0, 4.0, 40.0, 50.0, 18.0]
[0.876431532484189, 0.3589725746810045, 0.406473275209837, 0.6877707232383288, 0.6360403794003208, 0.6262398928371565, 0.9813953611604334, 0.5172212430660088, 0.44539340865895105, 0.6865568389787798, 0.7106674019998264, 0.8434823111249864, 0.926001797924936, 0.3636155941901954, 0.9819459316858038, 0.9483466022622924, 21.0, 84.0, 86.0, 67.0, 5.0, 5.0, 49.0, 4.0, 40.0, 50.0, 18.0]
[0.876431532484189, 0.3589725746810045, 0.406473275209837, 0.6877707232383288, 0.6360403794003208, 0.6262398928371565, 0.9813953611604334, 0.5172212430660088, 0.44539340865895105, 0.6865568389787798, 0.7106674019998264, 0.8434823111249864, 0.926001797924936, 0.3636155941901954, 0.9819459316858038, 0.9483466022622924, 21.0, 84.0, 86.0, 67.0, 5.0, 5.0, 49.0, 4.0, 40.0, 50.0, 18.0]
[0.876431532484189, 0.3589725746810045, 0.406473275209837, 0.6877707232383288, 0.6360403794003208, 0.6262398928371565, 0.9813953611604334, 0.5172212430660088, 0.44539340865895105, 0.6865568389787798, 0.7106674019998264, 0.8434823111249864, 0.926001797924936, 0.3636155941901954, 0.9819459316858038, 0.9483466022622924, 21.0, 84.0, 86.0, 67.0, 5.0, 5.0, 49.0, 4.0, 40.0, 50.0, 18.0]
[0.876431532484189, 0.3589725746810045, 0.406473275209837, 0.6877707232383288, 0.6360403794003208, 0.6262398928371565, 0.9813953611604334, 0.5172212430660088, 0.44539340865895105, 0.6865568389787798, 0.7106674019998264, 0.8434823111249864, 0.926001797924936, 0.3636155941901954, 0.9819459316858038, 0.9483466022622924, 21.0, 84.0, 86.0, 67.0, 5.0, 5.0, 49.0, 4.0, 40.0, 50.0, 18.0]
[0.876431532484189, 0.3589725746810045, 0.406473275209837, 0.6877707232383288, 0.6360403794003208, 0.6262398928371565, 0.9813953611604334, 0.5172212430660088, 0.44539340865895105, 0.6865568389787798, 0.7106674019998264, 0.8434823111249864, 0.926001797924936, 0.3636155941901954, 0.9819459316858038, 0.9483466022622924, 21.0, 84.0, 86.0, 67.0, 5.0, 5.0, 49.0, 4.0, 40.0, 50.0, 18.0]
[0.876431532484189, 0.3589725746810045, 0.406473275209837, 0.6877707232383288, 0.6360403794003208, 0.6262398928371565, 0.9813953611604334, 0.5172212430660088, 0.44539340865895105, 0.6865568389787798, 0.7106674019998264, 0.8434823111249864, 0.926001797924936, 0.3636155941901954, 0.9819459316858038, 0.9483466022622924, 21.0, 84.0, 86.0, 67.0, 5.0, 5.0, 49.0, 4.0, 40.0, 50.0, 18.0]
[0.876431532484189, 0.3589725746810045, 0.406473275209837, 0.6877707232383288, 0.6360403794003208, 0.6262398928371565, 0.9813953611604334, 0.5172212430660088, 0.44539340865895105, 0.6865568389787798, 0.7106674019998264, 0.8434823111249864, 0.926001797924936, 0.3636155941901954, 0.9819459316858038, 0.9483466022622924, 21.0, 84.0, 86.0, 67.0, 5.0, 5.0, 49.0, 4.0, 40.0, 50.0, 18.0]
[0.876431532484189, 0.3589725746810045, 0.406473275209837, 0.6877707232383288, 0.6360403794003208, 0.6262398928371565, 0.9813953611604334, 0.5172212430660088, 0.44539340865895105, 0.6865568389787798, 0.7106674019998264, 0.8434823111249864, 0.926001797924936, 0.3636155941901954, 0.9819459316858038, 0.9483466022622924, 21.0, 84.0, 86.0, 67.0, 5.0, 5.0, 49.0, 4.0, 40.0, 50.0, 18.0]
[40.0, 24.444444444444443, 8.88888888888889, 72.77777777777779, 0.5555555555555554, 5.0, 3.333333333333333, 13.333333333333332, 23.333333333333336, 1.6666666666666714]
[0.876431532484189, 0.3589725746810045, 0.406473275209837, 0.6877707232383288, 0.6360403794003208, 0.6262398928371565, 0.9813953611604334, 0.5172212430660088, 0.44539340865895105, 0.6865568389787798, 0.7106674019998264, 0.8434823111249864, 0.926001797924936, 0.3636155941901954, 0.9819459316858038, 0.9483466022622924, 21.0, 84.0, 86.0, 67.0, 5.0, 5.0, 49.0, 4.0, 40.0, 50.0, 18.0]
particle 1 is updating position
due to fitness value of: 
[40.0, 24.444444444444443, 8.88888888888889, 72.77777777777779, 0.5555555555555554, 5.0, 3.333333333333333, 13.333333333333332, 23.333333333333336, 1.6666666666666714]
which is less than: 
[40.0, 24.444444444444443, 8.88888888888889, 72.77777777777779, 0.5555555555555554, 5.0, 3.333333333333333, 13.333333333333332, 23.333333333333336, 1.6666666666666714]


[0.876431532484189, 0.3589725746810045, 0.406473275209837, 0.6877707232383288, 0.6360403794003208, 0.6262398928371565, 0.9813953611604334, 0.5172212430660088, 0.44539340865895105, 0.6865568389787798, 0.7106674019998264, 0.8434823111249864, 0.926001797924936, 0.3636155941901954, 0.9819459316858038, 0.9483466022622924, 21.0, 84.0, 86.0, 67.0, 5.0, 5.0, 49.0, 4.0, 40.0, 50.0, 18.0]
[0.876431532484189, 0.3589725746810045, 0.406473275209837, 0.6877707232383288, 0.6360403794003208, 0.6262398928371565, 0.9813953611604334, 0.5172212430660088, 0.44539340865895105, 0.6865568389787798, 0.7106674019998264, 0.8434823111249864, 0.926001797924936, 0.3636155941901954, 0.9819459316858038, 0.9483466022622924, 21.0, 84.0, 86.0, 67.0, 5.0, 5.0, 49.0, 4.0, 40.0, 50.0, 18.0]
particle 14 is updating position
due to fitness value of: 
[40.0, 18.88888888888889, 14.444444444444445, 5.0, 78.33333333333334, 5.0, 3.333333333333333, 13.333333333333332, 30.0, 51.66666666666667]
which is less than: 
[40.0, 24.444444444444443, 8.88888888888889, 72.77777777777779, 0.5555555555555554, 5.0, 3.333333333333333, 13.333333333333332, 23.333333333333336, 1.6666666666666714]


[1.0, 0.001, 0.001, 1.0, 1.0, 0.2267946140164856, 1.0, 1.0, 1.0, 0.9358894014067689, 0.8189764044765966, 1.0, 1.0, 0.17974641498396415, 1.0, 1.0, 0.001, 100.0, 100.0, 100.0, 0.001, 0.001, 30.92595202661085, 0.001, 64.85126135882948, 53.71431188545618, 0.001]
[1.0, 0.001, 0.001, 1.0, 1.0, 0.2267946140164856, 1.0, 1.0, 1.0, 0.9358894014067689, 0.8189764044765966, 1.0, 1.0, 0.17974641498396415, 1.0, 1.0, 0.001, 100.0, 100.0, 100.0, 0.001, 0.001, 30.92595202661085, 0.001, 64.85126135882948, 53.71431188545618, 0.001]
Iteration 3
Best Fitness
[40.0, 18.88888888888889, 14.444444444444445, 5.0, 78.33333333333334, 5.0, 3.333333333333333, 13.333333333333332, 30.0, 51.66666666666667]
Best Position
[1.0, 0.001, 0.001, 1.0, 1.0, 0.2267946140164856, 1.0, 1.0, 1.0, 0.9358894014067689, 0.8189764044765966, 1.0, 1.0, 0.17974641498396415, 1.0, 1.0, 0.001, 100.0, 100.0, 100.0, 0.001, 0.001, 30.92595202661085, 0.001, 64.85126135882948, 53.71431188545618, 0.001]

-------------

Current fitness of particle 0:
 [40.0, 30.0, 20.0, 95.0, 5.0, 5.0, 10.0, 20.0, 70.0, 35.0]

Current fitness of particle 1:
 [40.0, 24.444444444444443, 8.88888888888889, 72.77777777777779, 0.5555555555555554, 5.0, 3.333333333333333, 13.333333333333332, 23.333333333333336, 1.6666666666666714]

Current fitness of particle 2:
 [40.0, 30.0, 20.0, 0.5555555555555554, 89.44444444444444, 5.0, 10.0, 20.0, 3.3333333333333286, 31.666666666666657]

Current fitness of particle 3:
 [40.0, 30.0, 20.0, 95.0, 5.0, 5.0, 10.0, 20.0, 70.0, 35.0]

Current fitness of particle 4:
 [34.44444444444444, 30.0, 14.444444444444445, 83.88888888888889, 5.0, 15.0, 10.0, 0.0, 23.333333333333336, 28.333333333333332]

Current fitness of particle 5:
 [40.0, 30.0, 20.0, 95.0, 5.0, 5.0, 10.0, 20.0, 70.0, 35.0]

Current fitness of particle 6:
 [40.0, 30.0, 20.0, 5.0, 95.0, 5.0, 10.0, 20.0, 30.0, 65.0]

Current fitness of particle 7:
 [40.0, 30.0, 20.0, 17.22222222222222, 72.77777777777779, 5.0, 10.0, 20.0, 16.666666666666664, 18.333333333333336]

Current fitness of particle 8:
 [40.0, 30.0, 20.0, 5.0, 95.0, 5.0, 10.0, 20.0, 30.0, 65.0]

Current fitness of particle 9:
 [40.0, 30.0, 20.0, 95.0, 5.0, 5.0, 10.0, 20.0, 70.0, 35.0]

Current fitness of particle 10:
 [40.0, 30.0, 20.0, 17.22222222222222, 72.77777777777779, 5.0, 10.0, 20.0, 16.666666666666664, 18.333333333333336]

Current fitness of particle 11:
 [40.0, 30.0, 20.0, 6.111111111111111, 83.88888888888889, 5.0, 10.0, 20.0, 23.333333333333332, 58.33333333333333]

Current fitness of particle 12:
 [40.0, 30.0, 20.0, 6.111111111111111, 83.88888888888889, 5.0, 10.0, 20.0, 10.0, 25.0]

Current fitness of particle 13:
 [40.0, 30.0, 20.0, 5.0, 95.0, 5.0, 10.0, 20.0, 30.0, 65.0]

Current fitness of particle 14:
 [40.0, 18.88888888888889, 14.444444444444445, 5.0, 78.33333333333334, 5.0, 3.333333333333333, 13.333333333333332, 30.0, 51.66666666666667]

[1.0, 0.001, 0.001, 1.0, 1.0, 0.2267946140164856, 1.0, 1.0, 1.0, 0.9358894014067689, 0.8189764044765966, 1.0, 1.0, 0.17974641498396415, 1.0, 1.0, 0.001, 100.0, 100.0, 100.0, 0.001, 0.001, 30.92595202661085, 0.001, 64.85126135882948, 53.71431188545618, 0.001]
[1.0, 0.001, 0.001, 1.0, 1.0, 0.2267946140164856, 1.0, 1.0, 1.0, 0.9358894014067689, 0.8189764044765966, 1.0, 1.0, 0.17974641498396415, 1.0, 1.0, 0.001, 100.0, 100.0, 100.0, 0.001, 0.001, 30.92595202661085, 0.001, 64.85126135882948, 53.71431188545618, 0.001]
[1.0, 0.001, 0.001, 1.0, 1.0, 0.2267946140164856, 1.0, 1.0, 1.0, 0.9358894014067689, 0.8189764044765966, 1.0, 1.0, 0.17974641498396415, 1.0, 1.0, 0.001, 100.0, 100.0, 100.0, 0.001, 0.001, 30.92595202661085, 0.001, 64.85126135882948, 53.71431188545618, 0.001]
[1.0, 0.001, 0.001, 1.0, 1.0, 0.2267946140164856, 1.0, 1.0, 1.0, 0.9358894014067689, 0.8189764044765966, 1.0, 1.0, 0.17974641498396415, 1.0, 1.0, 0.001, 100.0, 100.0, 100.0, 0.001, 0.001, 30.92595202661085, 0.001, 64.85126135882948, 53.71431188545618, 0.001]
[1.0, 0.001, 0.001, 1.0, 1.0, 0.2267946140164856, 1.0, 1.0, 1.0, 0.9358894014067689, 0.8189764044765966, 1.0, 1.0, 0.17974641498396415, 1.0, 1.0, 0.001, 100.0, 100.0, 100.0, 0.001, 0.001, 30.92595202661085, 0.001, 64.85126135882948, 53.71431188545618, 0.001]
[1.0, 0.001, 0.001, 1.0, 1.0, 0.2267946140164856, 1.0, 1.0, 1.0, 0.9358894014067689, 0.8189764044765966, 1.0, 1.0, 0.17974641498396415, 1.0, 1.0, 0.001, 100.0, 100.0, 100.0, 0.001, 0.001, 30.92595202661085, 0.001, 64.85126135882948, 53.71431188545618, 0.001]
[1.0, 0.001, 0.001, 1.0, 1.0, 0.2267946140164856, 1.0, 1.0, 1.0, 0.9358894014067689, 0.8189764044765966, 1.0, 1.0, 0.17974641498396415, 1.0, 1.0, 0.001, 100.0, 100.0, 100.0, 0.001, 0.001, 30.92595202661085, 0.001, 64.85126135882948, 53.71431188545618, 0.001]
[1.0, 0.001, 0.001, 1.0, 1.0, 0.2267946140164856, 1.0, 1.0, 1.0, 0.9358894014067689, 0.8189764044765966, 1.0, 1.0, 0.17974641498396415, 1.0, 1.0, 0.001, 100.0, 100.0, 100.0, 0.001, 0.001, 30.92595202661085, 0.001, 64.85126135882948, 53.71431188545618, 0.001]
[1.0, 0.001, 0.001, 1.0, 1.0, 0.2267946140164856, 1.0, 1.0, 1.0, 0.9358894014067689, 0.8189764044765966, 1.0, 1.0, 0.17974641498396415, 1.0, 1.0, 0.001, 100.0, 100.0, 100.0, 0.001, 0.001, 30.92595202661085, 0.001, 64.85126135882948, 53.71431188545618, 0.001]
[1.0, 0.001, 0.001, 1.0, 1.0, 0.2267946140164856, 1.0, 1.0, 1.0, 0.9358894014067689, 0.8189764044765966, 1.0, 1.0, 0.17974641498396415, 1.0, 1.0, 0.001, 100.0, 100.0, 100.0, 0.001, 0.001, 30.92595202661085, 0.001, 64.85126135882948, 53.71431188545618, 0.001]
[1.0, 0.001, 0.001, 1.0, 1.0, 0.2267946140164856, 1.0, 1.0, 1.0, 0.9358894014067689, 0.8189764044765966, 1.0, 1.0, 0.17974641498396415, 1.0, 1.0, 0.001, 100.0, 100.0, 100.0, 0.001, 0.001, 30.92595202661085, 0.001, 64.85126135882948, 53.71431188545618, 0.001]
[1.0, 0.001, 0.001, 1.0, 1.0, 0.2267946140164856, 1.0, 1.0, 1.0, 0.9358894014067689, 0.8189764044765966, 1.0, 1.0, 0.17974641498396415, 1.0, 1.0, 0.001, 100.0, 100.0, 100.0, 0.001, 0.001, 30.92595202661085, 0.001, 64.85126135882948, 53.71431188545618, 0.001]
[1.0, 0.001, 0.001, 1.0, 1.0, 0.2267946140164856, 1.0, 1.0, 1.0, 0.9358894014067689, 0.8189764044765966, 1.0, 1.0, 0.17974641498396415, 1.0, 1.0, 0.001, 100.0, 100.0, 100.0, 0.001, 0.001, 30.92595202661085, 0.001, 64.85126135882948, 53.71431188545618, 0.001]
[1.0, 0.001, 0.001, 1.0, 1.0, 0.2267946140164856, 1.0, 1.0, 1.0, 0.9358894014067689, 0.8189764044765966, 1.0, 1.0, 0.17974641498396415, 1.0, 1.0, 0.001, 100.0, 100.0, 100.0, 0.001, 0.001, 30.92595202661085, 0.001, 64.85126135882948, 53.71431188545618, 0.001]
[1.0, 0.001, 0.001, 1.0, 1.0, 0.2267946140164856, 1.0, 1.0, 1.0, 0.9358894014067689, 0.8189764044765966, 1.0, 1.0, 0.17974641498396415, 1.0, 1.0, 0.001, 100.0, 100.0, 100.0, 0.001, 0.001, 30.92595202661085, 0.001, 64.85126135882948, 53.71431188545618, 0.001]
[40.0, 18.88888888888889, 14.444444444444445, 5.0, 78.33333333333334, 5.0, 3.333333333333333, 13.333333333333332, 30.0, 51.66666666666667]
[1.0, 0.001, 0.001, 1.0, 1.0, 0.2267946140164856, 1.0, 1.0, 1.0, 0.9358894014067689, 0.8189764044765966, 1.0, 1.0, 0.17974641498396415, 1.0, 1.0, 0.001, 100.0, 100.0, 100.0, 0.001, 0.001, 30.92595202661085, 0.001, 64.85126135882948, 53.71431188545618, 0.001]
particle 14 is updating position
due to fitness value of: 
[40.0, 18.88888888888889, 14.444444444444445, 5.0, 78.33333333333334, 5.0, 3.333333333333333, 13.333333333333332, 30.0, 51.66666666666667]
which is less than: 
[40.0, 18.88888888888889, 14.444444444444445, 5.0, 78.33333333333334, 5.0, 3.333333333333333, 13.333333333333332, 30.0, 51.66666666666667]


[1.0, 0.001, 0.001, 1.0, 1.0, 0.2267946140164856, 1.0, 1.0, 1.0, 0.9358894014067689, 0.8189764044765966, 1.0, 1.0, 0.17974641498396415, 1.0, 1.0, 0.001, 100.0, 100.0, 100.0, 0.001, 0.001, 30.92595202661085, 0.001, 64.85126135882948, 53.71431188545618, 0.001]
[1.0, 0.001, 0.001, 1.0, 1.0, 0.2267946140164856, 1.0, 1.0, 1.0, 0.9358894014067689, 0.8189764044765966, 1.0, 1.0, 0.17974641498396415, 1.0, 1.0, 0.001, 100.0, 100.0, 100.0, 0.001, 0.001, 30.92595202661085, 0.001, 64.85126135882948, 53.71431188545618, 0.001]
Iteration 4
Best Fitness
[40.0, 18.88888888888889, 14.444444444444445, 5.0, 78.33333333333334, 5.0, 3.333333333333333, 13.333333333333332, 30.0, 51.66666666666667]
Best Position
[1.0, 0.001, 0.001, 1.0, 1.0, 0.2267946140164856, 1.0, 1.0, 1.0, 0.9358894014067689, 0.8189764044765966, 1.0, 1.0, 0.17974641498396415, 1.0, 1.0, 0.001, 100.0, 100.0, 100.0, 0.001, 0.001, 30.92595202661085, 0.001, 64.85126135882948, 53.71431188545618, 0.001]

-------------

Current fitness of particle 0:
 [43.33333333333334, 30.0, 3.3333333333333357, 5.0, 5.0, 61.66666666666666, 10.0, 13.333333333333329, 30.0, 35.0]

Current fitness of particle 1:
 [40.0, 30.0, 20.0, 5.0, 95.0, 5.0, 10.0, 20.0, 30.0, 65.0]

Current fitness of particle 2:
 [40.0, 30.0, 20.0, 78.33333333333334, 11.666666666666664, 5.0, 10.0, 20.0, 56.66666666666667, 21.666666666666664]

Current fitness of particle 3:
 [40.0, 30.0, 20.0, 78.33333333333334, 11.666666666666664, 5.0, 10.0, 20.0, 56.66666666666667, 21.666666666666664]

Current fitness of particle 4:
 [40.0, 30.0, 20.0, 5.0, 95.0, 5.0, 10.0, 20.0, 30.0, 65.0]

Current fitness of particle 5:
 [40.0, 30.0, 20.0, 5.0, 95.0, 5.0, 10.0, 20.0, 30.0, 65.0]

Current fitness of particle 6:
 [40.0, 30.0, 20.0, 5.0, 95.0, 5.0, 10.0, 20.0, 30.0, 65.0]

Current fitness of particle 7:
 [40.0, 30.0, 20.0, 5.0, 95.0, 5.0, 10.0, 20.0, 30.0, 65.0]

Current fitness of particle 8:
 [40.0, 30.0, 20.0, 78.33333333333334, 11.666666666666664, 5.0, 10.0, 20.0, 56.66666666666667, 21.666666666666664]

Current fitness of particle 9:
 [40.0, 30.0, 20.0, 5.0, 95.0, 5.0, 10.0, 20.0, 30.0, 65.0]

Current fitness of particle 10:
 [23.333333333333336, 30.0, 20.0, 5.0, 78.33333333333334, 8.333333333333334, 10.0, 20.0, 30.0, 51.66666666666667]

Current fitness of particle 11:
 [40.0, 30.0, 20.0, 5.0, 95.0, 5.0, 10.0, 20.0, 30.0, 65.0]

Current fitness of particle 12:
 [40.0, 30.0, 20.0, 78.33333333333334, 11.666666666666664, 5.0, 10.0, 20.0, 56.66666666666667, 21.666666666666664]

Current fitness of particle 13:
 [40.0, 30.0, 20.0, 5.0, 95.0, 5.0, 10.0, 20.0, 30.0, 65.0]

Current fitness of particle 14:
 [40.0, 18.88888888888889, 14.444444444444445, 5.0, 78.33333333333334, 5.0, 3.333333333333333, 13.333333333333332, 30.0, 51.66666666666667]

[1.0, 0.001, 0.001, 1.0, 1.0, 0.2267946140164856, 1.0, 1.0, 1.0, 0.9358894014067689, 0.8189764044765966, 1.0, 1.0, 0.17974641498396415, 1.0, 1.0, 0.001, 100.0, 100.0, 100.0, 0.001, 0.001, 30.92595202661085, 0.001, 64.85126135882948, 53.71431188545618, 0.001]
[1.0, 0.001, 0.001, 1.0, 1.0, 0.2267946140164856, 1.0, 1.0, 1.0, 0.9358894014067689, 0.8189764044765966, 1.0, 1.0, 0.17974641498396415, 1.0, 1.0, 0.001, 100.0, 100.0, 100.0, 0.001, 0.001, 30.92595202661085, 0.001, 64.85126135882948, 53.71431188545618, 0.001]
[1.0, 0.001, 0.001, 1.0, 1.0, 0.2267946140164856, 1.0, 1.0, 1.0, 0.9358894014067689, 0.8189764044765966, 1.0, 1.0, 0.17974641498396415, 1.0, 1.0, 0.001, 100.0, 100.0, 100.0, 0.001, 0.001, 30.92595202661085, 0.001, 64.85126135882948, 53.71431188545618, 0.001]
[1.0, 0.001, 0.001, 1.0, 1.0, 0.2267946140164856, 1.0, 1.0, 1.0, 0.9358894014067689, 0.8189764044765966, 1.0, 1.0, 0.17974641498396415, 1.0, 1.0, 0.001, 100.0, 100.0, 100.0, 0.001, 0.001, 30.92595202661085, 0.001, 64.85126135882948, 53.71431188545618, 0.001]
[1.0, 0.001, 0.001, 1.0, 1.0, 0.2267946140164856, 1.0, 1.0, 1.0, 0.9358894014067689, 0.8189764044765966, 1.0, 1.0, 0.17974641498396415, 1.0, 1.0, 0.001, 100.0, 100.0, 100.0, 0.001, 0.001, 30.92595202661085, 0.001, 64.85126135882948, 53.71431188545618, 0.001]
[1.0, 0.001, 0.001, 1.0, 1.0, 0.2267946140164856, 1.0, 1.0, 1.0, 0.9358894014067689, 0.8189764044765966, 1.0, 1.0, 0.17974641498396415, 1.0, 1.0, 0.001, 100.0, 100.0, 100.0, 0.001, 0.001, 30.92595202661085, 0.001, 64.85126135882948, 53.71431188545618, 0.001]
[1.0, 0.001, 0.001, 1.0, 1.0, 0.2267946140164856, 1.0, 1.0, 1.0, 0.9358894014067689, 0.8189764044765966, 1.0, 1.0, 0.17974641498396415, 1.0, 1.0, 0.001, 100.0, 100.0, 100.0, 0.001, 0.001, 30.92595202661085, 0.001, 64.85126135882948, 53.71431188545618, 0.001]
[1.0, 0.001, 0.001, 1.0, 1.0, 0.2267946140164856, 1.0, 1.0, 1.0, 0.9358894014067689, 0.8189764044765966, 1.0, 1.0, 0.17974641498396415, 1.0, 1.0, 0.001, 100.0, 100.0, 100.0, 0.001, 0.001, 30.92595202661085, 0.001, 64.85126135882948, 53.71431188545618, 0.001]
[1.0, 0.001, 0.001, 1.0, 1.0, 0.2267946140164856, 1.0, 1.0, 1.0, 0.9358894014067689, 0.8189764044765966, 1.0, 1.0, 0.17974641498396415, 1.0, 1.0, 0.001, 100.0, 100.0, 100.0, 0.001, 0.001, 30.92595202661085, 0.001, 64.85126135882948, 53.71431188545618, 0.001]
[1.0, 0.001, 0.001, 1.0, 1.0, 0.2267946140164856, 1.0, 1.0, 1.0, 0.9358894014067689, 0.8189764044765966, 1.0, 1.0, 0.17974641498396415, 1.0, 1.0, 0.001, 100.0, 100.0, 100.0, 0.001, 0.001, 30.92595202661085, 0.001, 64.85126135882948, 53.71431188545618, 0.001]
[1.0, 0.001, 0.001, 1.0, 1.0, 0.2267946140164856, 1.0, 1.0, 1.0, 0.9358894014067689, 0.8189764044765966, 1.0, 1.0, 0.17974641498396415, 1.0, 1.0, 0.001, 100.0, 100.0, 100.0, 0.001, 0.001, 30.92595202661085, 0.001, 64.85126135882948, 53.71431188545618, 0.001]
[1.0, 0.001, 0.001, 1.0, 1.0, 0.2267946140164856, 1.0, 1.0, 1.0, 0.9358894014067689, 0.8189764044765966, 1.0, 1.0, 0.17974641498396415, 1.0, 1.0, 0.001, 100.0, 100.0, 100.0, 0.001, 0.001, 30.92595202661085, 0.001, 64.85126135882948, 53.71431188545618, 0.001]
[1.0, 0.001, 0.001, 1.0, 1.0, 0.2267946140164856, 1.0, 1.0, 1.0, 0.9358894014067689, 0.8189764044765966, 1.0, 1.0, 0.17974641498396415, 1.0, 1.0, 0.001, 100.0, 100.0, 100.0, 0.001, 0.001, 30.92595202661085, 0.001, 64.85126135882948, 53.71431188545618, 0.001]
[1.0, 0.001, 0.001, 1.0, 1.0, 0.2267946140164856, 1.0, 1.0, 1.0, 0.9358894014067689, 0.8189764044765966, 1.0, 1.0, 0.17974641498396415, 1.0, 1.0, 0.001, 100.0, 100.0, 100.0, 0.001, 0.001, 30.92595202661085, 0.001, 64.85126135882948, 53.71431188545618, 0.001]
[1.0, 0.001, 0.001, 1.0, 1.0, 0.2267946140164856, 1.0, 1.0, 1.0, 0.9358894014067689, 0.8189764044765966, 1.0, 1.0, 0.17974641498396415, 1.0, 1.0, 0.001, 100.0, 100.0, 100.0, 0.001, 0.001, 30.92595202661085, 0.001, 64.85126135882948, 53.71431188545618, 0.001]
[40.0, 18.88888888888889, 14.444444444444445, 5.0, 78.33333333333334, 5.0, 3.333333333333333, 13.333333333333332, 30.0, 51.66666666666667]
[1.0, 0.001, 0.001, 1.0, 1.0, 0.2267946140164856, 1.0, 1.0, 1.0, 0.9358894014067689, 0.8189764044765966, 1.0, 1.0, 0.17974641498396415, 1.0, 1.0, 0.001, 100.0, 100.0, 100.0, 0.001, 0.001, 30.92595202661085, 0.001, 64.85126135882948, 53.71431188545618, 0.001]
