particle 0 is updating position
due to fitness value of: 
[38.94736842105263, 24.736842105263158, 9.473684210526317, 0.2631578947368416, 5.0, 75.95238095238095, 5.238095238095238, 20.0, 15.714285714285715, 35.0]
which is less than: 
null


[2, 1, 1, 2, 1, 1, 2, 2, 2, 1, 1, 1, 1, 2, 2, 2, 1, 2, 3, 5, 2, 1, 5, 3, 5, 4, 5, 4, 1, 5, 2, 2, 2, 4, 4, 4, 5, 1, 4, 2, 1, 5, 5, 4, 1]
[2, 1, 1, 2, 1, 1, 2, 2, 2, 1, 1, 1, 1, 2, 2, 2, 1, 2, 3, 5, 2, 1, 5, 3, 5, 4, 5, 4, 1, 5, 2, 2, 2, 4, 4, 4, 5, 1, 4, 2, 1, 5, 5, 4, 1]
Iteration 0
Best Fitness
[38.94736842105263, 24.736842105263158, 9.473684210526317, 0.2631578947368416, 5.0, 75.95238095238095, 5.238095238095238, 20.0, 15.714285714285715, 35.0]
Best Position
[2, 1, 1, 2, 1, 1, 2, 2, 2, 1, 1, 1, 1, 2, 2, 2, 1, 2, 3, 5, 2, 1, 5, 3, 5, 4, 5, 4, 1, 5, 2, 2, 2, 4, 4, 4, 5, 1, 4, 2, 1, 5, 5, 4, 1]

-------------

Current fitness of particle 0
: [38.94736842105263, 24.736842105263158, 9.473684210526317, 0.2631578947368416, 5.0, 75.95238095238095, 5.238095238095238, 20.0, 15.714285714285715, 35.0]

Current fitness of particle 1
: [40.0, 30.0, 20.0, 5.0, 95.0, 5.0, 10.0, 20.0, 30.0, 65.0]

Current fitness of particle 2
: [38.94736842105263, 19.473684210526315, 9.473684210526317, 5.0, 5.0, 83.09523809523809, 0.4761904761904763, 17.61904761904762, 30.0, 35.0]

Current fitness of particle 3
: [34.73684210526316, 30.0, 14.736842105263158, 84.47368421052632, 5.0, 5.0, 10.0, 15.238095238095237, 65.23809523809523, 35.0]

Current fitness of particle 4
: [40.0, 24.736842105263158, 20.0, 5.0, 89.73684210526315, 5.0, 10.0, 20.0, 30.0, 65.0]

Current fitness of particle 5
: [44.210526315789465, 30.0, 20.0, 10.789473684210526, 5.0, 80.71428571428571, 10.0, 15.238095238095237, 20.476190476190474, 35.0]

Current fitness of particle 6
: [60.0, 30.0, 20.0, 5.0, 5.0, 95.0, 10.0, 20.0, 30.0, 35.0]

Current fitness of particle 7
: [44.210526315789465, 14.210526315789474, 20.0, 5.0, 5.0, 78.33333333333334, 1.9047619047619033, 20.0, 25.238095238095237, 35.0]

Current fitness of particle 8
: [40.0, 24.736842105263158, 20.0, 5.0, 89.73684210526315, 0.23809523809523814, 10.0, 20.0, 30.0, 60.23809523809523]

Current fitness of particle 9
: [54.73684210526315, 24.736842105263158, 20.0, 5.0, 5.0, 83.09523809523809, 1.9047619047619033, 20.0, 30.0, 35.0]

Current fitness of particle 10
: [34.73684210526316, 24.736842105263158, 20.0, 73.94736842105263, 5.526315789473683, 4.523809523809524, 10.0, 17.61904761904762, 55.71428571428571, 32.61904761904762]

Current fitness of particle 11
: [33.68421052631578, 24.736842105263158, 20.0, 5.0, 16.052631578947366, 61.66666666666666, 7.619047619047619, 20.0, 30.0, 4.0476190476190474]

Current fitness of particle 12
: [33.68421052631578, 14.210526315789474, 20.0, 5.526315789473683, 5.0, 83.09523809523809, 2.8571428571428577, 20.0, 25.238095238095237, 35.0]

Current fitness of particle 13
: [44.210526315789465, 19.473684210526315, 14.736842105263158, 5.0, 5.0, 83.09523809523809, 1.9047619047619033, 20.0, 30.0, 35.0]

Current fitness of particle 14
: [40.0, 24.736842105263158, 20.0, 84.47368421052632, 0.2631578947368416, 0.23809523809523814, 10.0, 20.0, 60.47619047619048, 30.238095238095237]

[2, 1, 1, 2, 1, 1, 2, 2, 2, 1, 1, 1, 1, 2, 2, 2, 1, 2, 3, 5, 2, 1, 5, 3, 5, 4, 5, 4, 1, 5, 2, 2, 2, 4, 4, 4, 5, 1, 4, 2, 1, 5, 5, 4, 1]
[2, 1, 1, 2, 1, 1, 2, 2, 2, 1, 1, 1, 1, 2, 2, 2, 1, 2, 3, 5, 2, 1, 5, 3, 5, 4, 5, 4, 1, 5, 2, 2, 2, 4, 4, 4, 5, 1, 4, 2, 1, 5, 5, 4, 1]
[2, 1, 1, 2, 1, 1, 2, 2, 2, 1, 1, 1, 1, 2, 2, 2, 1, 2, 3, 5, 2, 1, 5, 3, 5, 4, 5, 4, 1, 5, 2, 2, 2, 4, 4, 4, 5, 1, 4, 2, 1, 5, 5, 4, 1]
[2, 1, 1, 2, 1, 1, 2, 2, 2, 1, 1, 1, 1, 2, 2, 2, 1, 2, 3, 5, 2, 1, 5, 3, 5, 4, 5, 4, 1, 5, 2, 2, 2, 4, 4, 4, 5, 1, 4, 2, 1, 5, 5, 4, 1]
[2, 1, 1, 2, 1, 1, 2, 2, 2, 1, 1, 1, 1, 2, 2, 2, 1, 2, 3, 5, 2, 1, 5, 3, 5, 4, 5, 4, 1, 5, 2, 2, 2, 4, 4, 4, 5, 1, 4, 2, 1, 5, 5, 4, 1]
[2, 1, 1, 2, 1, 1, 2, 2, 2, 1, 1, 1, 1, 2, 2, 2, 1, 2, 3, 5, 2, 1, 5, 3, 5, 4, 5, 4, 1, 5, 2, 2, 2, 4, 4, 4, 5, 1, 4, 2, 1, 5, 5, 4, 1]
[2, 1, 1, 2, 1, 1, 2, 2, 2, 1, 1, 1, 1, 2, 2, 2, 1, 2, 3, 5, 2, 1, 5, 3, 5, 4, 5, 4, 1, 5, 2, 2, 2, 4, 4, 4, 5, 1, 4, 2, 1, 5, 5, 4, 1]
[2, 1, 1, 2, 1, 1, 2, 2, 2, 1, 1, 1, 1, 2, 2, 2, 1, 2, 3, 5, 2, 1, 5, 3, 5, 4, 5, 4, 1, 5, 2, 2, 2, 4, 4, 4, 5, 1, 4, 2, 1, 5, 5, 4, 1]
[2, 1, 1, 2, 1, 1, 2, 2, 2, 1, 1, 1, 1, 2, 2, 2, 1, 2, 3, 5, 2, 1, 5, 3, 5, 4, 5, 4, 1, 5, 2, 2, 2, 4, 4, 4, 5, 1, 4, 2, 1, 5, 5, 4, 1]
[2, 1, 1, 2, 1, 1, 2, 2, 2, 1, 1, 1, 1, 2, 2, 2, 1, 2, 3, 5, 2, 1, 5, 3, 5, 4, 5, 4, 1, 5, 2, 2, 2, 4, 4, 4, 5, 1, 4, 2, 1, 5, 5, 4, 1]
[2, 1, 1, 2, 1, 1, 2, 2, 2, 1, 1, 1, 1, 2, 2, 2, 1, 2, 3, 5, 2, 1, 5, 3, 5, 4, 5, 4, 1, 5, 2, 2, 2, 4, 4, 4, 5, 1, 4, 2, 1, 5, 5, 4, 1]
[2, 1, 1, 2, 1, 1, 2, 2, 2, 1, 1, 1, 1, 2, 2, 2, 1, 2, 3, 5, 2, 1, 5, 3, 5, 4, 5, 4, 1, 5, 2, 2, 2, 4, 4, 4, 5, 1, 4, 2, 1, 5, 5, 4, 1]
[2, 1, 1, 2, 1, 1, 2, 2, 2, 1, 1, 1, 1, 2, 2, 2, 1, 2, 3, 5, 2, 1, 5, 3, 5, 4, 5, 4, 1, 5, 2, 2, 2, 4, 4, 4, 5, 1, 4, 2, 1, 5, 5, 4, 1]
[2, 1, 1, 2, 1, 1, 2, 2, 2, 1, 1, 1, 1, 2, 2, 2, 1, 2, 3, 5, 2, 1, 5, 3, 5, 4, 5, 4, 1, 5, 2, 2, 2, 4, 4, 4, 5, 1, 4, 2, 1, 5, 5, 4, 1]
[2, 1, 1, 2, 1, 1, 2, 2, 2, 1, 1, 1, 1, 2, 2, 2, 1, 2, 3, 5, 2, 1, 5, 3, 5, 4, 5, 4, 1, 5, 2, 2, 2, 4, 4, 4, 5, 1, 4, 2, 1, 5, 5, 4, 1]
[38.94736842105263, 24.736842105263158, 9.473684210526317, 0.2631578947368416, 5.0, 75.95238095238095, 5.238095238095238, 20.0, 15.714285714285715, 35.0]
[2, 1, 1, 2, 1, 1, 2, 2, 2, 1, 1, 1, 1, 2, 2, 2, 1, 2, 3, 5, 2, 1, 5, 3, 5, 4, 5, 4, 1, 5, 2, 2, 2, 4, 4, 4, 5, 1, 4, 2, 1, 5, 5, 4, 1]
particle 8 is updating position
due to fitness value of: 
[28.421052631578945, 30.0, 4.210526315789474, 5.526315789473683, 0.2631578947368416, 71.19047619047619, 10.0, 15.238095238095237, 18.095238095238095, 27.857142857142858]
which is less than: 
[38.94736842105263, 24.736842105263158, 9.473684210526317, 0.2631578947368416, 5.0, 75.95238095238095, 5.238095238095238, 20.0, 15.714285714285715, 35.0]


[1, 1, 1, 2, 3, 1, 1, 1, 2, 1, 3, 1, 3, 3, 2, 2, 3, 1, 3, 2, 2, 3, 5, 2, 5, 4, 4, 2, 2, 4, 5, 4, 2, 3, 4, 3, 2, 3, 4, 3, 4, 3, 4, 5, 4]
[1, 1, 1, 2, 3, 1, 1, 1, 2, 1, 3, 1, 3, 3, 2, 2, 3, 1, 3, 2, 2, 3, 5, 2, 5, 4, 4, 2, 2, 4, 5, 4, 2, 3, 4, 3, 2, 3, 4, 3, 4, 3, 4, 5, 4]
particle 12 is updating position
due to fitness value of: 
[23.157894736842103, 14.210526315789474, 20.0, 10.789473684210526, 0.2631578947368416, 61.66666666666666, 5.238095238095238, 15.238095238095237, 6.190476190476193, 35.0]
which is less than: 
[28.421052631578945, 30.0, 4.210526315789474, 5.526315789473683, 0.2631578947368416, 71.19047619047619, 10.0, 15.238095238095237, 18.095238095238095, 27.857142857142858]


[2, 2, 1, 2, 1, 1, 1, 2, 2, 2, 1, 3, 1, 2, 2, 1, 2, 2, 3, 5, 1, 1, 4, 4, 5, 4, 4, 4, 1, 5, 2, 2, 3, 5, 3, 2, 5, 1, 4, 4, 1, 2, 2, 2, 1]
[2, 2, 1, 2, 1, 1, 1, 2, 2, 2, 1, 3, 1, 2, 2, 1, 2, 2, 3, 5, 1, 1, 4, 4, 5, 4, 4, 4, 1, 5, 2, 2, 3, 5, 3, 2, 5, 1, 4, 4, 1, 2, 2, 2, 1]
Iteration 1
Best Fitness
[23.157894736842103, 14.210526315789474, 20.0, 10.789473684210526, 0.2631578947368416, 61.66666666666666, 5.238095238095238, 15.238095238095237, 6.190476190476193, 35.0]
Best Position
[2, 2, 1, 2, 1, 1, 1, 2, 2, 2, 1, 3, 1, 2, 2, 1, 2, 2, 3, 5, 1, 1, 4, 4, 5, 4, 4, 4, 1, 5, 2, 2, 3, 5, 3, 2, 5, 1, 4, 4, 1, 2, 2, 2, 1]

-------------

Current fitness of particle 0
: [38.94736842105263, 24.736842105263158, 9.473684210526317, 0.2631578947368416, 5.0, 75.95238095238095, 5.238095238095238, 20.0, 15.714285714285715, 35.0]

Current fitness of particle 1
: [34.73684210526316, 30.0, 9.473684210526317, 63.421052631578945, 10.789473684210526, 2.619047619047619, 10.0, 17.61904761904762, 43.80952380952381, 13.571428571428573]

Current fitness of particle 2
: [33.68421052631578, 24.736842105263158, 4.210526315789474, 0.2631578947368416, 5.0, 75.95238095238095, 10.0, 17.61904761904762, 13.333333333333336, 35.0]

Current fitness of particle 3
: [40.0, 30.0, 14.736842105263158, 89.73684210526315, 5.0, 2.1428571428571423, 10.0, 17.61904761904762, 60.47619047619048, 35.0]

Current fitness of particle 4
: [40.0, 30.0, 20.0, 95.0, 5.0, 5.0, 10.0, 20.0, 70.0, 35.0]

Current fitness of particle 5
: [38.94736842105263, 14.210526315789474, 14.736842105263158, 5.0, 5.0, 83.09523809523809, 1.9047619047619033, 20.0, 30.0, 35.0]

Current fitness of particle 6
: [38.94736842105263, 30.0, 9.473684210526317, 5.526315789473683, 5.0, 78.33333333333334, 5.238095238095238, 20.0, 18.095238095238095, 35.0]

Current fitness of particle 7
: [38.94736842105263, 24.736842105263158, 4.210526315789474, 5.0, 5.0, 83.09523809523809, 10.0, 8.095238095238097, 30.0, 35.0]

Current fitness of particle 8
: [28.421052631578945, 30.0, 4.210526315789474, 5.526315789473683, 0.2631578947368416, 71.19047619047619, 10.0, 15.238095238095237, 18.095238095238095, 27.857142857142858]

Current fitness of particle 9
: [33.68421052631578, 24.736842105263158, 9.473684210526317, 5.0, 5.526315789473683, 83.09523809523809, 2.8571428571428577, 17.61904761904762, 30.0, 32.61904761904762]

Current fitness of particle 10
: [34.73684210526316, 30.0, 9.473684210526317, 79.21052631578947, 5.0, 2.1428571428571423, 10.0, 12.857142857142858, 55.71428571428571, 35.0]

Current fitness of particle 11
: [24.210526315789473, 30.0, 20.0, 79.21052631578947, 5.0, 16.428571428571427, 10.0, 20.0, 48.57142857142857, 35.0]

Current fitness of particle 12
: [23.157894736842103, 14.210526315789474, 20.0, 10.789473684210526, 0.2631578947368416, 61.66666666666666, 5.238095238095238, 15.238095238095237, 6.190476190476193, 35.0]

Current fitness of particle 13
: [34.73684210526316, 24.736842105263158, 14.736842105263158, 79.21052631578947, 5.0, 9.285714285714285, 0.4761904761904763, 20.0, 46.19047619047619, 35.0]

Current fitness of particle 14
: [34.73684210526316, 24.736842105263158, 9.473684210526317, 73.94736842105263, 5.0, 9.285714285714285, 7.619047619047619, 15.238095238095237, 48.57142857142857, 35.0]

[2, 2, 1, 2, 1, 1, 1, 2, 2, 2, 1, 3, 1, 2, 2, 1, 2, 2, 3, 5, 1, 1, 4, 4, 5, 4, 4, 4, 1, 5, 2, 2, 3, 5, 3, 2, 5, 1, 4, 4, 1, 2, 2, 2, 1]
[2, 2, 1, 2, 1, 1, 1, 2, 2, 2, 1, 3, 1, 2, 2, 1, 2, 2, 3, 5, 1, 1, 4, 4, 5, 4, 4, 4, 1, 5, 2, 2, 3, 5, 3, 2, 5, 1, 4, 4, 1, 2, 2, 2, 1]
[2, 2, 1, 2, 1, 1, 1, 2, 2, 2, 1, 3, 1, 2, 2, 1, 2, 2, 3, 5, 1, 1, 4, 4, 5, 4, 4, 4, 1, 5, 2, 2, 3, 5, 3, 2, 5, 1, 4, 4, 1, 2, 2, 2, 1]
[2, 2, 1, 2, 1, 1, 1, 2, 2, 2, 1, 3, 1, 2, 2, 1, 2, 2, 3, 5, 1, 1, 4, 4, 5, 4, 4, 4, 1, 5, 2, 2, 3, 5, 3, 2, 5, 1, 4, 4, 1, 2, 2, 2, 1]
[2, 2, 1, 2, 1, 1, 1, 2, 2, 2, 1, 3, 1, 2, 2, 1, 2, 2, 3, 5, 1, 1, 4, 4, 5, 4, 4, 4, 1, 5, 2, 2, 3, 5, 3, 2, 5, 1, 4, 4, 1, 2, 2, 2, 1]
[2, 2, 1, 2, 1, 1, 1, 2, 2, 2, 1, 3, 1, 2, 2, 1, 2, 2, 3, 5, 1, 1, 4, 4, 5, 4, 4, 4, 1, 5, 2, 2, 3, 5, 3, 2, 5, 1, 4, 4, 1, 2, 2, 2, 1]
[2, 2, 1, 2, 1, 1, 1, 2, 2, 2, 1, 3, 1, 2, 2, 1, 2, 2, 3, 5, 1, 1, 4, 4, 5, 4, 4, 4, 1, 5, 2, 2, 3, 5, 3, 2, 5, 1, 4, 4, 1, 2, 2, 2, 1]
[2, 2, 1, 2, 1, 1, 1, 2, 2, 2, 1, 3, 1, 2, 2, 1, 2, 2, 3, 5, 1, 1, 4, 4, 5, 4, 4, 4, 1, 5, 2, 2, 3, 5, 3, 2, 5, 1, 4, 4, 1, 2, 2, 2, 1]
[2, 2, 1, 2, 1, 1, 1, 2, 2, 2, 1, 3, 1, 2, 2, 1, 2, 2, 3, 5, 1, 1, 4, 4, 5, 4, 4, 4, 1, 5, 2, 2, 3, 5, 3, 2, 5, 1, 4, 4, 1, 2, 2, 2, 1]
[2, 2, 1, 2, 1, 1, 1, 2, 2, 2, 1, 3, 1, 2, 2, 1, 2, 2, 3, 5, 1, 1, 4, 4, 5, 4, 4, 4, 1, 5, 2, 2, 3, 5, 3, 2, 5, 1, 4, 4, 1, 2, 2, 2, 1]
[2, 2, 1, 2, 1, 1, 1, 2, 2, 2, 1, 3, 1, 2, 2, 1, 2, 2, 3, 5, 1, 1, 4, 4, 5, 4, 4, 4, 1, 5, 2, 2, 3, 5, 3, 2, 5, 1, 4, 4, 1, 2, 2, 2, 1]
[2, 2, 1, 2, 1, 1, 1, 2, 2, 2, 1, 3, 1, 2, 2, 1, 2, 2, 3, 5, 1, 1, 4, 4, 5, 4, 4, 4, 1, 5, 2, 2, 3, 5, 3, 2, 5, 1, 4, 4, 1, 2, 2, 2, 1]
[2, 2, 1, 2, 1, 1, 1, 2, 2, 2, 1, 3, 1, 2, 2, 1, 2, 2, 3, 5, 1, 1, 4, 4, 5, 4, 4, 4, 1, 5, 2, 2, 3, 5, 3, 2, 5, 1, 4, 4, 1, 2, 2, 2, 1]
[2, 2, 1, 2, 1, 1, 1, 2, 2, 2, 1, 3, 1, 2, 2, 1, 2, 2, 3, 5, 1, 1, 4, 4, 5, 4, 4, 4, 1, 5, 2, 2, 3, 5, 3, 2, 5, 1, 4, 4, 1, 2, 2, 2, 1]
[2, 2, 1, 2, 1, 1, 1, 2, 2, 2, 1, 3, 1, 2, 2, 1, 2, 2, 3, 5, 1, 1, 4, 4, 5, 4, 4, 4, 1, 5, 2, 2, 3, 5, 3, 2, 5, 1, 4, 4, 1, 2, 2, 2, 1]
[23.157894736842103, 14.210526315789474, 20.0, 10.789473684210526, 0.2631578947368416, 61.66666666666666, 5.238095238095238, 15.238095238095237, 6.190476190476193, 35.0]
[2, 2, 1, 2, 1, 1, 1, 2, 2, 2, 1, 3, 1, 2, 2, 1, 2, 2, 3, 5, 1, 1, 4, 4, 5, 4, 4, 4, 1, 5, 2, 2, 3, 5, 3, 2, 5, 1, 4, 4, 1, 2, 2, 2, 1]
Iteration 2
Best Fitness
[23.157894736842103, 14.210526315789474, 20.0, 10.789473684210526, 0.2631578947368416, 61.66666666666666, 5.238095238095238, 15.238095238095237, 6.190476190476193, 35.0]
Best Position
[2, 2, 1, 2, 1, 1, 1, 2, 2, 2, 1, 3, 1, 2, 2, 1, 2, 2, 3, 5, 1, 1, 4, 4, 5, 4, 4, 4, 1, 5, 2, 2, 3, 5, 3, 2, 5, 1, 4, 4, 1, 2, 2, 2, 1]

-------------

Current fitness of particle 0
: [44.210526315789465, 14.210526315789474, 20.0, 5.0, 5.0, 85.47619047619048, 0.4761904761904763, 20.0, 30.0, 35.0]

Current fitness of particle 1
: [33.68421052631578, 30.0, 4.210526315789474, 5.526315789473683, 5.0, 73.57142857142857, 10.0, 10.476190476190476, 18.095238095238095, 35.0]

Current fitness of particle 2
: [54.73684210526315, 30.0, 14.736842105263158, 5.0, 5.0, 83.09523809523809, 10.0, 10.476190476190476, 30.0, 32.61904761904762]

Current fitness of particle 3
: [38.94736842105263, 19.473684210526315, 9.473684210526317, 5.0, 5.0, 83.09523809523809, 2.8571428571428577, 17.61904761904762, 27.61904761904762, 35.0]

Current fitness of particle 4
: [38.94736842105263, 30.0, 4.210526315789474, 5.0, 0.2631578947368416, 83.09523809523809, 10.0, 8.095238095238097, 30.0, 35.0]

Current fitness of particle 5
: [38.94736842105263, 30.0, 14.736842105263158, 10.789473684210526, 5.0, 80.71428571428571, 10.0, 15.238095238095237, 20.476190476190474, 35.0]

Current fitness of particle 6
: [54.73684210526315, 24.736842105263158, 20.0, 5.0, 5.0, 85.47619047619048, 7.619047619047619, 12.857142857142858, 30.0, 35.0]

Current fitness of particle 7
: [33.68421052631578, 14.210526315789474, 20.0, 5.526315789473683, 5.0, 75.95238095238095, 5.238095238095238, 20.0, 15.714285714285715, 35.0]

Current fitness of particle 8
: [34.73684210526316, 19.473684210526315, 20.0, 5.0, 79.21052631578947, 9.285714285714285, 7.619047619047619, 20.0, 30.0, 48.33333333333334]

Current fitness of particle 9
: [33.68421052631578, 30.0, 4.210526315789474, 5.526315789473683, 5.0, 71.19047619047619, 10.0, 15.238095238095237, 10.952380952380953, 35.0]

Current fitness of particle 10
: [44.210526315789465, 24.736842105263158, 9.473684210526317, 5.0, 5.0, 87.85714285714286, 7.619047619047619, 15.238095238095237, 30.0, 35.0]

Current fitness of particle 11
: [33.68421052631578, 30.0, 9.473684210526317, 10.789473684210526, 5.0, 78.33333333333334, 10.0, 8.095238095238097, 30.0, 30.238095238095237]

Current fitness of particle 12
: [23.157894736842103, 14.210526315789474, 20.0, 10.789473684210526, 0.2631578947368416, 59.28571428571429, 5.238095238095238, 15.238095238095237, 3.8095238095238066, 35.0]

Current fitness of particle 13
: [60.0, 30.0, 20.0, 5.0, 5.0, 85.47619047619048, 0.4761904761904763, 20.0, 30.0, 35.0]

Current fitness of particle 14
: [38.94736842105263, 8.947368421052634, 20.0, 5.0, 5.0, 83.09523809523809, 1.9047619047619033, 20.0, 30.0, 35.0]

[2, 2, 1, 2, 1, 1, 1, 2, 2, 2, 1, 3, 1, 2, 2, 1, 2, 2, 3, 5, 1, 1, 4, 4, 5, 4, 4, 4, 1, 5, 2, 2, 3, 5, 3, 2, 5, 1, 4, 4, 1, 2, 2, 2, 1]
[2, 2, 1, 2, 1, 1, 1, 2, 2, 2, 1, 3, 1, 2, 2, 1, 2, 2, 3, 5, 1, 1, 4, 4, 5, 4, 4, 4, 1, 5, 2, 2, 3, 5, 3, 2, 5, 1, 4, 4, 1, 2, 2, 2, 1]
[2, 2, 1, 2, 1, 1, 1, 2, 2, 2, 1, 3, 1, 2, 2, 1, 2, 2, 3, 5, 1, 1, 4, 4, 5, 4, 4, 4, 1, 5, 2, 2, 3, 5, 3, 2, 5, 1, 4, 4, 1, 2, 2, 2, 1]
[2, 2, 1, 2, 1, 1, 1, 2, 2, 2, 1, 3, 1, 2, 2, 1, 2, 2, 3, 5, 1, 1, 4, 4, 5, 4, 4, 4, 1, 5, 2, 2, 3, 5, 3, 2, 5, 1, 4, 4, 1, 2, 2, 2, 1]
[2, 2, 1, 2, 1, 1, 1, 2, 2, 2, 1, 3, 1, 2, 2, 1, 2, 2, 3, 5, 1, 1, 4, 4, 5, 4, 4, 4, 1, 5, 2, 2, 3, 5, 3, 2, 5, 1, 4, 4, 1, 2, 2, 2, 1]
[2, 2, 1, 2, 1, 1, 1, 2, 2, 2, 1, 3, 1, 2, 2, 1, 2, 2, 3, 5, 1, 1, 4, 4, 5, 4, 4, 4, 1, 5, 2, 2, 3, 5, 3, 2, 5, 1, 4, 4, 1, 2, 2, 2, 1]
[2, 2, 1, 2, 1, 1, 1, 2, 2, 2, 1, 3, 1, 2, 2, 1, 2, 2, 3, 5, 1, 1, 4, 4, 5, 4, 4, 4, 1, 5, 2, 2, 3, 5, 3, 2, 5, 1, 4, 4, 1, 2, 2, 2, 1]
[2, 2, 1, 2, 1, 1, 1, 2, 2, 2, 1, 3, 1, 2, 2, 1, 2, 2, 3, 5, 1, 1, 4, 4, 5, 4, 4, 4, 1, 5, 2, 2, 3, 5, 3, 2, 5, 1, 4, 4, 1, 2, 2, 2, 1]
[2, 2, 1, 2, 1, 1, 1, 2, 2, 2, 1, 3, 1, 2, 2, 1, 2, 2, 3, 5, 1, 1, 4, 4, 5, 4, 4, 4, 1, 5, 2, 2, 3, 5, 3, 2, 5, 1, 4, 4, 1, 2, 2, 2, 1]
[2, 2, 1, 2, 1, 1, 1, 2, 2, 2, 1, 3, 1, 2, 2, 1, 2, 2, 3, 5, 1, 1, 4, 4, 5, 4, 4, 4, 1, 5, 2, 2, 3, 5, 3, 2, 5, 1, 4, 4, 1, 2, 2, 2, 1]
[2, 2, 1, 2, 1, 1, 1, 2, 2, 2, 1, 3, 1, 2, 2, 1, 2, 2, 3, 5, 1, 1, 4, 4, 5, 4, 4, 4, 1, 5, 2, 2, 3, 5, 3, 2, 5, 1, 4, 4, 1, 2, 2, 2, 1]
[2, 2, 1, 2, 1, 1, 1, 2, 2, 2, 1, 3, 1, 2, 2, 1, 2, 2, 3, 5, 1, 1, 4, 4, 5, 4, 4, 4, 1, 5, 2, 2, 3, 5, 3, 2, 5, 1, 4, 4, 1, 2, 2, 2, 1]
[2, 2, 1, 2, 1, 1, 1, 2, 2, 2, 1, 3, 1, 2, 2, 1, 2, 2, 3, 5, 1, 1, 4, 4, 5, 4, 4, 4, 1, 5, 2, 2, 3, 5, 3, 2, 5, 1, 4, 4, 1, 2, 2, 2, 1]
[2, 2, 1, 2, 1, 1, 1, 2, 2, 2, 1, 3, 1, 2, 2, 1, 2, 2, 3, 5, 1, 1, 4, 4, 5, 4, 4, 4, 1, 5, 2, 2, 3, 5, 3, 2, 5, 1, 4, 4, 1, 2, 2, 2, 1]
[2, 2, 1, 2, 1, 1, 1, 2, 2, 2, 1, 3, 1, 2, 2, 1, 2, 2, 3, 5, 1, 1, 4, 4, 5, 4, 4, 4, 1, 5, 2, 2, 3, 5, 3, 2, 5, 1, 4, 4, 1, 2, 2, 2, 1]
[23.157894736842103, 14.210526315789474, 20.0, 10.789473684210526, 0.2631578947368416, 61.66666666666666, 5.238095238095238, 15.238095238095237, 6.190476190476193, 35.0]
[2, 2, 1, 2, 1, 1, 1, 2, 2, 2, 1, 3, 1, 2, 2, 1, 2, 2, 3, 5, 1, 1, 4, 4, 5, 4, 4, 4, 1, 5, 2, 2, 3, 5, 3, 2, 5, 1, 4, 4, 1, 2, 2, 2, 1]
particle 1 is updating position
due to fitness value of: 
[17.894736842105267, 24.736842105263158, 9.473684210526317, 5.0, 21.31578947368421, 56.904761904761905, 2.8571428571428577, 17.61904761904762, 30.0, 6.428571428571431]
which is less than: 
[23.157894736842103, 14.210526315789474, 20.0, 10.789473684210526, 0.2631578947368416, 61.66666666666666, 5.238095238095238, 15.238095238095237, 6.190476190476193, 35.0]


[2, 3, 1, 1, 1, 1, 1, 2, 2, 2, 1, 3, 2, 3, 3, 2, 1, 3, 5, 5, 1, 3, 5, 2, 4, 5, 5, 2, 1, 5, 2, 2, 2, 5, 2, 2, 4, 2, 3, 2, 2, 2, 4, 2, 1]
[2, 3, 1, 1, 1, 1, 1, 2, 2, 2, 1, 3, 2, 3, 3, 2, 1, 3, 5, 5, 1, 3, 5, 2, 4, 5, 5, 2, 1, 5, 2, 2, 2, 5, 2, 2, 4, 2, 3, 2, 2, 2, 4, 2, 1]
Iteration 3
Best Fitness
[17.894736842105267, 24.736842105263158, 9.473684210526317, 5.0, 21.31578947368421, 56.904761904761905, 2.8571428571428577, 17.61904761904762, 30.0, 6.428571428571431]
Best Position
[2, 3, 1, 1, 1, 1, 1, 2, 2, 2, 1, 3, 2, 3, 3, 2, 1, 3, 5, 5, 1, 3, 5, 2, 4, 5, 5, 2, 1, 5, 2, 2, 2, 5, 2, 2, 4, 2, 3, 2, 2, 2, 4, 2, 1]

-------------

Current fitness of particle 0
: [34.73684210526316, 19.473684210526315, 20.0, 5.0, 79.21052631578947, 2.1428571428571423, 5.238095238095238, 17.61904761904762, 30.0, 50.71428571428571]

Current fitness of particle 1
: [17.894736842105267, 24.736842105263158, 9.473684210526317, 5.0, 21.31578947368421, 56.904761904761905, 2.8571428571428577, 17.61904761904762, 30.0, 6.428571428571431]

Current fitness of particle 2
: [17.894736842105267, 19.473684210526315, 20.0, 10.789473684210526, 10.789473684210526, 49.761904761904766, 7.619047619047619, 17.61904761904762, 10.952380952380953, 13.571428571428573]

Current fitness of particle 3
: [28.421052631578945, 19.473684210526315, 20.0, 10.789473684210526, 0.2631578947368416, 59.28571428571429, 5.238095238095238, 15.238095238095237, 8.571428571428573, 30.238095238095237]

Current fitness of particle 4
: [33.68421052631578, 19.473684210526315, 20.0, 5.0, 10.789473684210526, 71.19047619047619, 10.0, 15.238095238095237, 25.238095238095237, 20.714285714285715]

Current fitness of particle 5
: [38.94736842105263, 30.0, 14.736842105263158, 5.526315789473683, 0.2631578947368416, 73.57142857142857, 10.0, 17.61904761904762, 10.952380952380953, 35.0]

Current fitness of particle 6
: [28.421052631578945, 19.473684210526315, 20.0, 5.0, 16.052631578947366, 61.66666666666666, 5.238095238095238, 15.238095238095237, 30.0, 11.190476190476193]

Current fitness of particle 7
: [34.73684210526316, 24.736842105263158, 20.0, 5.0, 84.47368421052632, 2.1428571428571423, 7.619047619047619, 20.0, 27.61904761904762, 53.09523809523809]

Current fitness of particle 8
: [33.68421052631578, 24.736842105263158, 14.736842105263158, 5.526315789473683, 0.2631578947368416, 71.19047619047619, 7.619047619047619, 17.61904761904762, 10.952380952380953, 35.0]

Current fitness of particle 9
: [33.68421052631578, 30.0, 20.0, 0.2631578947368416, 16.052631578947366, 68.80952380952381, 10.0, 20.0, 27.61904761904762, 11.190476190476193]

Current fitness of particle 10
: [60.0, 30.0, 20.0, 5.0, 5.0, 92.61904761904762, 10.0, 17.61904761904762, 30.0, 35.0]

Current fitness of particle 11
: [33.68421052631578, 19.473684210526315, 20.0, 5.0, 10.789473684210526, 78.33333333333334, 7.619047619047619, 15.238095238095237, 22.857142857142858, 32.61904761904762]

Current fitness of particle 12
: [23.157894736842103, 14.210526315789474, 20.0, 10.789473684210526, 0.2631578947368416, 59.28571428571429, 5.238095238095238, 15.238095238095237, 3.8095238095238066, 35.0]

Current fitness of particle 13
: [28.421052631578945, 19.473684210526315, 20.0, 10.789473684210526, 0.2631578947368416, 59.28571428571429, 5.238095238095238, 15.238095238095237, 3.8095238095238066, 35.0]

Current fitness of particle 14
: [49.473684210526315, 30.0, 14.736842105263158, 0.2631578947368416, 5.0, 87.85714285714286, 2.8571428571428577, 20.0, 30.0, 35.0]

[2, 3, 1, 1, 1, 1, 1, 2, 2, 2, 1, 3, 2, 3, 3, 2, 1, 3, 5, 5, 1, 3, 5, 2, 4, 5, 5, 2, 1, 5, 2, 2, 2, 5, 2, 2, 4, 2, 3, 2, 2, 2, 4, 2, 1]
[2, 3, 1, 1, 1, 1, 1, 2, 2, 2, 1, 3, 2, 3, 3, 2, 1, 3, 5, 5, 1, 3, 5, 2, 4, 5, 5, 2, 1, 5, 2, 2, 2, 5, 2, 2, 4, 2, 3, 2, 2, 2, 4, 2, 1]
[2, 3, 1, 1, 1, 1, 1, 2, 2, 2, 1, 3, 2, 3, 3, 2, 1, 3, 5, 5, 1, 3, 5, 2, 4, 5, 5, 2, 1, 5, 2, 2, 2, 5, 2, 2, 4, 2, 3, 2, 2, 2, 4, 2, 1]
[2, 3, 1, 1, 1, 1, 1, 2, 2, 2, 1, 3, 2, 3, 3, 2, 1, 3, 5, 5, 1, 3, 5, 2, 4, 5, 5, 2, 1, 5, 2, 2, 2, 5, 2, 2, 4, 2, 3, 2, 2, 2, 4, 2, 1]
[2, 3, 1, 1, 1, 1, 1, 2, 2, 2, 1, 3, 2, 3, 3, 2, 1, 3, 5, 5, 1, 3, 5, 2, 4, 5, 5, 2, 1, 5, 2, 2, 2, 5, 2, 2, 4, 2, 3, 2, 2, 2, 4, 2, 1]
[2, 3, 1, 1, 1, 1, 1, 2, 2, 2, 1, 3, 2, 3, 3, 2, 1, 3, 5, 5, 1, 3, 5, 2, 4, 5, 5, 2, 1, 5, 2, 2, 2, 5, 2, 2, 4, 2, 3, 2, 2, 2, 4, 2, 1]
[2, 3, 1, 1, 1, 1, 1, 2, 2, 2, 1, 3, 2, 3, 3, 2, 1, 3, 5, 5, 1, 3, 5, 2, 4, 5, 5, 2, 1, 5, 2, 2, 2, 5, 2, 2, 4, 2, 3, 2, 2, 2, 4, 2, 1]
[2, 3, 1, 1, 1, 1, 1, 2, 2, 2, 1, 3, 2, 3, 3, 2, 1, 3, 5, 5, 1, 3, 5, 2, 4, 5, 5, 2, 1, 5, 2, 2, 2, 5, 2, 2, 4, 2, 3, 2, 2, 2, 4, 2, 1]
[2, 3, 1, 1, 1, 1, 1, 2, 2, 2, 1, 3, 2, 3, 3, 2, 1, 3, 5, 5, 1, 3, 5, 2, 4, 5, 5, 2, 1, 5, 2, 2, 2, 5, 2, 2, 4, 2, 3, 2, 2, 2, 4, 2, 1]
[2, 3, 1, 1, 1, 1, 1, 2, 2, 2, 1, 3, 2, 3, 3, 2, 1, 3, 5, 5, 1, 3, 5, 2, 4, 5, 5, 2, 1, 5, 2, 2, 2, 5, 2, 2, 4, 2, 3, 2, 2, 2, 4, 2, 1]
[2, 3, 1, 1, 1, 1, 1, 2, 2, 2, 1, 3, 2, 3, 3, 2, 1, 3, 5, 5, 1, 3, 5, 2, 4, 5, 5, 2, 1, 5, 2, 2, 2, 5, 2, 2, 4, 2, 3, 2, 2, 2, 4, 2, 1]
[2, 3, 1, 1, 1, 1, 1, 2, 2, 2, 1, 3, 2, 3, 3, 2, 1, 3, 5, 5, 1, 3, 5, 2, 4, 5, 5, 2, 1, 5, 2, 2, 2, 5, 2, 2, 4, 2, 3, 2, 2, 2, 4, 2, 1]
[2, 3, 1, 1, 1, 1, 1, 2, 2, 2, 1, 3, 2, 3, 3, 2, 1, 3, 5, 5, 1, 3, 5, 2, 4, 5, 5, 2, 1, 5, 2, 2, 2, 5, 2, 2, 4, 2, 3, 2, 2, 2, 4, 2, 1]
[2, 3, 1, 1, 1, 1, 1, 2, 2, 2, 1, 3, 2, 3, 3, 2, 1, 3, 5, 5, 1, 3, 5, 2, 4, 5, 5, 2, 1, 5, 2, 2, 2, 5, 2, 2, 4, 2, 3, 2, 2, 2, 4, 2, 1]
[2, 3, 1, 1, 1, 1, 1, 2, 2, 2, 1, 3, 2, 3, 3, 2, 1, 3, 5, 5, 1, 3, 5, 2, 4, 5, 5, 2, 1, 5, 2, 2, 2, 5, 2, 2, 4, 2, 3, 2, 2, 2, 4, 2, 1]
[17.894736842105267, 24.736842105263158, 9.473684210526317, 5.0, 21.31578947368421, 56.904761904761905, 2.8571428571428577, 17.61904761904762, 30.0, 6.428571428571431]
[2, 3, 1, 1, 1, 1, 1, 2, 2, 2, 1, 3, 2, 3, 3, 2, 1, 3, 5, 5, 1, 3, 5, 2, 4, 5, 5, 2, 1, 5, 2, 2, 2, 5, 2, 2, 4, 2, 3, 2, 2, 2, 4, 2, 1]
Iteration 4
Best Fitness
[17.894736842105267, 24.736842105263158, 9.473684210526317, 5.0, 21.31578947368421, 56.904761904761905, 2.8571428571428577, 17.61904761904762, 30.0, 6.428571428571431]
Best Position
[2, 3, 1, 1, 1, 1, 1, 2, 2, 2, 1, 3, 2, 3, 3, 2, 1, 3, 5, 5, 1, 3, 5, 2, 4, 5, 5, 2, 1, 5, 2, 2, 2, 5, 2, 2, 4, 2, 3, 2, 2, 2, 4, 2, 1]

-------------

Current fitness of particle 0
: [38.94736842105263, 14.210526315789474, 20.0, 5.0, 0.2631578947368416, 80.71428571428571, 1.9047619047619033, 20.0, 27.61904761904762, 35.0]

Current fitness of particle 1
: [17.894736842105267, 24.736842105263158, 9.473684210526317, 5.0, 21.31578947368421, 59.28571428571429, 2.8571428571428577, 17.61904761904762, 30.0, 8.809523809523807]

Current fitness of particle 2
: [23.157894736842103, 24.736842105263158, 9.473684210526317, 10.789473684210526, 0.2631578947368416, 54.523809523809526, 10.0, 10.476190476190476, 6.190476190476193, 27.857142857142858]

Current fitness of particle 3
: [38.94736842105263, 24.736842105263158, 9.473684210526317, 5.0, 0.2631578947368416, 75.95238095238095, 2.8571428571428577, 17.61904761904762, 22.857142857142858, 32.61904761904762]

Current fitness of particle 4
: [33.68421052631578, 24.736842105263158, 20.0, 10.789473684210526, 0.2631578947368416, 56.904761904761905, 5.238095238095238, 17.61904761904762, 0.9523809523809526, 35.0]

Current fitness of particle 5
: [17.894736842105267, 24.736842105263158, 14.736842105263158, 21.31578947368421, 0.2631578947368416, 52.14285714285714, 10.0, 12.857142857142858, 3.3333333333333286, 32.61904761904762]

Current fitness of particle 6
: [17.894736842105267, 30.0, 9.473684210526317, 21.31578947368421, 0.2631578947368416, 49.761904761904766, 2.8571428571428577, 20.0, 5.714285714285715, 32.61904761904762]

Current fitness of particle 7
: [29.473684210526315, 30.0, 14.736842105263158, 52.89473684210527, 21.31578947368421, 9.285714285714285, 10.0, 17.61904761904762, 17.619047619047613, 0.7142857142857153]

Current fitness of particle 8
: [17.894736842105267, 30.0, 4.210526315789474, 16.052631578947366, 0.2631578947368416, 59.28571428571429, 10.0, 10.476190476190476, 3.8095238095238066, 35.0]

Current fitness of particle 9
: [34.73684210526316, 24.736842105263158, 20.0, 5.0, 84.47368421052632, 4.523809523809524, 7.619047619047619, 20.0, 30.0, 53.09523809523809]

Current fitness of particle 10
: [28.421052631578945, 24.736842105263158, 14.736842105263158, 10.789473684210526, 0.2631578947368416, 64.04761904761905, 7.619047619047619, 20.0, 3.8095238095238066, 32.61904761904762]

Current fitness of particle 11
: [33.68421052631578, 30.0, 14.736842105263158, 10.789473684210526, 0.2631578947368416, 54.523809523809526, 10.0, 12.857142857142858, 3.3333333333333286, 35.0]

Current fitness of particle 12
: [33.68421052631578, 24.736842105263158, 14.736842105263158, 5.0, 10.789473684210526, 73.57142857142857, 10.0, 12.857142857142858, 20.476190476190474, 30.238095238095237]

Current fitness of particle 13
: [33.68421052631578, 24.736842105263158, 20.0, 10.789473684210526, 0.2631578947368416, 52.14285714285714, 7.619047619047619, 12.857142857142858, 0.9523809523809526, 32.61904761904762]

Current fitness of particle 14
: [44.210526315789465, 19.473684210526315, 20.0, 5.0, 0.2631578947368416, 87.85714285714286, 7.619047619047619, 17.61904761904762, 30.0, 32.61904761904762]

[2, 3, 1, 1, 1, 1, 1, 2, 2, 2, 1, 3, 2, 3, 3, 2, 1, 3, 5, 5, 1, 3, 5, 2, 4, 5, 5, 2, 1, 5, 2, 2, 2, 5, 2, 2, 4, 2, 3, 2, 2, 2, 4, 2, 1]
[2, 3, 1, 1, 1, 1, 1, 2, 2, 2, 1, 3, 2, 3, 3, 2, 1, 3, 5, 5, 1, 3, 5, 2, 4, 5, 5, 2, 1, 5, 2, 2, 2, 5, 2, 2, 4, 2, 3, 2, 2, 2, 4, 2, 1]
[2, 3, 1, 1, 1, 1, 1, 2, 2, 2, 1, 3, 2, 3, 3, 2, 1, 3, 5, 5, 1, 3, 5, 2, 4, 5, 5, 2, 1, 5, 2, 2, 2, 5, 2, 2, 4, 2, 3, 2, 2, 2, 4, 2, 1]
[2, 3, 1, 1, 1, 1, 1, 2, 2, 2, 1, 3, 2, 3, 3, 2, 1, 3, 5, 5, 1, 3, 5, 2, 4, 5, 5, 2, 1, 5, 2, 2, 2, 5, 2, 2, 4, 2, 3, 2, 2, 2, 4, 2, 1]
[2, 3, 1, 1, 1, 1, 1, 2, 2, 2, 1, 3, 2, 3, 3, 2, 1, 3, 5, 5, 1, 3, 5, 2, 4, 5, 5, 2, 1, 5, 2, 2, 2, 5, 2, 2, 4, 2, 3, 2, 2, 2, 4, 2, 1]
[2, 3, 1, 1, 1, 1, 1, 2, 2, 2, 1, 3, 2, 3, 3, 2, 1, 3, 5, 5, 1, 3, 5, 2, 4, 5, 5, 2, 1, 5, 2, 2, 2, 5, 2, 2, 4, 2, 3, 2, 2, 2, 4, 2, 1]
[2, 3, 1, 1, 1, 1, 1, 2, 2, 2, 1, 3, 2, 3, 3, 2, 1, 3, 5, 5, 1, 3, 5, 2, 4, 5, 5, 2, 1, 5, 2, 2, 2, 5, 2, 2, 4, 2, 3, 2, 2, 2, 4, 2, 1]
[2, 3, 1, 1, 1, 1, 1, 2, 2, 2, 1, 3, 2, 3, 3, 2, 1, 3, 5, 5, 1, 3, 5, 2, 4, 5, 5, 2, 1, 5, 2, 2, 2, 5, 2, 2, 4, 2, 3, 2, 2, 2, 4, 2, 1]
[2, 3, 1, 1, 1, 1, 1, 2, 2, 2, 1, 3, 2, 3, 3, 2, 1, 3, 5, 5, 1, 3, 5, 2, 4, 5, 5, 2, 1, 5, 2, 2, 2, 5, 2, 2, 4, 2, 3, 2, 2, 2, 4, 2, 1]
[2, 3, 1, 1, 1, 1, 1, 2, 2, 2, 1, 3, 2, 3, 3, 2, 1, 3, 5, 5, 1, 3, 5, 2, 4, 5, 5, 2, 1, 5, 2, 2, 2, 5, 2, 2, 4, 2, 3, 2, 2, 2, 4, 2, 1]
[2, 3, 1, 1, 1, 1, 1, 2, 2, 2, 1, 3, 2, 3, 3, 2, 1, 3, 5, 5, 1, 3, 5, 2, 4, 5, 5, 2, 1, 5, 2, 2, 2, 5, 2, 2, 4, 2, 3, 2, 2, 2, 4, 2, 1]
[2, 3, 1, 1, 1, 1, 1, 2, 2, 2, 1, 3, 2, 3, 3, 2, 1, 3, 5, 5, 1, 3, 5, 2, 4, 5, 5, 2, 1, 5, 2, 2, 2, 5, 2, 2, 4, 2, 3, 2, 2, 2, 4, 2, 1]
[2, 3, 1, 1, 1, 1, 1, 2, 2, 2, 1, 3, 2, 3, 3, 2, 1, 3, 5, 5, 1, 3, 5, 2, 4, 5, 5, 2, 1, 5, 2, 2, 2, 5, 2, 2, 4, 2, 3, 2, 2, 2, 4, 2, 1]
[2, 3, 1, 1, 1, 1, 1, 2, 2, 2, 1, 3, 2, 3, 3, 2, 1, 3, 5, 5, 1, 3, 5, 2, 4, 5, 5, 2, 1, 5, 2, 2, 2, 5, 2, 2, 4, 2, 3, 2, 2, 2, 4, 2, 1]
[2, 3, 1, 1, 1, 1, 1, 2, 2, 2, 1, 3, 2, 3, 3, 2, 1, 3, 5, 5, 1, 3, 5, 2, 4, 5, 5, 2, 1, 5, 2, 2, 2, 5, 2, 2, 4, 2, 3, 2, 2, 2, 4, 2, 1]
[17.894736842105267, 24.736842105263158, 9.473684210526317, 5.0, 21.31578947368421, 56.904761904761905, 2.8571428571428577, 17.61904761904762, 30.0, 6.428571428571431]
[2, 3, 1, 1, 1, 1, 1, 2, 2, 2, 1, 3, 2, 3, 3, 2, 1, 3, 5, 5, 1, 3, 5, 2, 4, 5, 5, 2, 1, 5, 2, 2, 2, 5, 2, 2, 4, 2, 3, 2, 2, 2, 4, 2, 1]
