particle 0 is updating position
due to fitness value of: 
[12.173913043478258, 4.782608695652172, 6.9565217391304355, 5.0, 5.0, 57.96296296296296, 12.222222222222221, 5.185185185185187, 30.0, 35.0]
which is less than: 
null


[0.4468161599949494, 0.03647862515040812, 0.8142681853980718, 0.14096518863894858, 0.111207552943972, 0.6163967089854607, 0.4449317818123436, 0.9315571035867363, 0.8998041827572012, 0.6152231650010792, 0.7184596189117638, 0.5005020856479684, 0.8599831955237514, 0.11477299380848349, 0.8758887775752234, 0.10771932487885916, 16.0, 8.0, 52.0, 57.0, 25.0, 74.0, 13.0, 31.0, 59.0, 47.0, 91.0]
[0.4468161599949494, 0.03647862515040812, 0.8142681853980718, 0.14096518863894858, 0.111207552943972, 0.6163967089854607, 0.4449317818123436, 0.9315571035867363, 0.8998041827572012, 0.6152231650010792, 0.7184596189117638, 0.5005020856479684, 0.8599831955237514, 0.11477299380848349, 0.8758887775752234, 0.10771932487885916, 16.0, 8.0, 52.0, 57.0, 25.0, 74.0, 13.0, 31.0, 59.0, 47.0, 91.0]
particle 1 is updating position
due to fitness value of: 
[12.173913043478258, 30.0, 27.826086956521742, 5.0, 5.0, 50.55555555555556, 10.0, 17.037037037037038, 22.592592592592595, 35.0]
which is less than: 
[12.173913043478258, 4.782608695652172, 6.9565217391304355, 5.0, 5.0, 57.96296296296296, 12.222222222222221, 5.185185185185187, 30.0, 35.0]


[0.765174917917468, 0.6094799107810684, 0.19634824373497695, 0.5478041234937847, 0.2160419679732567, 0.37475900234864545, 0.36204933537204265, 0.7359640096092358, 0.6197259417650508, 0.6107852408918494, 0.7917592435666176, 0.9127991809547823, 0.8806646795020929, 0.5719924770382869, 0.23477145959414347, 0.41635539859218484, 49.0, 13.0, 2.0, 57.0, 47.0, 26.0, 88.0, 25.0, 88.0, 0.001, 94.0]
[0.765174917917468, 0.6094799107810684, 0.19634824373497695, 0.5478041234937847, 0.2160419679732567, 0.37475900234864545, 0.36204933537204265, 0.7359640096092358, 0.6197259417650508, 0.6107852408918494, 0.7917592435666176, 0.9127991809547823, 0.8806646795020929, 0.5719924770382869, 0.23477145959414347, 0.41635539859218484, 49.0, 13.0, 2.0, 57.0, 47.0, 26.0, 88.0, 25.0, 88.0, 0.001, 94.0]
particle 10 is updating position
due to fitness value of: 
[7.826086956521742, 30.0, 27.826086956521742, 5.0, 0.6521739130434785, 50.55555555555556, 10.0, 17.037037037037038, 30.0, 27.592592592592595]
which is less than: 
[12.173913043478258, 30.0, 27.826086956521742, 5.0, 5.0, 50.55555555555556, 10.0, 17.037037037037038, 22.592592592592595, 35.0]


[0.8555196751189094, 0.44248408195365363, 0.39160151603681725, 0.875713758845087, 0.43251138958239976, 0.5171778843149594, 0.8460013872407705, 0.12680271717116598, 0.024289627508815026, 0.5115526152095625, 0.4107148379400849, 0.7397185670230702, 0.03746970138051764, 0.7308027968598486, 0.69431656797232, 0.8140473641004405, 80.0, 46.0, 39.0, 75.0, 0.001, 97.0, 55.0, 98.0, 34.0, 80.0, 11.0]
[0.8555196751189094, 0.44248408195365363, 0.39160151603681725, 0.875713758845087, 0.43251138958239976, 0.5171778843149594, 0.8460013872407705, 0.12680271717116598, 0.024289627508815026, 0.5115526152095625, 0.4107148379400849, 0.7397185670230702, 0.03746970138051764, 0.7308027968598486, 0.69431656797232, 0.8140473641004405, 80.0, 46.0, 39.0, 75.0, 0.001, 97.0, 55.0, 98.0, 34.0, 80.0, 11.0]
particle 11 is updating position
due to fitness value of: 
[18.26086956521739, 30.0, 27.826086956521742, 5.0, 25.434782608695656, 13.518518518518519, 10.0, 5.925925925925924, 30.0, 20.555555555555557]
which is less than: 
[7.826086956521742, 30.0, 27.826086956521742, 5.0, 0.6521739130434785, 50.55555555555556, 10.0, 17.037037037037038, 30.0, 27.592592592592595]


[0.9184761524658565, 0.7468477878467783, 0.33629052096671086, 0.9579745670195805, 0.6263746691308661, 0.16832602782785622, 0.40348352976403223, 0.9009443172172669, 0.8652373649848855, 0.16057642239484904, 0.6655646682347207, 0.9374085591920741, 0.19674594355743502, 0.5786450680331059, 0.35503991890632447, 0.8573083075332267, 47.0, 100.0, 23.0, 9.0, 23.0, 97.0, 35.0, 68.0, 91.0, 50.0, 39.0]
[0.9184761524658565, 0.7468477878467783, 0.33629052096671086, 0.9579745670195805, 0.6263746691308661, 0.16832602782785622, 0.40348352976403223, 0.9009443172172669, 0.8652373649848855, 0.16057642239484904, 0.6655646682347207, 0.9374085591920741, 0.19674594355743502, 0.5786450680331059, 0.35503991890632447, 0.8573083075332267, 47.0, 100.0, 23.0, 9.0, 23.0, 97.0, 35.0, 68.0, 91.0, 50.0, 39.0]
particle 13 is updating position
due to fitness value of: 
[5.217391304347828, 30.0, 20.0, 21.08695652173913, 34.130434782608695, 9.814814814814813, 10.0, 20.0, 18.88888888888889, 39.074074074074076]
which is less than: 
[18.26086956521739, 30.0, 27.826086956521742, 5.0, 25.434782608695656, 13.518518518518519, 10.0, 5.925925925925924, 30.0, 20.555555555555557]


[0.06379570588939876, 0.38899486096230174, 0.4673678413144686, 0.15603107739684785, 0.9462902882452616, 0.549454060418128, 0.13427147455703325, 0.8875975658135835, 0.6487355632815662, 0.24246702016152755, 0.3343772903155372, 0.8861621474288262, 0.7827300647425717, 0.8247908658527976, 0.871064049302603, 0.5171944729564718, 9.0, 16.0, 63.0, 84.0, 82.0, 66.0, 96.0, 54.0, 37.0, 79.0, 0.001]
[0.06379570588939876, 0.38899486096230174, 0.4673678413144686, 0.15603107739684785, 0.9462902882452616, 0.549454060418128, 0.13427147455703325, 0.8875975658135835, 0.6487355632815662, 0.24246702016152755, 0.3343772903155372, 0.8861621474288262, 0.7827300647425717, 0.8247908658527976, 0.871064049302603, 0.5171944729564718, 9.0, 16.0, 63.0, 84.0, 82.0, 66.0, 96.0, 54.0, 37.0, 79.0, 0.001]
Iteration 0
Best Fitness
[5.217391304347828, 30.0, 20.0, 21.08695652173913, 34.130434782608695, 9.814814814814813, 10.0, 20.0, 18.88888888888889, 39.074074074074076]
Best Position
[0.06379570588939876, 0.38899486096230174, 0.4673678413144686, 0.15603107739684785, 0.9462902882452616, 0.549454060418128, 0.13427147455703325, 0.8875975658135835, 0.6487355632815662, 0.24246702016152755, 0.3343772903155372, 0.8861621474288262, 0.7827300647425717, 0.8247908658527976, 0.871064049302603, 0.5171944729564718, 9.0, 16.0, 63.0, 84.0, 82.0, 66.0, 96.0, 54.0, 37.0, 79.0, 0.001]

-------------

Current fitness of particle 0:
 [12.173913043478258, 4.782608695652172, 6.9565217391304355, 5.0, 5.0, 57.96296296296296, 12.222222222222221, 5.185185185185187, 30.0, 35.0]

Current fitness of particle 1:
 [12.173913043478258, 30.0, 27.826086956521742, 5.0, 5.0, 50.55555555555556, 10.0, 17.037037037037038, 22.592592592592595, 35.0]

Current fitness of particle 2:
 [40.0, 30.0, 20.0, 5.0, 95.0, 5.0, 10.0, 20.0, 30.0, 65.0]

Current fitness of particle 3:
 [35.65217391304348, 30.0, 14.782608695652172, 5.0, 55.86956521739131, 1.2962962962962967, 10.0, 2.2222222222222214, 30.0, 39.074074074074076]

Current fitness of particle 4:
 [35.65217391304348, 30.0, 10.434782608695656, 5.0, 60.21739130434783, 1.2962962962962967, 10.0, 8.88888888888889, 30.0, 50.18518518518519]

Current fitness of particle 5:
 [18.26086956521739, 13.478260869565219, 20.0, 5.0, 29.782608695652172, 13.518518518518519, 4.814814814814813, 20.0, 30.0, 31.666666666666657]

Current fitness of particle 6:
 [31.304347826086957, 30.0, 14.782608695652172, 5.0, 51.52173913043478, 6.111111111111111, 10.0, 16.296296296296298, 30.0, 50.18518518518519]

Current fitness of particle 7:
 [18.26086956521739, 13.478260869565219, 15.652173913043478, 5.0, 25.434782608695656, 13.518518518518519, 4.814814814814813, 8.88888888888889, 30.0, 20.555555555555557]

Current fitness of particle 8:
 [12.173913043478258, 17.826086956521742, 20.0, 5.0, 5.0, 57.96296296296296, 27.037037037037038, 20.0, 30.0, 35.0]

Current fitness of particle 9:
 [31.304347826086957, 30.0, 14.782608695652172, 34.130434782608695, 12.391304347826086, 6.111111111111111, 10.0, 2.2222222222222214, 18.148148148148145, 16.48148148148148]

Current fitness of particle 10:
 [7.826086956521742, 30.0, 27.826086956521742, 5.0, 0.6521739130434785, 50.55555555555556, 10.0, 17.037037037037038, 30.0, 27.592592592592595]

Current fitness of particle 11:
 [18.26086956521739, 30.0, 27.826086956521742, 5.0, 25.434782608695656, 13.518518518518519, 10.0, 5.925925925925924, 30.0, 20.555555555555557]

Current fitness of particle 12:
 [31.304347826086957, 30.0, 14.782608695652172, 5.0, 51.52173913043478, 6.111111111111111, 10.0, 16.296296296296298, 30.0, 50.18518518518519]

Current fitness of particle 13:
 [5.217391304347828, 30.0, 20.0, 21.08695652173913, 34.130434782608695, 9.814814814814813, 10.0, 20.0, 18.88888888888889, 39.074074074074076]

Current fitness of particle 14:
 [60.0, 30.0, 20.0, 5.0, 5.0, 91.29629629629629, 10.0, 20.0, 30.0, 31.296296296296298]

[0.06379570588939876, 0.38899486096230174, 0.4673678413144686, 0.15603107739684785, 0.9462902882452616, 0.549454060418128, 0.13427147455703325, 0.8875975658135835, 0.6487355632815662, 0.24246702016152755, 0.3343772903155372, 0.8861621474288262, 0.7827300647425717, 0.8247908658527976, 0.871064049302603, 0.5171944729564718, 9.0, 16.0, 63.0, 84.0, 82.0, 66.0, 96.0, 54.0, 37.0, 79.0, 0.001]
[0.06379570588939876, 0.38899486096230174, 0.4673678413144686, 0.15603107739684785, 0.9462902882452616, 0.549454060418128, 0.13427147455703325, 0.8875975658135835, 0.6487355632815662, 0.24246702016152755, 0.3343772903155372, 0.8861621474288262, 0.7827300647425717, 0.8247908658527976, 0.871064049302603, 0.5171944729564718, 9.0, 16.0, 63.0, 84.0, 82.0, 66.0, 96.0, 54.0, 37.0, 79.0, 0.001]
[0.06379570588939876, 0.38899486096230174, 0.4673678413144686, 0.15603107739684785, 0.9462902882452616, 0.549454060418128, 0.13427147455703325, 0.8875975658135835, 0.6487355632815662, 0.24246702016152755, 0.3343772903155372, 0.8861621474288262, 0.7827300647425717, 0.8247908658527976, 0.871064049302603, 0.5171944729564718, 9.0, 16.0, 63.0, 84.0, 82.0, 66.0, 96.0, 54.0, 37.0, 79.0, 0.001]
[0.06379570588939876, 0.38899486096230174, 0.4673678413144686, 0.15603107739684785, 0.9462902882452616, 0.549454060418128, 0.13427147455703325, 0.8875975658135835, 0.6487355632815662, 0.24246702016152755, 0.3343772903155372, 0.8861621474288262, 0.7827300647425717, 0.8247908658527976, 0.871064049302603, 0.5171944729564718, 9.0, 16.0, 63.0, 84.0, 82.0, 66.0, 96.0, 54.0, 37.0, 79.0, 0.001]
[0.06379570588939876, 0.38899486096230174, 0.4673678413144686, 0.15603107739684785, 0.9462902882452616, 0.549454060418128, 0.13427147455703325, 0.8875975658135835, 0.6487355632815662, 0.24246702016152755, 0.3343772903155372, 0.8861621474288262, 0.7827300647425717, 0.8247908658527976, 0.871064049302603, 0.5171944729564718, 9.0, 16.0, 63.0, 84.0, 82.0, 66.0, 96.0, 54.0, 37.0, 79.0, 0.001]
[0.06379570588939876, 0.38899486096230174, 0.4673678413144686, 0.15603107739684785, 0.9462902882452616, 0.549454060418128, 0.13427147455703325, 0.8875975658135835, 0.6487355632815662, 0.24246702016152755, 0.3343772903155372, 0.8861621474288262, 0.7827300647425717, 0.8247908658527976, 0.871064049302603, 0.5171944729564718, 9.0, 16.0, 63.0, 84.0, 82.0, 66.0, 96.0, 54.0, 37.0, 79.0, 0.001]
[0.06379570588939876, 0.38899486096230174, 0.4673678413144686, 0.15603107739684785, 0.9462902882452616, 0.549454060418128, 0.13427147455703325, 0.8875975658135835, 0.6487355632815662, 0.24246702016152755, 0.3343772903155372, 0.8861621474288262, 0.7827300647425717, 0.8247908658527976, 0.871064049302603, 0.5171944729564718, 9.0, 16.0, 63.0, 84.0, 82.0, 66.0, 96.0, 54.0, 37.0, 79.0, 0.001]
[0.06379570588939876, 0.38899486096230174, 0.4673678413144686, 0.15603107739684785, 0.9462902882452616, 0.549454060418128, 0.13427147455703325, 0.8875975658135835, 0.6487355632815662, 0.24246702016152755, 0.3343772903155372, 0.8861621474288262, 0.7827300647425717, 0.8247908658527976, 0.871064049302603, 0.5171944729564718, 9.0, 16.0, 63.0, 84.0, 82.0, 66.0, 96.0, 54.0, 37.0, 79.0, 0.001]
[0.06379570588939876, 0.38899486096230174, 0.4673678413144686, 0.15603107739684785, 0.9462902882452616, 0.549454060418128, 0.13427147455703325, 0.8875975658135835, 0.6487355632815662, 0.24246702016152755, 0.3343772903155372, 0.8861621474288262, 0.7827300647425717, 0.8247908658527976, 0.871064049302603, 0.5171944729564718, 9.0, 16.0, 63.0, 84.0, 82.0, 66.0, 96.0, 54.0, 37.0, 79.0, 0.001]
[0.06379570588939876, 0.38899486096230174, 0.4673678413144686, 0.15603107739684785, 0.9462902882452616, 0.549454060418128, 0.13427147455703325, 0.8875975658135835, 0.6487355632815662, 0.24246702016152755, 0.3343772903155372, 0.8861621474288262, 0.7827300647425717, 0.8247908658527976, 0.871064049302603, 0.5171944729564718, 9.0, 16.0, 63.0, 84.0, 82.0, 66.0, 96.0, 54.0, 37.0, 79.0, 0.001]
[0.06379570588939876, 0.38899486096230174, 0.4673678413144686, 0.15603107739684785, 0.9462902882452616, 0.549454060418128, 0.13427147455703325, 0.8875975658135835, 0.6487355632815662, 0.24246702016152755, 0.3343772903155372, 0.8861621474288262, 0.7827300647425717, 0.8247908658527976, 0.871064049302603, 0.5171944729564718, 9.0, 16.0, 63.0, 84.0, 82.0, 66.0, 96.0, 54.0, 37.0, 79.0, 0.001]
[0.06379570588939876, 0.38899486096230174, 0.4673678413144686, 0.15603107739684785, 0.9462902882452616, 0.549454060418128, 0.13427147455703325, 0.8875975658135835, 0.6487355632815662, 0.24246702016152755, 0.3343772903155372, 0.8861621474288262, 0.7827300647425717, 0.8247908658527976, 0.871064049302603, 0.5171944729564718, 9.0, 16.0, 63.0, 84.0, 82.0, 66.0, 96.0, 54.0, 37.0, 79.0, 0.001]
[0.06379570588939876, 0.38899486096230174, 0.4673678413144686, 0.15603107739684785, 0.9462902882452616, 0.549454060418128, 0.13427147455703325, 0.8875975658135835, 0.6487355632815662, 0.24246702016152755, 0.3343772903155372, 0.8861621474288262, 0.7827300647425717, 0.8247908658527976, 0.871064049302603, 0.5171944729564718, 9.0, 16.0, 63.0, 84.0, 82.0, 66.0, 96.0, 54.0, 37.0, 79.0, 0.001]
[0.06379570588939876, 0.38899486096230174, 0.4673678413144686, 0.15603107739684785, 0.9462902882452616, 0.549454060418128, 0.13427147455703325, 0.8875975658135835, 0.6487355632815662, 0.24246702016152755, 0.3343772903155372, 0.8861621474288262, 0.7827300647425717, 0.8247908658527976, 0.871064049302603, 0.5171944729564718, 9.0, 16.0, 63.0, 84.0, 82.0, 66.0, 96.0, 54.0, 37.0, 79.0, 0.001]
[0.06379570588939876, 0.38899486096230174, 0.4673678413144686, 0.15603107739684785, 0.9462902882452616, 0.549454060418128, 0.13427147455703325, 0.8875975658135835, 0.6487355632815662, 0.24246702016152755, 0.3343772903155372, 0.8861621474288262, 0.7827300647425717, 0.8247908658527976, 0.871064049302603, 0.5171944729564718, 9.0, 16.0, 63.0, 84.0, 82.0, 66.0, 96.0, 54.0, 37.0, 79.0, 0.001]
[5.217391304347828, 30.0, 20.0, 21.08695652173913, 34.130434782608695, 9.814814814814813, 10.0, 20.0, 18.88888888888889, 39.074074074074076]
[0.06379570588939876, 0.38899486096230174, 0.4673678413144686, 0.15603107739684785, 0.9462902882452616, 0.549454060418128, 0.13427147455703325, 0.8875975658135835, 0.6487355632815662, 0.24246702016152755, 0.3343772903155372, 0.8861621474288262, 0.7827300647425717, 0.8247908658527976, 0.871064049302603, 0.5171944729564718, 9.0, 16.0, 63.0, 84.0, 82.0, 66.0, 96.0, 54.0, 37.0, 79.0, 0.001]
particle 13 is updating position
due to fitness value of: 
[5.217391304347828, 30.0, 20.0, 21.08695652173913, 34.130434782608695, 9.814814814814813, 10.0, 20.0, 18.88888888888889, 39.074074074074076]
which is less than: 
[5.217391304347828, 30.0, 20.0, 21.08695652173913, 34.130434782608695, 9.814814814814813, 10.0, 20.0, 18.88888888888889, 39.074074074074076]


[0.06379570588939876, 0.38899486096230174, 0.4673678413144686, 0.15603107739684785, 0.9462902882452616, 0.549454060418128, 0.13427147455703325, 0.8875975658135835, 0.6487355632815662, 0.24246702016152755, 0.3343772903155372, 0.8861621474288262, 0.7827300647425717, 0.8247908658527976, 0.871064049302603, 0.5171944729564718, 9.0, 16.0, 63.0, 84.0, 82.0, 66.0, 96.0, 54.0, 37.0, 79.0, 0.001]
[0.06379570588939876, 0.38899486096230174, 0.4673678413144686, 0.15603107739684785, 0.9462902882452616, 0.549454060418128, 0.13427147455703325, 0.8875975658135835, 0.6487355632815662, 0.24246702016152755, 0.3343772903155372, 0.8861621474288262, 0.7827300647425717, 0.8247908658527976, 0.871064049302603, 0.5171944729564718, 9.0, 16.0, 63.0, 84.0, 82.0, 66.0, 96.0, 54.0, 37.0, 79.0, 0.001]
Iteration 1
Best Fitness
[5.217391304347828, 30.0, 20.0, 21.08695652173913, 34.130434782608695, 9.814814814814813, 10.0, 20.0, 18.88888888888889, 39.074074074074076]
Best Position
[0.06379570588939876, 0.38899486096230174, 0.4673678413144686, 0.15603107739684785, 0.9462902882452616, 0.549454060418128, 0.13427147455703325, 0.8875975658135835, 0.6487355632815662, 0.24246702016152755, 0.3343772903155372, 0.8861621474288262, 0.7827300647425717, 0.8247908658527976, 0.871064049302603, 0.5171944729564718, 9.0, 16.0, 63.0, 84.0, 82.0, 66.0, 96.0, 54.0, 37.0, 79.0, 0.001]

-------------

Current fitness of particle 0:
 [40.0, 30.0, 20.0, 5.0, 95.0, 5.0, 10.0, 20.0, 30.0, 65.0]

Current fitness of particle 1:
 [18.26086956521739, 30.0, 23.47826086956522, 29.782608695652172, 5.0, 13.518518518518519, 10.0, 5.185185185185187, 36.66666666666666, 35.0]

Current fitness of particle 2:
 [40.0, 30.0, 20.0, 5.0, 95.0, 5.0, 10.0, 20.0, 30.0, 65.0]

Current fitness of particle 3:
 [40.0, 30.0, 20.0, 5.0, 95.0, 5.0, 10.0, 20.0, 30.0, 65.0]

Current fitness of particle 4:
 [40.0, 30.0, 20.0, 5.0, 95.0, 5.0, 10.0, 20.0, 30.0, 65.0]

Current fitness of particle 5:
 [40.0, 30.0, 20.0, 5.0, 95.0, 5.0, 10.0, 20.0, 30.0, 65.0]

Current fitness of particle 6:
 [40.0, 30.0, 20.0, 5.0, 95.0, 5.0, 10.0, 20.0, 30.0, 65.0]

Current fitness of particle 7:
 [40.0, 30.0, 20.0, 5.0, 95.0, 5.0, 10.0, 20.0, 30.0, 65.0]

Current fitness of particle 8:
 [40.0, 30.0, 20.0, 5.0, 95.0, 5.0, 10.0, 20.0, 30.0, 65.0]

Current fitness of particle 9:
 [40.0, 30.0, 20.0, 5.0, 95.0, 5.0, 10.0, 20.0, 30.0, 65.0]

Current fitness of particle 10:
 [40.0, 30.0, 20.0, 5.0, 95.0, 5.0, 10.0, 20.0, 30.0, 65.0]

Current fitness of particle 11:
 [40.0, 30.0, 20.0, 5.0, 95.0, 5.0, 10.0, 20.0, 30.0, 65.0]

Current fitness of particle 12:
 [40.0, 30.0, 20.0, 5.0, 95.0, 5.0, 10.0, 20.0, 30.0, 65.0]

Current fitness of particle 13:
 [5.217391304347828, 30.0, 20.0, 21.08695652173913, 34.130434782608695, 9.814814814814813, 10.0, 20.0, 18.88888888888889, 39.074074074074076]

Current fitness of particle 14:
 [40.0, 30.0, 20.0, 5.0, 95.0, 5.0, 10.0, 20.0, 30.0, 65.0]

[0.06379570588939876, 0.38899486096230174, 0.4673678413144686, 0.15603107739684785, 0.9462902882452616, 0.549454060418128, 0.13427147455703325, 0.8875975658135835, 0.6487355632815662, 0.24246702016152755, 0.3343772903155372, 0.8861621474288262, 0.7827300647425717, 0.8247908658527976, 0.871064049302603, 0.5171944729564718, 9.0, 16.0, 63.0, 84.0, 82.0, 66.0, 96.0, 54.0, 37.0, 79.0, 0.001]
[0.06379570588939876, 0.38899486096230174, 0.4673678413144686, 0.15603107739684785, 0.9462902882452616, 0.549454060418128, 0.13427147455703325, 0.8875975658135835, 0.6487355632815662, 0.24246702016152755, 0.3343772903155372, 0.8861621474288262, 0.7827300647425717, 0.8247908658527976, 0.871064049302603, 0.5171944729564718, 9.0, 16.0, 63.0, 84.0, 82.0, 66.0, 96.0, 54.0, 37.0, 79.0, 0.001]
[0.06379570588939876, 0.38899486096230174, 0.4673678413144686, 0.15603107739684785, 0.9462902882452616, 0.549454060418128, 0.13427147455703325, 0.8875975658135835, 0.6487355632815662, 0.24246702016152755, 0.3343772903155372, 0.8861621474288262, 0.7827300647425717, 0.8247908658527976, 0.871064049302603, 0.5171944729564718, 9.0, 16.0, 63.0, 84.0, 82.0, 66.0, 96.0, 54.0, 37.0, 79.0, 0.001]
[0.06379570588939876, 0.38899486096230174, 0.4673678413144686, 0.15603107739684785, 0.9462902882452616, 0.549454060418128, 0.13427147455703325, 0.8875975658135835, 0.6487355632815662, 0.24246702016152755, 0.3343772903155372, 0.8861621474288262, 0.7827300647425717, 0.8247908658527976, 0.871064049302603, 0.5171944729564718, 9.0, 16.0, 63.0, 84.0, 82.0, 66.0, 96.0, 54.0, 37.0, 79.0, 0.001]
[0.06379570588939876, 0.38899486096230174, 0.4673678413144686, 0.15603107739684785, 0.9462902882452616, 0.549454060418128, 0.13427147455703325, 0.8875975658135835, 0.6487355632815662, 0.24246702016152755, 0.3343772903155372, 0.8861621474288262, 0.7827300647425717, 0.8247908658527976, 0.871064049302603, 0.5171944729564718, 9.0, 16.0, 63.0, 84.0, 82.0, 66.0, 96.0, 54.0, 37.0, 79.0, 0.001]
[0.06379570588939876, 0.38899486096230174, 0.4673678413144686, 0.15603107739684785, 0.9462902882452616, 0.549454060418128, 0.13427147455703325, 0.8875975658135835, 0.6487355632815662, 0.24246702016152755, 0.3343772903155372, 0.8861621474288262, 0.7827300647425717, 0.8247908658527976, 0.871064049302603, 0.5171944729564718, 9.0, 16.0, 63.0, 84.0, 82.0, 66.0, 96.0, 54.0, 37.0, 79.0, 0.001]
[0.06379570588939876, 0.38899486096230174, 0.4673678413144686, 0.15603107739684785, 0.9462902882452616, 0.549454060418128, 0.13427147455703325, 0.8875975658135835, 0.6487355632815662, 0.24246702016152755, 0.3343772903155372, 0.8861621474288262, 0.7827300647425717, 0.8247908658527976, 0.871064049302603, 0.5171944729564718, 9.0, 16.0, 63.0, 84.0, 82.0, 66.0, 96.0, 54.0, 37.0, 79.0, 0.001]
[0.06379570588939876, 0.38899486096230174, 0.4673678413144686, 0.15603107739684785, 0.9462902882452616, 0.549454060418128, 0.13427147455703325, 0.8875975658135835, 0.6487355632815662, 0.24246702016152755, 0.3343772903155372, 0.8861621474288262, 0.7827300647425717, 0.8247908658527976, 0.871064049302603, 0.5171944729564718, 9.0, 16.0, 63.0, 84.0, 82.0, 66.0, 96.0, 54.0, 37.0, 79.0, 0.001]
[0.06379570588939876, 0.38899486096230174, 0.4673678413144686, 0.15603107739684785, 0.9462902882452616, 0.549454060418128, 0.13427147455703325, 0.8875975658135835, 0.6487355632815662, 0.24246702016152755, 0.3343772903155372, 0.8861621474288262, 0.7827300647425717, 0.8247908658527976, 0.871064049302603, 0.5171944729564718, 9.0, 16.0, 63.0, 84.0, 82.0, 66.0, 96.0, 54.0, 37.0, 79.0, 0.001]
[0.06379570588939876, 0.38899486096230174, 0.4673678413144686, 0.15603107739684785, 0.9462902882452616, 0.549454060418128, 0.13427147455703325, 0.8875975658135835, 0.6487355632815662, 0.24246702016152755, 0.3343772903155372, 0.8861621474288262, 0.7827300647425717, 0.8247908658527976, 0.871064049302603, 0.5171944729564718, 9.0, 16.0, 63.0, 84.0, 82.0, 66.0, 96.0, 54.0, 37.0, 79.0, 0.001]
[0.06379570588939876, 0.38899486096230174, 0.4673678413144686, 0.15603107739684785, 0.9462902882452616, 0.549454060418128, 0.13427147455703325, 0.8875975658135835, 0.6487355632815662, 0.24246702016152755, 0.3343772903155372, 0.8861621474288262, 0.7827300647425717, 0.8247908658527976, 0.871064049302603, 0.5171944729564718, 9.0, 16.0, 63.0, 84.0, 82.0, 66.0, 96.0, 54.0, 37.0, 79.0, 0.001]
[0.06379570588939876, 0.38899486096230174, 0.4673678413144686, 0.15603107739684785, 0.9462902882452616, 0.549454060418128, 0.13427147455703325, 0.8875975658135835, 0.6487355632815662, 0.24246702016152755, 0.3343772903155372, 0.8861621474288262, 0.7827300647425717, 0.8247908658527976, 0.871064049302603, 0.5171944729564718, 9.0, 16.0, 63.0, 84.0, 82.0, 66.0, 96.0, 54.0, 37.0, 79.0, 0.001]
[0.06379570588939876, 0.38899486096230174, 0.4673678413144686, 0.15603107739684785, 0.9462902882452616, 0.549454060418128, 0.13427147455703325, 0.8875975658135835, 0.6487355632815662, 0.24246702016152755, 0.3343772903155372, 0.8861621474288262, 0.7827300647425717, 0.8247908658527976, 0.871064049302603, 0.5171944729564718, 9.0, 16.0, 63.0, 84.0, 82.0, 66.0, 96.0, 54.0, 37.0, 79.0, 0.001]
[0.06379570588939876, 0.38899486096230174, 0.4673678413144686, 0.15603107739684785, 0.9462902882452616, 0.549454060418128, 0.13427147455703325, 0.8875975658135835, 0.6487355632815662, 0.24246702016152755, 0.3343772903155372, 0.8861621474288262, 0.7827300647425717, 0.8247908658527976, 0.871064049302603, 0.5171944729564718, 9.0, 16.0, 63.0, 84.0, 82.0, 66.0, 96.0, 54.0, 37.0, 79.0, 0.001]
[0.06379570588939876, 0.38899486096230174, 0.4673678413144686, 0.15603107739684785, 0.9462902882452616, 0.549454060418128, 0.13427147455703325, 0.8875975658135835, 0.6487355632815662, 0.24246702016152755, 0.3343772903155372, 0.8861621474288262, 0.7827300647425717, 0.8247908658527976, 0.871064049302603, 0.5171944729564718, 9.0, 16.0, 63.0, 84.0, 82.0, 66.0, 96.0, 54.0, 37.0, 79.0, 0.001]
[5.217391304347828, 30.0, 20.0, 21.08695652173913, 34.130434782608695, 9.814814814814813, 10.0, 20.0, 18.88888888888889, 39.074074074074076]
[0.06379570588939876, 0.38899486096230174, 0.4673678413144686, 0.15603107739684785, 0.9462902882452616, 0.549454060418128, 0.13427147455703325, 0.8875975658135835, 0.6487355632815662, 0.24246702016152755, 0.3343772903155372, 0.8861621474288262, 0.7827300647425717, 0.8247908658527976, 0.871064049302603, 0.5171944729564718, 9.0, 16.0, 63.0, 84.0, 82.0, 66.0, 96.0, 54.0, 37.0, 79.0, 0.001]
particle 13 is updating position
due to fitness value of: 
[5.217391304347828, 30.0, 20.0, 21.08695652173913, 34.130434782608695, 9.814814814814813, 10.0, 20.0, 18.88888888888889, 39.074074074074076]
which is less than: 
[5.217391304347828, 30.0, 20.0, 21.08695652173913, 34.130434782608695, 9.814814814814813, 10.0, 20.0, 18.88888888888889, 39.074074074074076]


[0.06379570588939876, 0.38899486096230174, 0.4673678413144686, 0.15603107739684785, 0.9462902882452616, 0.549454060418128, 0.13427147455703325, 0.8875975658135835, 0.6487355632815662, 0.24246702016152755, 0.3343772903155372, 0.8861621474288262, 0.7827300647425717, 0.8247908658527976, 0.871064049302603, 0.5171944729564718, 9.0, 16.0, 63.0, 84.0, 82.0, 66.0, 96.0, 54.0, 37.0, 79.0, 0.001]
[0.06379570588939876, 0.38899486096230174, 0.4673678413144686, 0.15603107739684785, 0.9462902882452616, 0.549454060418128, 0.13427147455703325, 0.8875975658135835, 0.6487355632815662, 0.24246702016152755, 0.3343772903155372, 0.8861621474288262, 0.7827300647425717, 0.8247908658527976, 0.871064049302603, 0.5171944729564718, 9.0, 16.0, 63.0, 84.0, 82.0, 66.0, 96.0, 54.0, 37.0, 79.0, 0.001]
Iteration 2
Best Fitness
[5.217391304347828, 30.0, 20.0, 21.08695652173913, 34.130434782608695, 9.814814814814813, 10.0, 20.0, 18.88888888888889, 39.074074074074076]
Best Position
[0.06379570588939876, 0.38899486096230174, 0.4673678413144686, 0.15603107739684785, 0.9462902882452616, 0.549454060418128, 0.13427147455703325, 0.8875975658135835, 0.6487355632815662, 0.24246702016152755, 0.3343772903155372, 0.8861621474288262, 0.7827300647425717, 0.8247908658527976, 0.871064049302603, 0.5171944729564718, 9.0, 16.0, 63.0, 84.0, 82.0, 66.0, 96.0, 54.0, 37.0, 79.0, 0.001]

-------------

Current fitness of particle 0:
 [40.0, 30.0, 20.0, 5.0, 95.0, 5.0, 10.0, 20.0, 30.0, 65.0]

Current fitness of particle 1:
 [40.0, 30.0, 20.0, 5.0, 95.0, 5.0, 10.0, 20.0, 30.0, 65.0]

Current fitness of particle 2:
 [40.0, 30.0, 20.0, 38.47826086956522, 51.52173913043478, 5.0, 10.0, 20.0, 15.185185185185187, 50.18518518518519]

Current fitness of particle 3:
 [40.0, 30.0, 20.0, 5.0, 95.0, 5.0, 10.0, 20.0, 30.0, 65.0]

Current fitness of particle 4:
 [40.0, 30.0, 20.0, 5.0, 95.0, 5.0, 10.0, 20.0, 30.0, 65.0]

Current fitness of particle 5:
 [40.0, 30.0, 20.0, 5.0, 95.0, 5.0, 10.0, 20.0, 30.0, 65.0]

Current fitness of particle 6:
 [40.0, 30.0, 20.0, 5.0, 95.0, 5.0, 10.0, 20.0, 30.0, 65.0]

Current fitness of particle 7:
 [40.0, 30.0, 20.0, 5.0, 95.0, 5.0, 10.0, 20.0, 30.0, 65.0]

Current fitness of particle 8:
 [40.0, 30.0, 20.0, 5.0, 95.0, 5.0, 10.0, 20.0, 30.0, 65.0]

Current fitness of particle 9:
 [40.0, 30.0, 20.0, 5.0, 95.0, 5.0, 10.0, 20.0, 30.0, 65.0]

Current fitness of particle 10:
 [40.0, 30.0, 20.0, 5.0, 95.0, 5.0, 10.0, 20.0, 30.0, 65.0]

Current fitness of particle 11:
 [40.0, 30.0, 20.0, 5.0, 95.0, 5.0, 10.0, 20.0, 30.0, 65.0]

Current fitness of particle 12:
 [40.0, 30.0, 20.0, 34.130434782608695, 55.86956521739131, 5.0, 10.0, 20.0, 21.851851851851848, 13.148148148148145]

Current fitness of particle 13:
 [5.217391304347828, 30.0, 20.0, 21.08695652173913, 34.130434782608695, 9.814814814814813, 10.0, 20.0, 18.88888888888889, 39.074074074074076]

Current fitness of particle 14:
 [40.0, 30.0, 20.0, 5.0, 95.0, 5.0, 10.0, 20.0, 30.0, 65.0]

[0.06379570588939876, 0.38899486096230174, 0.4673678413144686, 0.15603107739684785, 0.9462902882452616, 0.549454060418128, 0.13427147455703325, 0.8875975658135835, 0.6487355632815662, 0.24246702016152755, 0.3343772903155372, 0.8861621474288262, 0.7827300647425717, 0.8247908658527976, 0.871064049302603, 0.5171944729564718, 9.0, 16.0, 63.0, 84.0, 82.0, 66.0, 96.0, 54.0, 37.0, 79.0, 0.001]
[0.06379570588939876, 0.38899486096230174, 0.4673678413144686, 0.15603107739684785, 0.9462902882452616, 0.549454060418128, 0.13427147455703325, 0.8875975658135835, 0.6487355632815662, 0.24246702016152755, 0.3343772903155372, 0.8861621474288262, 0.7827300647425717, 0.8247908658527976, 0.871064049302603, 0.5171944729564718, 9.0, 16.0, 63.0, 84.0, 82.0, 66.0, 96.0, 54.0, 37.0, 79.0, 0.001]
[0.06379570588939876, 0.38899486096230174, 0.4673678413144686, 0.15603107739684785, 0.9462902882452616, 0.549454060418128, 0.13427147455703325, 0.8875975658135835, 0.6487355632815662, 0.24246702016152755, 0.3343772903155372, 0.8861621474288262, 0.7827300647425717, 0.8247908658527976, 0.871064049302603, 0.5171944729564718, 9.0, 16.0, 63.0, 84.0, 82.0, 66.0, 96.0, 54.0, 37.0, 79.0, 0.001]
[0.06379570588939876, 0.38899486096230174, 0.4673678413144686, 0.15603107739684785, 0.9462902882452616, 0.549454060418128, 0.13427147455703325, 0.8875975658135835, 0.6487355632815662, 0.24246702016152755, 0.3343772903155372, 0.8861621474288262, 0.7827300647425717, 0.8247908658527976, 0.871064049302603, 0.5171944729564718, 9.0, 16.0, 63.0, 84.0, 82.0, 66.0, 96.0, 54.0, 37.0, 79.0, 0.001]
[0.06379570588939876, 0.38899486096230174, 0.4673678413144686, 0.15603107739684785, 0.9462902882452616, 0.549454060418128, 0.13427147455703325, 0.8875975658135835, 0.6487355632815662, 0.24246702016152755, 0.3343772903155372, 0.8861621474288262, 0.7827300647425717, 0.8247908658527976, 0.871064049302603, 0.5171944729564718, 9.0, 16.0, 63.0, 84.0, 82.0, 66.0, 96.0, 54.0, 37.0, 79.0, 0.001]
[0.06379570588939876, 0.38899486096230174, 0.4673678413144686, 0.15603107739684785, 0.9462902882452616, 0.549454060418128, 0.13427147455703325, 0.8875975658135835, 0.6487355632815662, 0.24246702016152755, 0.3343772903155372, 0.8861621474288262, 0.7827300647425717, 0.8247908658527976, 0.871064049302603, 0.5171944729564718, 9.0, 16.0, 63.0, 84.0, 82.0, 66.0, 96.0, 54.0, 37.0, 79.0, 0.001]
[0.06379570588939876, 0.38899486096230174, 0.4673678413144686, 0.15603107739684785, 0.9462902882452616, 0.549454060418128, 0.13427147455703325, 0.8875975658135835, 0.6487355632815662, 0.24246702016152755, 0.3343772903155372, 0.8861621474288262, 0.7827300647425717, 0.8247908658527976, 0.871064049302603, 0.5171944729564718, 9.0, 16.0, 63.0, 84.0, 82.0, 66.0, 96.0, 54.0, 37.0, 79.0, 0.001]
[0.06379570588939876, 0.38899486096230174, 0.4673678413144686, 0.15603107739684785, 0.9462902882452616, 0.549454060418128, 0.13427147455703325, 0.8875975658135835, 0.6487355632815662, 0.24246702016152755, 0.3343772903155372, 0.8861621474288262, 0.7827300647425717, 0.8247908658527976, 0.871064049302603, 0.5171944729564718, 9.0, 16.0, 63.0, 84.0, 82.0, 66.0, 96.0, 54.0, 37.0, 79.0, 0.001]
[0.06379570588939876, 0.38899486096230174, 0.4673678413144686, 0.15603107739684785, 0.9462902882452616, 0.549454060418128, 0.13427147455703325, 0.8875975658135835, 0.6487355632815662, 0.24246702016152755, 0.3343772903155372, 0.8861621474288262, 0.7827300647425717, 0.8247908658527976, 0.871064049302603, 0.5171944729564718, 9.0, 16.0, 63.0, 84.0, 82.0, 66.0, 96.0, 54.0, 37.0, 79.0, 0.001]
[0.06379570588939876, 0.38899486096230174, 0.4673678413144686, 0.15603107739684785, 0.9462902882452616, 0.549454060418128, 0.13427147455703325, 0.8875975658135835, 0.6487355632815662, 0.24246702016152755, 0.3343772903155372, 0.8861621474288262, 0.7827300647425717, 0.8247908658527976, 0.871064049302603, 0.5171944729564718, 9.0, 16.0, 63.0, 84.0, 82.0, 66.0, 96.0, 54.0, 37.0, 79.0, 0.001]
[0.06379570588939876, 0.38899486096230174, 0.4673678413144686, 0.15603107739684785, 0.9462902882452616, 0.549454060418128, 0.13427147455703325, 0.8875975658135835, 0.6487355632815662, 0.24246702016152755, 0.3343772903155372, 0.8861621474288262, 0.7827300647425717, 0.8247908658527976, 0.871064049302603, 0.5171944729564718, 9.0, 16.0, 63.0, 84.0, 82.0, 66.0, 96.0, 54.0, 37.0, 79.0, 0.001]
[0.06379570588939876, 0.38899486096230174, 0.4673678413144686, 0.15603107739684785, 0.9462902882452616, 0.549454060418128, 0.13427147455703325, 0.8875975658135835, 0.6487355632815662, 0.24246702016152755, 0.3343772903155372, 0.8861621474288262, 0.7827300647425717, 0.8247908658527976, 0.871064049302603, 0.5171944729564718, 9.0, 16.0, 63.0, 84.0, 82.0, 66.0, 96.0, 54.0, 37.0, 79.0, 0.001]
[0.06379570588939876, 0.38899486096230174, 0.4673678413144686, 0.15603107739684785, 0.9462902882452616, 0.549454060418128, 0.13427147455703325, 0.8875975658135835, 0.6487355632815662, 0.24246702016152755, 0.3343772903155372, 0.8861621474288262, 0.7827300647425717, 0.8247908658527976, 0.871064049302603, 0.5171944729564718, 9.0, 16.0, 63.0, 84.0, 82.0, 66.0, 96.0, 54.0, 37.0, 79.0, 0.001]
[0.06379570588939876, 0.38899486096230174, 0.4673678413144686, 0.15603107739684785, 0.9462902882452616, 0.549454060418128, 0.13427147455703325, 0.8875975658135835, 0.6487355632815662, 0.24246702016152755, 0.3343772903155372, 0.8861621474288262, 0.7827300647425717, 0.8247908658527976, 0.871064049302603, 0.5171944729564718, 9.0, 16.0, 63.0, 84.0, 82.0, 66.0, 96.0, 54.0, 37.0, 79.0, 0.001]
[0.06379570588939876, 0.38899486096230174, 0.4673678413144686, 0.15603107739684785, 0.9462902882452616, 0.549454060418128, 0.13427147455703325, 0.8875975658135835, 0.6487355632815662, 0.24246702016152755, 0.3343772903155372, 0.8861621474288262, 0.7827300647425717, 0.8247908658527976, 0.871064049302603, 0.5171944729564718, 9.0, 16.0, 63.0, 84.0, 82.0, 66.0, 96.0, 54.0, 37.0, 79.0, 0.001]
[5.217391304347828, 30.0, 20.0, 21.08695652173913, 34.130434782608695, 9.814814814814813, 10.0, 20.0, 18.88888888888889, 39.074074074074076]
[0.06379570588939876, 0.38899486096230174, 0.4673678413144686, 0.15603107739684785, 0.9462902882452616, 0.549454060418128, 0.13427147455703325, 0.8875975658135835, 0.6487355632815662, 0.24246702016152755, 0.3343772903155372, 0.8861621474288262, 0.7827300647425717, 0.8247908658527976, 0.871064049302603, 0.5171944729564718, 9.0, 16.0, 63.0, 84.0, 82.0, 66.0, 96.0, 54.0, 37.0, 79.0, 0.001]
particle 2 is updating position
due to fitness value of: 
[35.65217391304348, 30.0, 20.0, 55.86956521739131, 29.782608695652172, 1.2962962962962967, 10.0, 16.296296296296298, 4.074074074074076, 31.666666666666657]
which is less than: 
[5.217391304347828, 30.0, 20.0, 21.08695652173913, 34.130434782608695, 9.814814814814813, 10.0, 20.0, 18.88888888888889, 39.074074074074076]


[0.4752562283875564, 0.09364396911824346, 0.5612180500049644, 0.001, 0.8953695599348845, 0.6412173436763697, 0.8987898382260079, 1.0, 1.0, 0.001, 0.001, 1.0, 0.9068876450514418, 1.0, 1.0, 0.16473898012530197, 24.96239078577817, 0.001, 36.833173448019906, 100.0, 100.0, 73.49980860985787, 100.0, 70.52488978947295, 17.276427022466518, 100.0, 0.001]
[0.4752562283875564, 0.09364396911824346, 0.5612180500049644, 0.001, 0.8953695599348845, 0.6412173436763697, 0.8987898382260079, 1.0, 1.0, 0.001, 0.001, 1.0, 0.9068876450514418, 1.0, 1.0, 0.16473898012530197, 24.96239078577817, 0.001, 36.833173448019906, 100.0, 100.0, 73.49980860985787, 100.0, 70.52488978947295, 17.276427022466518, 100.0, 0.001]
Iteration 3
Best Fitness
[35.65217391304348, 30.0, 20.0, 55.86956521739131, 29.782608695652172, 1.2962962962962967, 10.0, 16.296296296296298, 4.074074074074076, 31.666666666666657]
Best Position
[0.4752562283875564, 0.09364396911824346, 0.5612180500049644, 0.001, 0.8953695599348845, 0.6412173436763697, 0.8987898382260079, 1.0, 1.0, 0.001, 0.001, 1.0, 0.9068876450514418, 1.0, 1.0, 0.16473898012530197, 24.96239078577817, 0.001, 36.833173448019906, 100.0, 100.0, 73.49980860985787, 100.0, 70.52488978947295, 17.276427022466518, 100.0, 0.001]

-------------

Current fitness of particle 0:
 [40.0, 30.0, 20.0, 5.0, 95.0, 5.0, 10.0, 20.0, 30.0, 65.0]

Current fitness of particle 1:
 [40.0, 30.0, 20.0, 5.0, 95.0, 5.0, 10.0, 20.0, 30.0, 65.0]

Current fitness of particle 2:
 [35.65217391304348, 30.0, 20.0, 55.86956521739131, 29.782608695652172, 1.2962962962962967, 10.0, 16.296296296296298, 4.074074074074076, 31.666666666666657]

Current fitness of particle 3:
 [40.0, 30.0, 20.0, 5.0, 95.0, 5.0, 10.0, 20.0, 30.0, 65.0]

Current fitness of particle 4:
 [40.0, 30.0, 20.0, 5.0, 95.0, 5.0, 10.0, 20.0, 30.0, 65.0]

Current fitness of particle 5:
 [40.0, 30.0, 20.0, 5.0, 95.0, 5.0, 10.0, 20.0, 30.0, 65.0]

Current fitness of particle 6:
 [40.0, 30.0, 20.0, 5.0, 95.0, 5.0, 10.0, 20.0, 30.0, 65.0]

Current fitness of particle 7:
 [40.0, 30.0, 20.0, 5.0, 95.0, 5.0, 10.0, 20.0, 30.0, 65.0]

Current fitness of particle 8:
 [40.0, 30.0, 20.0, 5.0, 95.0, 5.0, 10.0, 20.0, 30.0, 65.0]

Current fitness of particle 9:
 [40.0, 30.0, 20.0, 5.0, 95.0, 5.0, 10.0, 20.0, 30.0, 65.0]

Current fitness of particle 10:
 [40.0, 30.0, 20.0, 5.0, 95.0, 5.0, 10.0, 20.0, 30.0, 65.0]

Current fitness of particle 11:
 [40.0, 30.0, 20.0, 5.0, 95.0, 5.0, 10.0, 20.0, 30.0, 65.0]

Current fitness of particle 12:
 [40.0, 30.0, 20.0, 25.434782608695656, 64.56521739130434, 5.0, 10.0, 20.0, 18.148148148148145, 16.851851851851848]

Current fitness of particle 13:
 [5.217391304347828, 30.0, 20.0, 21.08695652173913, 34.130434782608695, 9.814814814814813, 10.0, 20.0, 18.88888888888889, 39.074074074074076]

Current fitness of particle 14:
 [40.0, 30.0, 20.0, 5.0, 95.0, 5.0, 10.0, 20.0, 30.0, 65.0]

[0.4752562283875564, 0.09364396911824346, 0.5612180500049644, 0.001, 0.8953695599348845, 0.6412173436763697, 0.8987898382260079, 1.0, 1.0, 0.001, 0.001, 1.0, 0.9068876450514418, 1.0, 1.0, 0.16473898012530197, 24.96239078577817, 0.001, 36.833173448019906, 100.0, 100.0, 73.49980860985787, 100.0, 70.52488978947295, 17.276427022466518, 100.0, 0.001]
[0.4752562283875564, 0.09364396911824346, 0.5612180500049644, 0.001, 0.8953695599348845, 0.6412173436763697, 0.8987898382260079, 1.0, 1.0, 0.001, 0.001, 1.0, 0.9068876450514418, 1.0, 1.0, 0.16473898012530197, 24.96239078577817, 0.001, 36.833173448019906, 100.0, 100.0, 73.49980860985787, 100.0, 70.52488978947295, 17.276427022466518, 100.0, 0.001]
[0.4752562283875564, 0.09364396911824346, 0.5612180500049644, 0.001, 0.8953695599348845, 0.6412173436763697, 0.8987898382260079, 1.0, 1.0, 0.001, 0.001, 1.0, 0.9068876450514418, 1.0, 1.0, 0.16473898012530197, 24.96239078577817, 0.001, 36.833173448019906, 100.0, 100.0, 73.49980860985787, 100.0, 70.52488978947295, 17.276427022466518, 100.0, 0.001]
[0.4752562283875564, 0.09364396911824346, 0.5612180500049644, 0.001, 0.8953695599348845, 0.6412173436763697, 0.8987898382260079, 1.0, 1.0, 0.001, 0.001, 1.0, 0.9068876450514418, 1.0, 1.0, 0.16473898012530197, 24.96239078577817, 0.001, 36.833173448019906, 100.0, 100.0, 73.49980860985787, 100.0, 70.52488978947295, 17.276427022466518, 100.0, 0.001]
[0.4752562283875564, 0.09364396911824346, 0.5612180500049644, 0.001, 0.8953695599348845, 0.6412173436763697, 0.8987898382260079, 1.0, 1.0, 0.001, 0.001, 1.0, 0.9068876450514418, 1.0, 1.0, 0.16473898012530197, 24.96239078577817, 0.001, 36.833173448019906, 100.0, 100.0, 73.49980860985787, 100.0, 70.52488978947295, 17.276427022466518, 100.0, 0.001]
[0.4752562283875564, 0.09364396911824346, 0.5612180500049644, 0.001, 0.8953695599348845, 0.6412173436763697, 0.8987898382260079, 1.0, 1.0, 0.001, 0.001, 1.0, 0.9068876450514418, 1.0, 1.0, 0.16473898012530197, 24.96239078577817, 0.001, 36.833173448019906, 100.0, 100.0, 73.49980860985787, 100.0, 70.52488978947295, 17.276427022466518, 100.0, 0.001]
[0.4752562283875564, 0.09364396911824346, 0.5612180500049644, 0.001, 0.8953695599348845, 0.6412173436763697, 0.8987898382260079, 1.0, 1.0, 0.001, 0.001, 1.0, 0.9068876450514418, 1.0, 1.0, 0.16473898012530197, 24.96239078577817, 0.001, 36.833173448019906, 100.0, 100.0, 73.49980860985787, 100.0, 70.52488978947295, 17.276427022466518, 100.0, 0.001]
[0.4752562283875564, 0.09364396911824346, 0.5612180500049644, 0.001, 0.8953695599348845, 0.6412173436763697, 0.8987898382260079, 1.0, 1.0, 0.001, 0.001, 1.0, 0.9068876450514418, 1.0, 1.0, 0.16473898012530197, 24.96239078577817, 0.001, 36.833173448019906, 100.0, 100.0, 73.49980860985787, 100.0, 70.52488978947295, 17.276427022466518, 100.0, 0.001]
[0.4752562283875564, 0.09364396911824346, 0.5612180500049644, 0.001, 0.8953695599348845, 0.6412173436763697, 0.8987898382260079, 1.0, 1.0, 0.001, 0.001, 1.0, 0.9068876450514418, 1.0, 1.0, 0.16473898012530197, 24.96239078577817, 0.001, 36.833173448019906, 100.0, 100.0, 73.49980860985787, 100.0, 70.52488978947295, 17.276427022466518, 100.0, 0.001]
[0.4752562283875564, 0.09364396911824346, 0.5612180500049644, 0.001, 0.8953695599348845, 0.6412173436763697, 0.8987898382260079, 1.0, 1.0, 0.001, 0.001, 1.0, 0.9068876450514418, 1.0, 1.0, 0.16473898012530197, 24.96239078577817, 0.001, 36.833173448019906, 100.0, 100.0, 73.49980860985787, 100.0, 70.52488978947295, 17.276427022466518, 100.0, 0.001]
[0.4752562283875564, 0.09364396911824346, 0.5612180500049644, 0.001, 0.8953695599348845, 0.6412173436763697, 0.8987898382260079, 1.0, 1.0, 0.001, 0.001, 1.0, 0.9068876450514418, 1.0, 1.0, 0.16473898012530197, 24.96239078577817, 0.001, 36.833173448019906, 100.0, 100.0, 73.49980860985787, 100.0, 70.52488978947295, 17.276427022466518, 100.0, 0.001]
[0.4752562283875564, 0.09364396911824346, 0.5612180500049644, 0.001, 0.8953695599348845, 0.6412173436763697, 0.8987898382260079, 1.0, 1.0, 0.001, 0.001, 1.0, 0.9068876450514418, 1.0, 1.0, 0.16473898012530197, 24.96239078577817, 0.001, 36.833173448019906, 100.0, 100.0, 73.49980860985787, 100.0, 70.52488978947295, 17.276427022466518, 100.0, 0.001]
[0.4752562283875564, 0.09364396911824346, 0.5612180500049644, 0.001, 0.8953695599348845, 0.6412173436763697, 0.8987898382260079, 1.0, 1.0, 0.001, 0.001, 1.0, 0.9068876450514418, 1.0, 1.0, 0.16473898012530197, 24.96239078577817, 0.001, 36.833173448019906, 100.0, 100.0, 73.49980860985787, 100.0, 70.52488978947295, 17.276427022466518, 100.0, 0.001]
[0.4752562283875564, 0.09364396911824346, 0.5612180500049644, 0.001, 0.8953695599348845, 0.6412173436763697, 0.8987898382260079, 1.0, 1.0, 0.001, 0.001, 1.0, 0.9068876450514418, 1.0, 1.0, 0.16473898012530197, 24.96239078577817, 0.001, 36.833173448019906, 100.0, 100.0, 73.49980860985787, 100.0, 70.52488978947295, 17.276427022466518, 100.0, 0.001]
[0.4752562283875564, 0.09364396911824346, 0.5612180500049644, 0.001, 0.8953695599348845, 0.6412173436763697, 0.8987898382260079, 1.0, 1.0, 0.001, 0.001, 1.0, 0.9068876450514418, 1.0, 1.0, 0.16473898012530197, 24.96239078577817, 0.001, 36.833173448019906, 100.0, 100.0, 73.49980860985787, 100.0, 70.52488978947295, 17.276427022466518, 100.0, 0.001]
[35.65217391304348, 30.0, 20.0, 55.86956521739131, 29.782608695652172, 1.2962962962962967, 10.0, 16.296296296296298, 4.074074074074076, 31.666666666666657]
[0.4752562283875564, 0.09364396911824346, 0.5612180500049644, 0.001, 0.8953695599348845, 0.6412173436763697, 0.8987898382260079, 1.0, 1.0, 0.001, 0.001, 1.0, 0.9068876450514418, 1.0, 1.0, 0.16473898012530197, 24.96239078577817, 0.001, 36.833173448019906, 100.0, 100.0, 73.49980860985787, 100.0, 70.52488978947295, 17.276427022466518, 100.0, 0.001]
particle 2 is updating position
due to fitness value of: 
[35.65217391304348, 30.0, 20.0, 55.86956521739131, 29.782608695652172, 1.2962962962962967, 10.0, 16.296296296296298, 4.074074074074076, 31.666666666666657]
which is less than: 
[35.65217391304348, 30.0, 20.0, 55.86956521739131, 29.782608695652172, 1.2962962962962967, 10.0, 16.296296296296298, 4.074074074074076, 31.666666666666657]


[0.4752562283875564, 0.09364396911824346, 0.5612180500049644, 0.001, 0.8953695599348845, 0.6412173436763697, 0.8987898382260079, 1.0, 1.0, 0.001, 0.001, 1.0, 0.9068876450514418, 1.0, 1.0, 0.16473898012530197, 24.96239078577817, 0.001, 36.833173448019906, 100.0, 100.0, 73.49980860985787, 100.0, 70.52488978947295, 17.276427022466518, 100.0, 0.001]
[0.4752562283875564, 0.09364396911824346, 0.5612180500049644, 0.001, 0.8953695599348845, 0.6412173436763697, 0.8987898382260079, 1.0, 1.0, 0.001, 0.001, 1.0, 0.9068876450514418, 1.0, 1.0, 0.16473898012530197, 24.96239078577817, 0.001, 36.833173448019906, 100.0, 100.0, 73.49980860985787, 100.0, 70.52488978947295, 17.276427022466518, 100.0, 0.001]
Iteration 4
Best Fitness
[35.65217391304348, 30.0, 20.0, 55.86956521739131, 29.782608695652172, 1.2962962962962967, 10.0, 16.296296296296298, 4.074074074074076, 31.666666666666657]
Best Position
[0.4752562283875564, 0.09364396911824346, 0.5612180500049644, 0.001, 0.8953695599348845, 0.6412173436763697, 0.8987898382260079, 1.0, 1.0, 0.001, 0.001, 1.0, 0.9068876450514418, 1.0, 1.0, 0.16473898012530197, 24.96239078577817, 0.001, 36.833173448019906, 100.0, 100.0, 73.49980860985787, 100.0, 70.52488978947295, 17.276427022466518, 100.0, 0.001]

-------------

Current fitness of particle 0:
 [40.0, 30.0, 20.0, 5.0, 95.0, 5.0, 10.0, 20.0, 30.0, 65.0]

Current fitness of particle 1:
 [40.0, 30.0, 20.0, 5.0, 95.0, 5.0, 10.0, 20.0, 30.0, 65.0]

Current fitness of particle 2:
 [35.65217391304348, 30.0, 20.0, 55.86956521739131, 29.782608695652172, 1.2962962962962967, 10.0, 16.296296296296298, 4.074074074074076, 31.666666666666657]

Current fitness of particle 3:
 [40.0, 30.0, 20.0, 5.0, 95.0, 5.0, 10.0, 20.0, 30.0, 65.0]

Current fitness of particle 4:
 [40.0, 30.0, 20.0, 5.0, 95.0, 5.0, 10.0, 20.0, 30.0, 65.0]

Current fitness of particle 5:
 [40.0, 30.0, 20.0, 29.782608695652172, 60.21739130434783, 5.0, 10.0, 20.0, 36.66666666666666, 1.6666666666666714]

Current fitness of particle 6:
 [40.0, 30.0, 20.0, 5.0, 95.0, 5.0, 10.0, 20.0, 30.0, 65.0]

Current fitness of particle 7:
 [40.0, 30.0, 20.0, 5.0, 95.0, 5.0, 10.0, 20.0, 30.0, 65.0]

Current fitness of particle 8:
 [40.0, 30.0, 20.0, 29.782608695652172, 60.21739130434783, 5.0, 10.0, 20.0, 36.66666666666666, 1.6666666666666714]

Current fitness of particle 9:
 [40.0, 30.0, 20.0, 5.0, 95.0, 5.0, 10.0, 20.0, 30.0, 65.0]

Current fitness of particle 10:
 [40.0, 30.0, 20.0, 5.0, 95.0, 5.0, 10.0, 20.0, 30.0, 65.0]

Current fitness of particle 11:
 [40.0, 30.0, 20.0, 5.0, 95.0, 5.0, 10.0, 20.0, 30.0, 65.0]

Current fitness of particle 12:
 [40.0, 30.0, 20.0, 5.0, 95.0, 5.0, 10.0, 20.0, 30.0, 65.0]

Current fitness of particle 13:
 [40.0, 30.0, 20.0, 5.0, 95.0, 5.0, 10.0, 20.0, 30.0, 65.0]

Current fitness of particle 14:
 [40.0, 30.0, 20.0, 5.0, 95.0, 5.0, 10.0, 20.0, 30.0, 65.0]

[0.4752562283875564, 0.09364396911824346, 0.5612180500049644, 0.001, 0.8953695599348845, 0.6412173436763697, 0.8987898382260079, 1.0, 1.0, 0.001, 0.001, 1.0, 0.9068876450514418, 1.0, 1.0, 0.16473898012530197, 24.96239078577817, 0.001, 36.833173448019906, 100.0, 100.0, 73.49980860985787, 100.0, 70.52488978947295, 17.276427022466518, 100.0, 0.001]
[0.4752562283875564, 0.09364396911824346, 0.5612180500049644, 0.001, 0.8953695599348845, 0.6412173436763697, 0.8987898382260079, 1.0, 1.0, 0.001, 0.001, 1.0, 0.9068876450514418, 1.0, 1.0, 0.16473898012530197, 24.96239078577817, 0.001, 36.833173448019906, 100.0, 100.0, 73.49980860985787, 100.0, 70.52488978947295, 17.276427022466518, 100.0, 0.001]
[0.4752562283875564, 0.09364396911824346, 0.5612180500049644, 0.001, 0.8953695599348845, 0.6412173436763697, 0.8987898382260079, 1.0, 1.0, 0.001, 0.001, 1.0, 0.9068876450514418, 1.0, 1.0, 0.16473898012530197, 24.96239078577817, 0.001, 36.833173448019906, 100.0, 100.0, 73.49980860985787, 100.0, 70.52488978947295, 17.276427022466518, 100.0, 0.001]
[0.4752562283875564, 0.09364396911824346, 0.5612180500049644, 0.001, 0.8953695599348845, 0.6412173436763697, 0.8987898382260079, 1.0, 1.0, 0.001, 0.001, 1.0, 0.9068876450514418, 1.0, 1.0, 0.16473898012530197, 24.96239078577817, 0.001, 36.833173448019906, 100.0, 100.0, 73.49980860985787, 100.0, 70.52488978947295, 17.276427022466518, 100.0, 0.001]
[0.4752562283875564, 0.09364396911824346, 0.5612180500049644, 0.001, 0.8953695599348845, 0.6412173436763697, 0.8987898382260079, 1.0, 1.0, 0.001, 0.001, 1.0, 0.9068876450514418, 1.0, 1.0, 0.16473898012530197, 24.96239078577817, 0.001, 36.833173448019906, 100.0, 100.0, 73.49980860985787, 100.0, 70.52488978947295, 17.276427022466518, 100.0, 0.001]
[0.4752562283875564, 0.09364396911824346, 0.5612180500049644, 0.001, 0.8953695599348845, 0.6412173436763697, 0.8987898382260079, 1.0, 1.0, 0.001, 0.001, 1.0, 0.9068876450514418, 1.0, 1.0, 0.16473898012530197, 24.96239078577817, 0.001, 36.833173448019906, 100.0, 100.0, 73.49980860985787, 100.0, 70.52488978947295, 17.276427022466518, 100.0, 0.001]
[0.4752562283875564, 0.09364396911824346, 0.5612180500049644, 0.001, 0.8953695599348845, 0.6412173436763697, 0.8987898382260079, 1.0, 1.0, 0.001, 0.001, 1.0, 0.9068876450514418, 1.0, 1.0, 0.16473898012530197, 24.96239078577817, 0.001, 36.833173448019906, 100.0, 100.0, 73.49980860985787, 100.0, 70.52488978947295, 17.276427022466518, 100.0, 0.001]
[0.4752562283875564, 0.09364396911824346, 0.5612180500049644, 0.001, 0.8953695599348845, 0.6412173436763697, 0.8987898382260079, 1.0, 1.0, 0.001, 0.001, 1.0, 0.9068876450514418, 1.0, 1.0, 0.16473898012530197, 24.96239078577817, 0.001, 36.833173448019906, 100.0, 100.0, 73.49980860985787, 100.0, 70.52488978947295, 17.276427022466518, 100.0, 0.001]
[0.4752562283875564, 0.09364396911824346, 0.5612180500049644, 0.001, 0.8953695599348845, 0.6412173436763697, 0.8987898382260079, 1.0, 1.0, 0.001, 0.001, 1.0, 0.9068876450514418, 1.0, 1.0, 0.16473898012530197, 24.96239078577817, 0.001, 36.833173448019906, 100.0, 100.0, 73.49980860985787, 100.0, 70.52488978947295, 17.276427022466518, 100.0, 0.001]
[0.4752562283875564, 0.09364396911824346, 0.5612180500049644, 0.001, 0.8953695599348845, 0.6412173436763697, 0.8987898382260079, 1.0, 1.0, 0.001, 0.001, 1.0, 0.9068876450514418, 1.0, 1.0, 0.16473898012530197, 24.96239078577817, 0.001, 36.833173448019906, 100.0, 100.0, 73.49980860985787, 100.0, 70.52488978947295, 17.276427022466518, 100.0, 0.001]
[0.4752562283875564, 0.09364396911824346, 0.5612180500049644, 0.001, 0.8953695599348845, 0.6412173436763697, 0.8987898382260079, 1.0, 1.0, 0.001, 0.001, 1.0, 0.9068876450514418, 1.0, 1.0, 0.16473898012530197, 24.96239078577817, 0.001, 36.833173448019906, 100.0, 100.0, 73.49980860985787, 100.0, 70.52488978947295, 17.276427022466518, 100.0, 0.001]
[0.4752562283875564, 0.09364396911824346, 0.5612180500049644, 0.001, 0.8953695599348845, 0.6412173436763697, 0.8987898382260079, 1.0, 1.0, 0.001, 0.001, 1.0, 0.9068876450514418, 1.0, 1.0, 0.16473898012530197, 24.96239078577817, 0.001, 36.833173448019906, 100.0, 100.0, 73.49980860985787, 100.0, 70.52488978947295, 17.276427022466518, 100.0, 0.001]
[0.4752562283875564, 0.09364396911824346, 0.5612180500049644, 0.001, 0.8953695599348845, 0.6412173436763697, 0.8987898382260079, 1.0, 1.0, 0.001, 0.001, 1.0, 0.9068876450514418, 1.0, 1.0, 0.16473898012530197, 24.96239078577817, 0.001, 36.833173448019906, 100.0, 100.0, 73.49980860985787, 100.0, 70.52488978947295, 17.276427022466518, 100.0, 0.001]
[0.4752562283875564, 0.09364396911824346, 0.5612180500049644, 0.001, 0.8953695599348845, 0.6412173436763697, 0.8987898382260079, 1.0, 1.0, 0.001, 0.001, 1.0, 0.9068876450514418, 1.0, 1.0, 0.16473898012530197, 24.96239078577817, 0.001, 36.833173448019906, 100.0, 100.0, 73.49980860985787, 100.0, 70.52488978947295, 17.276427022466518, 100.0, 0.001]
[0.4752562283875564, 0.09364396911824346, 0.5612180500049644, 0.001, 0.8953695599348845, 0.6412173436763697, 0.8987898382260079, 1.0, 1.0, 0.001, 0.001, 1.0, 0.9068876450514418, 1.0, 1.0, 0.16473898012530197, 24.96239078577817, 0.001, 36.833173448019906, 100.0, 100.0, 73.49980860985787, 100.0, 70.52488978947295, 17.276427022466518, 100.0, 0.001]
[35.65217391304348, 30.0, 20.0, 55.86956521739131, 29.782608695652172, 1.2962962962962967, 10.0, 16.296296296296298, 4.074074074074076, 31.666666666666657]
[0.4752562283875564, 0.09364396911824346, 0.5612180500049644, 0.001, 0.8953695599348845, 0.6412173436763697, 0.8987898382260079, 1.0, 1.0, 0.001, 0.001, 1.0, 0.9068876450514418, 1.0, 1.0, 0.16473898012530197, 24.96239078577817, 0.001, 36.833173448019906, 100.0, 100.0, 73.49980860985787, 100.0, 70.52488978947295, 17.276427022466518, 100.0, 0.001]
