particle 0 is updating position
due to fitness value of: 
[9.696969696969695, 30.0, 19.39393939393939, 25.303030303030305, 5.0, 20.0, 10.0, 17.5, 7.5, 35.0]
which is less than: 
null


[0.8143615976667711, 0.9071700409286132, 0.3162816430496881, 0.8082599742326846, 0.2001428097177388, 0.013170188487999668, 0.32672036790023473, 0.803947542690888, 0.5751118159234403, 0.3686515962794221, 0.9785542828424988, 0.6825393802258005, 0.4901143915639322, 0.3419530885519787, 0.4196626211622997, 0.2033574702669957, 72.0, 70.0, 69.0, 100.0, 29.0, 1.0, 58.0, 60.0, 42.0, 24.0, 47.0]
[0.8143615976667711, 0.9071700409286132, 0.3162816430496881, 0.8082599742326846, 0.2001428097177388, 0.013170188487999668, 0.32672036790023473, 0.803947542690888, 0.5751118159234403, 0.3686515962794221, 0.9785542828424988, 0.6825393802258005, 0.4901143915639322, 0.3419530885519787, 0.4196626211622997, 0.2033574702669957, 72.0, 70.0, 69.0, 100.0, 29.0, 1.0, 58.0, 60.0, 42.0, 24.0, 47.0]
Iteration 0
Best Fitness
[9.696969696969695, 30.0, 19.39393939393939, 25.303030303030305, 5.0, 20.0, 10.0, 17.5, 7.5, 35.0]
Best Position
[0.8143615976667711, 0.9071700409286132, 0.3162816430496881, 0.8082599742326846, 0.2001428097177388, 0.013170188487999668, 0.32672036790023473, 0.803947542690888, 0.5751118159234403, 0.3686515962794221, 0.9785542828424988, 0.6825393802258005, 0.4901143915639322, 0.3419530885519787, 0.4196626211622997, 0.2033574702669957, 72.0, 70.0, 69.0, 100.0, 29.0, 1.0, 58.0, 60.0, 42.0, 24.0, 47.0]

-------------

Current fitness of particle 0:
 [9.696969696969695, 30.0, 19.39393939393939, 25.303030303030305, 5.0, 20.0, 10.0, 17.5, 7.5, 35.0]

Current fitness of particle 1:
 [17.575757575757578, 12.424242424242422, 20.0, 5.0, 5.0, 52.49999999999999, 32.5, 20.0, 30.0, 35.0]

Current fitness of particle 2:
 [15.757575757575758, 2.72727272727273, 20.0, 5.0, 43.484848484848484, 10.0, 17.500000000000004, 20.0, 30.0, 22.499999999999993]

Current fitness of particle 3:
 [36.96969696969697, 30.0, 1.212121212121211, 67.72727272727273, 1.9696969696969697, 2.5, 10.0, 2.5, 45.0, 35.0]

Current fitness of particle 4:
 [15.757575757575758, 30.0, 7.27272727272727, 5.0, 43.484848484848484, 10.0, 10.0, 7.5000000000000036, 30.0, 22.499999999999993]

Current fitness of particle 5:
 [36.96969696969697, 17.87878787878788, 10.909090909090908, 5.0, 70.75757575757575, 2.5, 10.0, 17.5, 30.0, 40.0]

Current fitness of particle 6:
 [15.757575757575758, 6.363636363636367, 20.0, 31.363636363636367, 1.9696969696969697, 15.0, 25.0, 20.0, 15.0, 35.0]

Current fitness of particle 7:
 [27.87878787878788, 14.848484848484848, 7.878787878787879, 10.151515151515152, 40.45454545454545, 10.0, 10.0, 12.5, 30.0, 22.499999999999993]

Current fitness of particle 8:
 [17.575757575757578, 30.0, 19.39393939393939, 5.0, 1.9696969696969697, 52.49999999999999, 10.0, 22.5, 30.0, 35.0]

Current fitness of particle 9:
 [36.96969696969697, 30.0, 10.303030303030305, 5.0, 61.66666666666666, 2.5, 10.0, 10.0, 30.0, 27.5]

Current fitness of particle 10:
 [36.96969696969697, 0.30303030303030454, 20.0, 5.0, 61.66666666666666, 2.5, 20.0, 20.0, 30.0, 27.5]

Current fitness of particle 11:
 [14.54545454545454, 30.0, 10.303030303030305, 5.0, 10.151515151515152, 47.5, 10.0, 20.0, 30.0, 27.5]

Current fitness of particle 12:
 [18.78787878787879, 17.87878787878788, 20.0, 5.0, 61.66666666666666, 20.0, 10.0, 15.0, 30.0, 15.0]

Current fitness of particle 13:
 [17.575757575757578, 30.0, 19.39393939393939, 5.0, 1.9696969696969697, 52.49999999999999, 10.0, 22.5, 30.0, 35.0]

Current fitness of particle 14:
 [44.848484848484844, 30.0, 4.848484848484848, 5.0, 5.0, 80.0, 10.0, 5.0, 30.0, 35.0]

[0.8143615976667711, 0.9071700409286132, 0.3162816430496881, 0.8082599742326846, 0.2001428097177388, 0.013170188487999668, 0.32672036790023473, 0.803947542690888, 0.5751118159234403, 0.3686515962794221, 0.9785542828424988, 0.6825393802258005, 0.4901143915639322, 0.3419530885519787, 0.4196626211622997, 0.2033574702669957, 72.0, 70.0, 69.0, 100.0, 29.0, 1.0, 58.0, 60.0, 42.0, 24.0, 47.0]
[0.8143615976667711, 0.9071700409286132, 0.3162816430496881, 0.8082599742326846, 0.2001428097177388, 0.013170188487999668, 0.32672036790023473, 0.803947542690888, 0.5751118159234403, 0.3686515962794221, 0.9785542828424988, 0.6825393802258005, 0.4901143915639322, 0.3419530885519787, 0.4196626211622997, 0.2033574702669957, 72.0, 70.0, 69.0, 100.0, 29.0, 1.0, 58.0, 60.0, 42.0, 24.0, 47.0]
[0.8143615976667711, 0.9071700409286132, 0.3162816430496881, 0.8082599742326846, 0.2001428097177388, 0.013170188487999668, 0.32672036790023473, 0.803947542690888, 0.5751118159234403, 0.3686515962794221, 0.9785542828424988, 0.6825393802258005, 0.4901143915639322, 0.3419530885519787, 0.4196626211622997, 0.2033574702669957, 72.0, 70.0, 69.0, 100.0, 29.0, 1.0, 58.0, 60.0, 42.0, 24.0, 47.0]
[0.8143615976667711, 0.9071700409286132, 0.3162816430496881, 0.8082599742326846, 0.2001428097177388, 0.013170188487999668, 0.32672036790023473, 0.803947542690888, 0.5751118159234403, 0.3686515962794221, 0.9785542828424988, 0.6825393802258005, 0.4901143915639322, 0.3419530885519787, 0.4196626211622997, 0.2033574702669957, 72.0, 70.0, 69.0, 100.0, 29.0, 1.0, 58.0, 60.0, 42.0, 24.0, 47.0]
[0.8143615976667711, 0.9071700409286132, 0.3162816430496881, 0.8082599742326846, 0.2001428097177388, 0.013170188487999668, 0.32672036790023473, 0.803947542690888, 0.5751118159234403, 0.3686515962794221, 0.9785542828424988, 0.6825393802258005, 0.4901143915639322, 0.3419530885519787, 0.4196626211622997, 0.2033574702669957, 72.0, 70.0, 69.0, 100.0, 29.0, 1.0, 58.0, 60.0, 42.0, 24.0, 47.0]
[0.8143615976667711, 0.9071700409286132, 0.3162816430496881, 0.8082599742326846, 0.2001428097177388, 0.013170188487999668, 0.32672036790023473, 0.803947542690888, 0.5751118159234403, 0.3686515962794221, 0.9785542828424988, 0.6825393802258005, 0.4901143915639322, 0.3419530885519787, 0.4196626211622997, 0.2033574702669957, 72.0, 70.0, 69.0, 100.0, 29.0, 1.0, 58.0, 60.0, 42.0, 24.0, 47.0]
[0.8143615976667711, 0.9071700409286132, 0.3162816430496881, 0.8082599742326846, 0.2001428097177388, 0.013170188487999668, 0.32672036790023473, 0.803947542690888, 0.5751118159234403, 0.3686515962794221, 0.9785542828424988, 0.6825393802258005, 0.4901143915639322, 0.3419530885519787, 0.4196626211622997, 0.2033574702669957, 72.0, 70.0, 69.0, 100.0, 29.0, 1.0, 58.0, 60.0, 42.0, 24.0, 47.0]
[0.8143615976667711, 0.9071700409286132, 0.3162816430496881, 0.8082599742326846, 0.2001428097177388, 0.013170188487999668, 0.32672036790023473, 0.803947542690888, 0.5751118159234403, 0.3686515962794221, 0.9785542828424988, 0.6825393802258005, 0.4901143915639322, 0.3419530885519787, 0.4196626211622997, 0.2033574702669957, 72.0, 70.0, 69.0, 100.0, 29.0, 1.0, 58.0, 60.0, 42.0, 24.0, 47.0]
[0.8143615976667711, 0.9071700409286132, 0.3162816430496881, 0.8082599742326846, 0.2001428097177388, 0.013170188487999668, 0.32672036790023473, 0.803947542690888, 0.5751118159234403, 0.3686515962794221, 0.9785542828424988, 0.6825393802258005, 0.4901143915639322, 0.3419530885519787, 0.4196626211622997, 0.2033574702669957, 72.0, 70.0, 69.0, 100.0, 29.0, 1.0, 58.0, 60.0, 42.0, 24.0, 47.0]
[0.8143615976667711, 0.9071700409286132, 0.3162816430496881, 0.8082599742326846, 0.2001428097177388, 0.013170188487999668, 0.32672036790023473, 0.803947542690888, 0.5751118159234403, 0.3686515962794221, 0.9785542828424988, 0.6825393802258005, 0.4901143915639322, 0.3419530885519787, 0.4196626211622997, 0.2033574702669957, 72.0, 70.0, 69.0, 100.0, 29.0, 1.0, 58.0, 60.0, 42.0, 24.0, 47.0]
[0.8143615976667711, 0.9071700409286132, 0.3162816430496881, 0.8082599742326846, 0.2001428097177388, 0.013170188487999668, 0.32672036790023473, 0.803947542690888, 0.5751118159234403, 0.3686515962794221, 0.9785542828424988, 0.6825393802258005, 0.4901143915639322, 0.3419530885519787, 0.4196626211622997, 0.2033574702669957, 72.0, 70.0, 69.0, 100.0, 29.0, 1.0, 58.0, 60.0, 42.0, 24.0, 47.0]
[0.8143615976667711, 0.9071700409286132, 0.3162816430496881, 0.8082599742326846, 0.2001428097177388, 0.013170188487999668, 0.32672036790023473, 0.803947542690888, 0.5751118159234403, 0.3686515962794221, 0.9785542828424988, 0.6825393802258005, 0.4901143915639322, 0.3419530885519787, 0.4196626211622997, 0.2033574702669957, 72.0, 70.0, 69.0, 100.0, 29.0, 1.0, 58.0, 60.0, 42.0, 24.0, 47.0]
[0.8143615976667711, 0.9071700409286132, 0.3162816430496881, 0.8082599742326846, 0.2001428097177388, 0.013170188487999668, 0.32672036790023473, 0.803947542690888, 0.5751118159234403, 0.3686515962794221, 0.9785542828424988, 0.6825393802258005, 0.4901143915639322, 0.3419530885519787, 0.4196626211622997, 0.2033574702669957, 72.0, 70.0, 69.0, 100.0, 29.0, 1.0, 58.0, 60.0, 42.0, 24.0, 47.0]
[0.8143615976667711, 0.9071700409286132, 0.3162816430496881, 0.8082599742326846, 0.2001428097177388, 0.013170188487999668, 0.32672036790023473, 0.803947542690888, 0.5751118159234403, 0.3686515962794221, 0.9785542828424988, 0.6825393802258005, 0.4901143915639322, 0.3419530885519787, 0.4196626211622997, 0.2033574702669957, 72.0, 70.0, 69.0, 100.0, 29.0, 1.0, 58.0, 60.0, 42.0, 24.0, 47.0]
[0.8143615976667711, 0.9071700409286132, 0.3162816430496881, 0.8082599742326846, 0.2001428097177388, 0.013170188487999668, 0.32672036790023473, 0.803947542690888, 0.5751118159234403, 0.3686515962794221, 0.9785542828424988, 0.6825393802258005, 0.4901143915639322, 0.3419530885519787, 0.4196626211622997, 0.2033574702669957, 72.0, 70.0, 69.0, 100.0, 29.0, 1.0, 58.0, 60.0, 42.0, 24.0, 47.0]
[9.696969696969695, 30.0, 19.39393939393939, 25.303030303030305, 5.0, 20.0, 10.0, 17.5, 7.5, 35.0]
[0.8143615976667711, 0.9071700409286132, 0.3162816430496881, 0.8082599742326846, 0.2001428097177388, 0.013170188487999668, 0.32672036790023473, 0.803947542690888, 0.5751118159234403, 0.3686515962794221, 0.9785542828424988, 0.6825393802258005, 0.4901143915639322, 0.3419530885519787, 0.4196626211622997, 0.2033574702669957, 72.0, 70.0, 69.0, 100.0, 29.0, 1.0, 58.0, 60.0, 42.0, 24.0, 47.0]
particle 0 is updating position
due to fitness value of: 
[9.696969696969695, 30.0, 19.39393939393939, 25.303030303030305, 5.0, 20.0, 10.0, 17.5, 7.5, 35.0]
which is less than: 
[9.696969696969695, 30.0, 19.39393939393939, 25.303030303030305, 5.0, 20.0, 10.0, 17.5, 7.5, 35.0]


[0.8143615976667711, 0.9071700409286132, 0.3162816430496881, 0.8082599742326846, 0.2001428097177388, 0.013170188487999668, 0.32672036790023473, 0.803947542690888, 0.5751118159234403, 0.3686515962794221, 0.9785542828424988, 0.6825393802258005, 0.4901143915639322, 0.3419530885519787, 0.4196626211622997, 0.2033574702669957, 72.0, 70.0, 69.0, 100.0, 29.0, 1.0, 58.0, 60.0, 42.0, 24.0, 47.0]
[0.8143615976667711, 0.9071700409286132, 0.3162816430496881, 0.8082599742326846, 0.2001428097177388, 0.013170188487999668, 0.32672036790023473, 0.803947542690888, 0.5751118159234403, 0.3686515962794221, 0.9785542828424988, 0.6825393802258005, 0.4901143915639322, 0.3419530885519787, 0.4196626211622997, 0.2033574702669957, 72.0, 70.0, 69.0, 100.0, 29.0, 1.0, 58.0, 60.0, 42.0, 24.0, 47.0]
Iteration 1
Best Fitness
[9.696969696969695, 30.0, 19.39393939393939, 25.303030303030305, 5.0, 20.0, 10.0, 17.5, 7.5, 35.0]
Best Position
[0.8143615976667711, 0.9071700409286132, 0.3162816430496881, 0.8082599742326846, 0.2001428097177388, 0.013170188487999668, 0.32672036790023473, 0.803947542690888, 0.5751118159234403, 0.3686515962794221, 0.9785542828424988, 0.6825393802258005, 0.4901143915639322, 0.3419530885519787, 0.4196626211622997, 0.2033574702669957, 72.0, 70.0, 69.0, 100.0, 29.0, 1.0, 58.0, 60.0, 42.0, 24.0, 47.0]

-------------

Current fitness of particle 0:
 [9.696969696969695, 30.0, 19.39393939393939, 25.303030303030305, 5.0, 20.0, 10.0, 17.5, 7.5, 35.0]

Current fitness of particle 1:
 [36.96969696969697, 30.0, 7.27272727272727, 1.0606060606060606, 58.63636363636363, 2.5, 10.0, 10.0, 30.0, 27.5]

Current fitness of particle 2:
 [40.0, 30.0, 20.0, 5.0, 95.0, 5.0, 10.0, 20.0, 30.0, 65.0]

Current fitness of particle 3:
 [40.0, 30.0, 20.0, 5.0, 95.0, 5.0, 10.0, 20.0, 30.0, 65.0]

Current fitness of particle 4:
 [40.0, 30.0, 20.0, 5.0, 95.0, 5.0, 10.0, 20.0, 30.0, 65.0]

Current fitness of particle 5:
 [36.96969696969697, 30.0, 1.212121212121211, 5.0, 70.75757575757575, 2.5, 10.0, 2.5, 30.0, 40.0]

Current fitness of particle 6:
 [40.0, 30.0, 20.0, 5.0, 95.0, 5.0, 10.0, 20.0, 30.0, 65.0]

Current fitness of particle 7:
 [36.96969696969697, 30.0, 4.242424242424242, 43.484848484848484, 19.242424242424242, 2.5, 10.0, 5.0, 22.5, 15.0]

Current fitness of particle 8:
 [40.0, 30.0, 20.0, 5.0, 95.0, 5.0, 10.0, 20.0, 30.0, 65.0]

Current fitness of particle 9:
 [40.0, 30.0, 20.0, 5.0, 95.0, 5.0, 10.0, 20.0, 30.0, 65.0]

Current fitness of particle 10:
 [40.0, 30.0, 20.0, 5.0, 95.0, 5.0, 10.0, 20.0, 30.0, 65.0]

Current fitness of particle 11:
 [36.96969696969697, 30.0, 10.303030303030305, 1.9696969696969697, 58.63636363636363, 2.5, 10.0, 10.0, 30.0, 27.5]

Current fitness of particle 12:
 [36.96969696969697, 30.0, 1.212121212121211, 22.27272727272727, 43.484848484848484, 2.5, 10.0, 2.5, 12.5, 22.499999999999993]

Current fitness of particle 13:
 [36.96969696969697, 30.0, 1.212121212121211, 22.27272727272727, 43.484848484848484, 2.5, 10.0, 2.5, 12.5, 22.499999999999993]

Current fitness of particle 14:
 [36.96969696969697, 30.0, 1.212121212121211, 4.090909090909092, 61.66666666666666, 2.5, 10.0, 2.5, 17.5, 27.5]

[0.8143615976667711, 0.9071700409286132, 0.3162816430496881, 0.8082599742326846, 0.2001428097177388, 0.013170188487999668, 0.32672036790023473, 0.803947542690888, 0.5751118159234403, 0.3686515962794221, 0.9785542828424988, 0.6825393802258005, 0.4901143915639322, 0.3419530885519787, 0.4196626211622997, 0.2033574702669957, 72.0, 70.0, 69.0, 100.0, 29.0, 1.0, 58.0, 60.0, 42.0, 24.0, 47.0]
[0.8143615976667711, 0.9071700409286132, 0.3162816430496881, 0.8082599742326846, 0.2001428097177388, 0.013170188487999668, 0.32672036790023473, 0.803947542690888, 0.5751118159234403, 0.3686515962794221, 0.9785542828424988, 0.6825393802258005, 0.4901143915639322, 0.3419530885519787, 0.4196626211622997, 0.2033574702669957, 72.0, 70.0, 69.0, 100.0, 29.0, 1.0, 58.0, 60.0, 42.0, 24.0, 47.0]
[0.8143615976667711, 0.9071700409286132, 0.3162816430496881, 0.8082599742326846, 0.2001428097177388, 0.013170188487999668, 0.32672036790023473, 0.803947542690888, 0.5751118159234403, 0.3686515962794221, 0.9785542828424988, 0.6825393802258005, 0.4901143915639322, 0.3419530885519787, 0.4196626211622997, 0.2033574702669957, 72.0, 70.0, 69.0, 100.0, 29.0, 1.0, 58.0, 60.0, 42.0, 24.0, 47.0]
[0.8143615976667711, 0.9071700409286132, 0.3162816430496881, 0.8082599742326846, 0.2001428097177388, 0.013170188487999668, 0.32672036790023473, 0.803947542690888, 0.5751118159234403, 0.3686515962794221, 0.9785542828424988, 0.6825393802258005, 0.4901143915639322, 0.3419530885519787, 0.4196626211622997, 0.2033574702669957, 72.0, 70.0, 69.0, 100.0, 29.0, 1.0, 58.0, 60.0, 42.0, 24.0, 47.0]
[0.8143615976667711, 0.9071700409286132, 0.3162816430496881, 0.8082599742326846, 0.2001428097177388, 0.013170188487999668, 0.32672036790023473, 0.803947542690888, 0.5751118159234403, 0.3686515962794221, 0.9785542828424988, 0.6825393802258005, 0.4901143915639322, 0.3419530885519787, 0.4196626211622997, 0.2033574702669957, 72.0, 70.0, 69.0, 100.0, 29.0, 1.0, 58.0, 60.0, 42.0, 24.0, 47.0]
[0.8143615976667711, 0.9071700409286132, 0.3162816430496881, 0.8082599742326846, 0.2001428097177388, 0.013170188487999668, 0.32672036790023473, 0.803947542690888, 0.5751118159234403, 0.3686515962794221, 0.9785542828424988, 0.6825393802258005, 0.4901143915639322, 0.3419530885519787, 0.4196626211622997, 0.2033574702669957, 72.0, 70.0, 69.0, 100.0, 29.0, 1.0, 58.0, 60.0, 42.0, 24.0, 47.0]
[0.8143615976667711, 0.9071700409286132, 0.3162816430496881, 0.8082599742326846, 0.2001428097177388, 0.013170188487999668, 0.32672036790023473, 0.803947542690888, 0.5751118159234403, 0.3686515962794221, 0.9785542828424988, 0.6825393802258005, 0.4901143915639322, 0.3419530885519787, 0.4196626211622997, 0.2033574702669957, 72.0, 70.0, 69.0, 100.0, 29.0, 1.0, 58.0, 60.0, 42.0, 24.0, 47.0]
[0.8143615976667711, 0.9071700409286132, 0.3162816430496881, 0.8082599742326846, 0.2001428097177388, 0.013170188487999668, 0.32672036790023473, 0.803947542690888, 0.5751118159234403, 0.3686515962794221, 0.9785542828424988, 0.6825393802258005, 0.4901143915639322, 0.3419530885519787, 0.4196626211622997, 0.2033574702669957, 72.0, 70.0, 69.0, 100.0, 29.0, 1.0, 58.0, 60.0, 42.0, 24.0, 47.0]
[0.8143615976667711, 0.9071700409286132, 0.3162816430496881, 0.8082599742326846, 0.2001428097177388, 0.013170188487999668, 0.32672036790023473, 0.803947542690888, 0.5751118159234403, 0.3686515962794221, 0.9785542828424988, 0.6825393802258005, 0.4901143915639322, 0.3419530885519787, 0.4196626211622997, 0.2033574702669957, 72.0, 70.0, 69.0, 100.0, 29.0, 1.0, 58.0, 60.0, 42.0, 24.0, 47.0]
[0.8143615976667711, 0.9071700409286132, 0.3162816430496881, 0.8082599742326846, 0.2001428097177388, 0.013170188487999668, 0.32672036790023473, 0.803947542690888, 0.5751118159234403, 0.3686515962794221, 0.9785542828424988, 0.6825393802258005, 0.4901143915639322, 0.3419530885519787, 0.4196626211622997, 0.2033574702669957, 72.0, 70.0, 69.0, 100.0, 29.0, 1.0, 58.0, 60.0, 42.0, 24.0, 47.0]
[0.8143615976667711, 0.9071700409286132, 0.3162816430496881, 0.8082599742326846, 0.2001428097177388, 0.013170188487999668, 0.32672036790023473, 0.803947542690888, 0.5751118159234403, 0.3686515962794221, 0.9785542828424988, 0.6825393802258005, 0.4901143915639322, 0.3419530885519787, 0.4196626211622997, 0.2033574702669957, 72.0, 70.0, 69.0, 100.0, 29.0, 1.0, 58.0, 60.0, 42.0, 24.0, 47.0]
[0.8143615976667711, 0.9071700409286132, 0.3162816430496881, 0.8082599742326846, 0.2001428097177388, 0.013170188487999668, 0.32672036790023473, 0.803947542690888, 0.5751118159234403, 0.3686515962794221, 0.9785542828424988, 0.6825393802258005, 0.4901143915639322, 0.3419530885519787, 0.4196626211622997, 0.2033574702669957, 72.0, 70.0, 69.0, 100.0, 29.0, 1.0, 58.0, 60.0, 42.0, 24.0, 47.0]
[0.8143615976667711, 0.9071700409286132, 0.3162816430496881, 0.8082599742326846, 0.2001428097177388, 0.013170188487999668, 0.32672036790023473, 0.803947542690888, 0.5751118159234403, 0.3686515962794221, 0.9785542828424988, 0.6825393802258005, 0.4901143915639322, 0.3419530885519787, 0.4196626211622997, 0.2033574702669957, 72.0, 70.0, 69.0, 100.0, 29.0, 1.0, 58.0, 60.0, 42.0, 24.0, 47.0]
[0.8143615976667711, 0.9071700409286132, 0.3162816430496881, 0.8082599742326846, 0.2001428097177388, 0.013170188487999668, 0.32672036790023473, 0.803947542690888, 0.5751118159234403, 0.3686515962794221, 0.9785542828424988, 0.6825393802258005, 0.4901143915639322, 0.3419530885519787, 0.4196626211622997, 0.2033574702669957, 72.0, 70.0, 69.0, 100.0, 29.0, 1.0, 58.0, 60.0, 42.0, 24.0, 47.0]
[0.8143615976667711, 0.9071700409286132, 0.3162816430496881, 0.8082599742326846, 0.2001428097177388, 0.013170188487999668, 0.32672036790023473, 0.803947542690888, 0.5751118159234403, 0.3686515962794221, 0.9785542828424988, 0.6825393802258005, 0.4901143915639322, 0.3419530885519787, 0.4196626211622997, 0.2033574702669957, 72.0, 70.0, 69.0, 100.0, 29.0, 1.0, 58.0, 60.0, 42.0, 24.0, 47.0]
[9.696969696969695, 30.0, 19.39393939393939, 25.303030303030305, 5.0, 20.0, 10.0, 17.5, 7.5, 35.0]
[0.8143615976667711, 0.9071700409286132, 0.3162816430496881, 0.8082599742326846, 0.2001428097177388, 0.013170188487999668, 0.32672036790023473, 0.803947542690888, 0.5751118159234403, 0.3686515962794221, 0.9785542828424988, 0.6825393802258005, 0.4901143915639322, 0.3419530885519787, 0.4196626211622997, 0.2033574702669957, 72.0, 70.0, 69.0, 100.0, 29.0, 1.0, 58.0, 60.0, 42.0, 24.0, 47.0]
particle 0 is updating position
due to fitness value of: 
[9.696969696969695, 30.0, 19.39393939393939, 25.303030303030305, 5.0, 20.0, 10.0, 17.5, 7.5, 35.0]
which is less than: 
[9.696969696969695, 30.0, 19.39393939393939, 25.303030303030305, 5.0, 20.0, 10.0, 17.5, 7.5, 35.0]


[0.8143615976667711, 0.9071700409286132, 0.3162816430496881, 0.8082599742326846, 0.2001428097177388, 0.013170188487999668, 0.32672036790023473, 0.803947542690888, 0.5751118159234403, 0.3686515962794221, 0.9785542828424988, 0.6825393802258005, 0.4901143915639322, 0.3419530885519787, 0.4196626211622997, 0.2033574702669957, 72.0, 70.0, 69.0, 100.0, 29.0, 1.0, 58.0, 60.0, 42.0, 24.0, 47.0]
[0.8143615976667711, 0.9071700409286132, 0.3162816430496881, 0.8082599742326846, 0.2001428097177388, 0.013170188487999668, 0.32672036790023473, 0.803947542690888, 0.5751118159234403, 0.3686515962794221, 0.9785542828424988, 0.6825393802258005, 0.4901143915639322, 0.3419530885519787, 0.4196626211622997, 0.2033574702669957, 72.0, 70.0, 69.0, 100.0, 29.0, 1.0, 58.0, 60.0, 42.0, 24.0, 47.0]
particle 8 is updating position
due to fitness value of: 
[36.96969696969697, 30.0, 1.212121212121211, 13.181818181818183, 52.57575757575758, 2.5, 10.0, 2.5, 2.4999999999999964, 12.5]
which is less than: 
[9.696969696969695, 30.0, 19.39393939393939, 25.303030303030305, 5.0, 20.0, 10.0, 17.5, 7.5, 35.0]


[1.0, 1.0, 1.0, 0.7901704126325828, 0.3255613203478729, 0.001, 0.001, 1.0, 1.0, 0.6946422565148791, 1.0, 0.7252948325627833, 0.5196887159958468, 1.0, 0.1359394435171492, 0.001, 100.0, 100.0, 100.0, 100.0, 33.88476972014118, 0.001, 100.0, 100.0, 100.0, 100.0, 100.0]
[1.0, 1.0, 1.0, 0.7901704126325828, 0.3255613203478729, 0.001, 0.001, 1.0, 1.0, 0.6946422565148791, 1.0, 0.7252948325627833, 0.5196887159958468, 1.0, 0.1359394435171492, 0.001, 100.0, 100.0, 100.0, 100.0, 33.88476972014118, 0.001, 100.0, 100.0, 100.0, 100.0, 100.0]
particle 12 is updating position
due to fitness value of: 
[36.96969696969697, 30.0, 1.212121212121211, 22.27272727272727, 43.484848484848484, 2.5, 10.0, 2.5, 12.5, 22.499999999999993]
which is less than: 
[36.96969696969697, 30.0, 1.212121212121211, 13.181818181818183, 52.57575757575758, 2.5, 10.0, 2.5, 2.4999999999999964, 12.5]


[1.0, 1.0, 1.0, 1.0, 0.6573969516509102, 0.001, 1.0, 1.0, 1.0, 0.35566918353739263, 1.0, 0.855089336752587, 1.0, 0.26102744714852477, 1.0, 0.4741745861024965, 100.0, 100.0, 100.0, 100.0, 65.15833630564507, 2.715529827573377, 100.0, 85.49607013206403, 100.0, 79.39593327956852, 64.63194342816149]
[1.0, 1.0, 1.0, 1.0, 0.6573969516509102, 0.001, 1.0, 1.0, 1.0, 0.35566918353739263, 1.0, 0.855089336752587, 1.0, 0.26102744714852477, 1.0, 0.4741745861024965, 100.0, 100.0, 100.0, 100.0, 65.15833630564507, 2.715529827573377, 100.0, 85.49607013206403, 100.0, 79.39593327956852, 64.63194342816149]
particle 14 is updating position
due to fitness value of: 
[36.96969696969697, 30.0, 1.212121212121211, 4.090909090909092, 61.66666666666666, 2.5, 10.0, 2.5, 17.5, 27.5]
which is less than: 
[36.96969696969697, 30.0, 1.212121212121211, 22.27272727272727, 43.484848484848484, 2.5, 10.0, 2.5, 12.5, 22.499999999999993]


[1.0, 1.0, 0.6264344743723036, 1.0, 0.4200783459224421, 0.25469235942558444, 0.703034876162352, 0.9374604194068656, 1.0, 0.7488798186052752, 1.0, 0.3994456513290783, 1.0, 0.7321185368993992, 0.5813257335996767, 0.6075710352157992, 100.0, 100.0, 100.0, 100.0, 100.0, 100.0, 51.49328484202738, 100.0, 99.25415449639311, 83.82630522350351, 40.937788608293744]
[1.0, 1.0, 0.6264344743723036, 1.0, 0.4200783459224421, 0.25469235942558444, 0.703034876162352, 0.9374604194068656, 1.0, 0.7488798186052752, 1.0, 0.3994456513290783, 1.0, 0.7321185368993992, 0.5813257335996767, 0.6075710352157992, 100.0, 100.0, 100.0, 100.0, 100.0, 100.0, 51.49328484202738, 100.0, 99.25415449639311, 83.82630522350351, 40.937788608293744]
Iteration 2
Best Fitness
[36.96969696969697, 30.0, 1.212121212121211, 4.090909090909092, 61.66666666666666, 2.5, 10.0, 2.5, 17.5, 27.5]
Best Position
[1.0, 1.0, 0.6264344743723036, 1.0, 0.4200783459224421, 0.25469235942558444, 0.703034876162352, 0.9374604194068656, 1.0, 0.7488798186052752, 1.0, 0.3994456513290783, 1.0, 0.7321185368993992, 0.5813257335996767, 0.6075710352157992, 100.0, 100.0, 100.0, 100.0, 100.0, 100.0, 51.49328484202738, 100.0, 99.25415449639311, 83.82630522350351, 40.937788608293744]

-------------

Current fitness of particle 0:
 [9.696969696969695, 30.0, 19.39393939393939, 25.303030303030305, 5.0, 20.0, 10.0, 17.5, 7.5, 35.0]

Current fitness of particle 1:
 [36.96969696969697, 30.0, 7.27272727272727, 1.0606060606060606, 58.63636363636363, 2.5, 10.0, 5.0, 20.0, 27.5]

Current fitness of particle 2:
 [36.96969696969697, 30.0, 10.303030303030305, 1.9696969696969697, 58.63636363636363, 2.5, 10.0, 10.0, 30.0, 27.5]

Current fitness of particle 3:
 [40.0, 30.0, 20.0, 5.0, 95.0, 5.0, 10.0, 20.0, 30.0, 65.0]

Current fitness of particle 4:
 [40.0, 30.0, 20.0, 5.0, 95.0, 5.0, 10.0, 20.0, 30.0, 65.0]

Current fitness of particle 5:
 [24.848484848484848, 30.0, 7.27272727272727, 52.57575757575758, 5.0, 10.0, 10.0, 7.5000000000000036, 27.499999999999993, 35.0]

Current fitness of particle 6:
 [40.0, 30.0, 20.0, 5.0, 95.0, 5.0, 10.0, 20.0, 30.0, 65.0]

Current fitness of particle 7:
 [17.575757575757578, 30.0, 16.363636363636367, 1.0606060606060606, 5.0, 52.49999999999999, 10.0, 22.5, 30.0, 35.0]

Current fitness of particle 8:
 [36.96969696969697, 30.0, 1.212121212121211, 13.181818181818183, 52.57575757575758, 2.5, 10.0, 2.5, 2.4999999999999964, 12.5]

Current fitness of particle 9:
 [40.0, 30.0, 20.0, 5.0, 95.0, 5.0, 10.0, 20.0, 30.0, 65.0]

Current fitness of particle 10:
 [40.0, 30.0, 20.0, 10.151515151515152, 79.84848484848484, 5.0, 10.0, 20.0, 12.5, 47.5]

Current fitness of particle 11:
 [17.575757575757578, 30.0, 19.39393939393939, 1.9696969696969697, 5.0, 52.49999999999999, 10.0, 22.5, 30.0, 35.0]

Current fitness of particle 12:
 [36.96969696969697, 30.0, 1.212121212121211, 22.27272727272727, 43.484848484848484, 2.5, 10.0, 2.5, 12.5, 22.499999999999993]

Current fitness of particle 13:
 [36.96969696969697, 30.0, 10.303030303030305, 61.66666666666666, 5.0, 2.5, 10.0, 10.0, 32.5, 35.0]

Current fitness of particle 14:
 [36.96969696969697, 30.0, 1.212121212121211, 4.090909090909092, 61.66666666666666, 2.5, 10.0, 2.5, 17.5, 27.5]

[1.0, 1.0, 0.6264344743723036, 1.0, 0.4200783459224421, 0.25469235942558444, 0.703034876162352, 0.9374604194068656, 1.0, 0.7488798186052752, 1.0, 0.3994456513290783, 1.0, 0.7321185368993992, 0.5813257335996767, 0.6075710352157992, 100.0, 100.0, 100.0, 100.0, 100.0, 100.0, 51.49328484202738, 100.0, 99.25415449639311, 83.82630522350351, 40.937788608293744]
[1.0, 1.0, 0.6264344743723036, 1.0, 0.4200783459224421, 0.25469235942558444, 0.703034876162352, 0.9374604194068656, 1.0, 0.7488798186052752, 1.0, 0.3994456513290783, 1.0, 0.7321185368993992, 0.5813257335996767, 0.6075710352157992, 100.0, 100.0, 100.0, 100.0, 100.0, 100.0, 51.49328484202738, 100.0, 99.25415449639311, 83.82630522350351, 40.937788608293744]
[1.0, 1.0, 0.6264344743723036, 1.0, 0.4200783459224421, 0.25469235942558444, 0.703034876162352, 0.9374604194068656, 1.0, 0.7488798186052752, 1.0, 0.3994456513290783, 1.0, 0.7321185368993992, 0.5813257335996767, 0.6075710352157992, 100.0, 100.0, 100.0, 100.0, 100.0, 100.0, 51.49328484202738, 100.0, 99.25415449639311, 83.82630522350351, 40.937788608293744]
[1.0, 1.0, 0.6264344743723036, 1.0, 0.4200783459224421, 0.25469235942558444, 0.703034876162352, 0.9374604194068656, 1.0, 0.7488798186052752, 1.0, 0.3994456513290783, 1.0, 0.7321185368993992, 0.5813257335996767, 0.6075710352157992, 100.0, 100.0, 100.0, 100.0, 100.0, 100.0, 51.49328484202738, 100.0, 99.25415449639311, 83.82630522350351, 40.937788608293744]
[1.0, 1.0, 0.6264344743723036, 1.0, 0.4200783459224421, 0.25469235942558444, 0.703034876162352, 0.9374604194068656, 1.0, 0.7488798186052752, 1.0, 0.3994456513290783, 1.0, 0.7321185368993992, 0.5813257335996767, 0.6075710352157992, 100.0, 100.0, 100.0, 100.0, 100.0, 100.0, 51.49328484202738, 100.0, 99.25415449639311, 83.82630522350351, 40.937788608293744]
[1.0, 1.0, 0.6264344743723036, 1.0, 0.4200783459224421, 0.25469235942558444, 0.703034876162352, 0.9374604194068656, 1.0, 0.7488798186052752, 1.0, 0.3994456513290783, 1.0, 0.7321185368993992, 0.5813257335996767, 0.6075710352157992, 100.0, 100.0, 100.0, 100.0, 100.0, 100.0, 51.49328484202738, 100.0, 99.25415449639311, 83.82630522350351, 40.937788608293744]
[1.0, 1.0, 0.6264344743723036, 1.0, 0.4200783459224421, 0.25469235942558444, 0.703034876162352, 0.9374604194068656, 1.0, 0.7488798186052752, 1.0, 0.3994456513290783, 1.0, 0.7321185368993992, 0.5813257335996767, 0.6075710352157992, 100.0, 100.0, 100.0, 100.0, 100.0, 100.0, 51.49328484202738, 100.0, 99.25415449639311, 83.82630522350351, 40.937788608293744]
[1.0, 1.0, 0.6264344743723036, 1.0, 0.4200783459224421, 0.25469235942558444, 0.703034876162352, 0.9374604194068656, 1.0, 0.7488798186052752, 1.0, 0.3994456513290783, 1.0, 0.7321185368993992, 0.5813257335996767, 0.6075710352157992, 100.0, 100.0, 100.0, 100.0, 100.0, 100.0, 51.49328484202738, 100.0, 99.25415449639311, 83.82630522350351, 40.937788608293744]
[1.0, 1.0, 0.6264344743723036, 1.0, 0.4200783459224421, 0.25469235942558444, 0.703034876162352, 0.9374604194068656, 1.0, 0.7488798186052752, 1.0, 0.3994456513290783, 1.0, 0.7321185368993992, 0.5813257335996767, 0.6075710352157992, 100.0, 100.0, 100.0, 100.0, 100.0, 100.0, 51.49328484202738, 100.0, 99.25415449639311, 83.82630522350351, 40.937788608293744]
[1.0, 1.0, 0.6264344743723036, 1.0, 0.4200783459224421, 0.25469235942558444, 0.703034876162352, 0.9374604194068656, 1.0, 0.7488798186052752, 1.0, 0.3994456513290783, 1.0, 0.7321185368993992, 0.5813257335996767, 0.6075710352157992, 100.0, 100.0, 100.0, 100.0, 100.0, 100.0, 51.49328484202738, 100.0, 99.25415449639311, 83.82630522350351, 40.937788608293744]
[1.0, 1.0, 0.6264344743723036, 1.0, 0.4200783459224421, 0.25469235942558444, 0.703034876162352, 0.9374604194068656, 1.0, 0.7488798186052752, 1.0, 0.3994456513290783, 1.0, 0.7321185368993992, 0.5813257335996767, 0.6075710352157992, 100.0, 100.0, 100.0, 100.0, 100.0, 100.0, 51.49328484202738, 100.0, 99.25415449639311, 83.82630522350351, 40.937788608293744]
[1.0, 1.0, 0.6264344743723036, 1.0, 0.4200783459224421, 0.25469235942558444, 0.703034876162352, 0.9374604194068656, 1.0, 0.7488798186052752, 1.0, 0.3994456513290783, 1.0, 0.7321185368993992, 0.5813257335996767, 0.6075710352157992, 100.0, 100.0, 100.0, 100.0, 100.0, 100.0, 51.49328484202738, 100.0, 99.25415449639311, 83.82630522350351, 40.937788608293744]
[1.0, 1.0, 0.6264344743723036, 1.0, 0.4200783459224421, 0.25469235942558444, 0.703034876162352, 0.9374604194068656, 1.0, 0.7488798186052752, 1.0, 0.3994456513290783, 1.0, 0.7321185368993992, 0.5813257335996767, 0.6075710352157992, 100.0, 100.0, 100.0, 100.0, 100.0, 100.0, 51.49328484202738, 100.0, 99.25415449639311, 83.82630522350351, 40.937788608293744]
[1.0, 1.0, 0.6264344743723036, 1.0, 0.4200783459224421, 0.25469235942558444, 0.703034876162352, 0.9374604194068656, 1.0, 0.7488798186052752, 1.0, 0.3994456513290783, 1.0, 0.7321185368993992, 0.5813257335996767, 0.6075710352157992, 100.0, 100.0, 100.0, 100.0, 100.0, 100.0, 51.49328484202738, 100.0, 99.25415449639311, 83.82630522350351, 40.937788608293744]
[1.0, 1.0, 0.6264344743723036, 1.0, 0.4200783459224421, 0.25469235942558444, 0.703034876162352, 0.9374604194068656, 1.0, 0.7488798186052752, 1.0, 0.3994456513290783, 1.0, 0.7321185368993992, 0.5813257335996767, 0.6075710352157992, 100.0, 100.0, 100.0, 100.0, 100.0, 100.0, 51.49328484202738, 100.0, 99.25415449639311, 83.82630522350351, 40.937788608293744]
[36.96969696969697, 30.0, 1.212121212121211, 4.090909090909092, 61.66666666666666, 2.5, 10.0, 2.5, 17.5, 27.5]
[1.0, 1.0, 0.6264344743723036, 1.0, 0.4200783459224421, 0.25469235942558444, 0.703034876162352, 0.9374604194068656, 1.0, 0.7488798186052752, 1.0, 0.3994456513290783, 1.0, 0.7321185368993992, 0.5813257335996767, 0.6075710352157992, 100.0, 100.0, 100.0, 100.0, 100.0, 100.0, 51.49328484202738, 100.0, 99.25415449639311, 83.82630522350351, 40.937788608293744]
particle 1 is updating position
due to fitness value of: 
[36.96969696969697, 30.0, 1.212121212121211, 7.121212121212121, 58.63636363636363, 2.5, 10.0, 2.5, 17.5, 27.5]
which is less than: 
[36.96969696969697, 30.0, 1.212121212121211, 4.090909090909092, 61.66666666666666, 2.5, 10.0, 2.5, 17.5, 27.5]


[1.0, 1.0, 0.423116612276104, 1.0, 0.5396586397468991, 0.3123011893604345, 1.0, 1.0, 1.0, 0.6107037335958148, 1.0, 0.27296619198833133, 1.0, 0.8546893292137213, 0.23618038450382361, 0.7758527603674228, 100.0, 90.79555621655184, 89.19335103136025, 100.0, 0.001, 53.18438758600185, 88.98937384392862, 100.0, 100.0, 86.63276719419228, 100.0]
[1.0, 1.0, 0.423116612276104, 1.0, 0.5396586397468991, 0.3123011893604345, 1.0, 1.0, 1.0, 0.6107037335958148, 1.0, 0.27296619198833133, 1.0, 0.8546893292137213, 0.23618038450382361, 0.7758527603674228, 100.0, 90.79555621655184, 89.19335103136025, 100.0, 0.001, 53.18438758600185, 88.98937384392862, 100.0, 100.0, 86.63276719419228, 100.0]
particle 2 is updating position
due to fitness value of: 
[36.96969696969697, 30.0, 10.303030303030305, 1.9696969696969697, 58.63636363636363, 2.5, 10.0, 10.0, 30.0, 27.5]
which is less than: 
[36.96969696969697, 30.0, 1.212121212121211, 7.121212121212121, 58.63636363636363, 2.5, 10.0, 2.5, 17.5, 27.5]


[1.0, 1.0, 0.5874743569270563, 0.6793646162763481, 0.001, 0.24385618517894414, 0.5700032830774744, 1.0, 0.001, 0.5921629899768748, 1.0, 0.15074475181049962, 1.0, 0.6290721749282369, 0.1596895905965462, 0.1803405808427203, 100.0, 100.0, 100.0, 100.0, 100.0, 100.0, 52.48858827153276, 100.0, 100.0, 100.0, 47.50285809424274]
[1.0, 1.0, 0.5874743569270563, 0.6793646162763481, 0.001, 0.24385618517894414, 0.5700032830774744, 1.0, 0.001, 0.5921629899768748, 1.0, 0.15074475181049962, 1.0, 0.6290721749282369, 0.1596895905965462, 0.1803405808427203, 100.0, 100.0, 100.0, 100.0, 100.0, 100.0, 52.48858827153276, 100.0, 100.0, 100.0, 47.50285809424274]
particle 4 is updating position
due to fitness value of: 
[36.96969696969697, 30.0, 1.212121212121211, 4.090909090909092, 61.66666666666666, 2.5, 10.0, 2.5, 17.5, 27.5]
which is less than: 
[36.96969696969697, 30.0, 10.303030303030305, 1.9696969696969697, 58.63636363636363, 2.5, 10.0, 10.0, 30.0, 27.5]


[1.0, 1.0, 0.2555516855035145, 1.0, 0.001, 0.001, 0.6786328778146639, 1.0, 1.0, 0.8479724722055314, 1.0, 1.0, 1.0, 0.43260996385839695, 1.0, 0.001, 54.931603662456624, 100.0, 100.0, 100.0, 92.43756489753554, 0.001, 38.83872492434392, 100.0, 100.0, 100.0, 0.001]
[1.0, 1.0, 0.2555516855035145, 1.0, 0.001, 0.001, 0.6786328778146639, 1.0, 1.0, 0.8479724722055314, 1.0, 1.0, 1.0, 0.43260996385839695, 1.0, 0.001, 54.931603662456624, 100.0, 100.0, 100.0, 92.43756489753554, 0.001, 38.83872492434392, 100.0, 100.0, 100.0, 0.001]
particle 5 is updating position
due to fitness value of: 
[36.96969696969697, 30.0, 1.212121212121211, 67.72727272727273, 1.9696969696969697, 2.5, 10.0, 2.5, 45.0, 35.0]
which is less than: 
[36.96969696969697, 30.0, 1.212121212121211, 4.090909090909092, 61.66666666666666, 2.5, 10.0, 2.5, 17.5, 27.5]


[1.0, 1.0, 0.588095967956567, 1.0, 0.001, 0.001, 0.8558561006391994, 1.0, 1.0, 0.48657481065372854, 1.0, 0.050200376661017065, 1.0, 0.362538391875161, 0.26876219063114437, 0.001, 100.0, 100.0, 100.0, 100.0, 34.64286017696399, 100.0, 100.0, 100.0, 100.0, 86.00215176311912, 0.001]
[1.0, 1.0, 0.588095967956567, 1.0, 0.001, 0.001, 0.8558561006391994, 1.0, 1.0, 0.48657481065372854, 1.0, 0.050200376661017065, 1.0, 0.362538391875161, 0.26876219063114437, 0.001, 100.0, 100.0, 100.0, 100.0, 34.64286017696399, 100.0, 100.0, 100.0, 100.0, 86.00215176311912, 0.001]
particle 8 is updating position
due to fitness value of: 
[36.96969696969697, 30.0, 10.303030303030305, 1.9696969696969697, 58.63636363636363, 2.5, 10.0, 10.0, 30.0, 27.5]
which is less than: 
[36.96969696969697, 30.0, 1.212121212121211, 67.72727272727273, 1.9696969696969697, 2.5, 10.0, 2.5, 45.0, 35.0]


[1.0, 1.0, 1.0, 0.9427355061120543, 0.001, 0.001, 0.001, 1.0, 1.0, 0.751460782132784, 1.0, 0.37723699727430243, 0.44484774093194424, 1.0, 0.4643493919772068, 0.001, 100.0, 100.0, 100.0, 100.0, 97.1491073569762, 0.001, 100.0, 100.0, 100.0, 100.0, 100.0]
[1.0, 1.0, 1.0, 0.9427355061120543, 0.001, 0.001, 0.001, 1.0, 1.0, 0.751460782132784, 1.0, 0.37723699727430243, 0.44484774093194424, 1.0, 0.4643493919772068, 0.001, 100.0, 100.0, 100.0, 100.0, 97.1491073569762, 0.001, 100.0, 100.0, 100.0, 100.0, 100.0]
particle 10 is updating position
due to fitness value of: 
[36.96969696969697, 30.0, 1.212121212121211, 19.242424242424242, 46.515151515151516, 2.5, 10.0, 2.5, 0.0, 10.0]
which is less than: 
[36.96969696969697, 30.0, 10.303030303030305, 1.9696969696969697, 58.63636363636363, 2.5, 10.0, 10.0, 30.0, 27.5]


[1.0, 1.0, 0.47423217687006114, 1.0, 0.2628651538203339, 0.17552228274740123, 0.001, 1.0, 1.0, 0.8577598427276185, 1.0, 1.0, 0.9390810048554419, 0.06699859503195227, 0.001, 0.027172021630362253, 100.0, 100.0, 100.0, 100.0, 12.411364158041565, 66.63039854563736, 100.0, 100.0, 74.995825696325, 77.94421168614643, 74.73512056024819]
[1.0, 1.0, 0.47423217687006114, 1.0, 0.2628651538203339, 0.17552228274740123, 0.001, 1.0, 1.0, 0.8577598427276185, 1.0, 1.0, 0.9390810048554419, 0.06699859503195227, 0.001, 0.027172021630362253, 100.0, 100.0, 100.0, 100.0, 12.411364158041565, 66.63039854563736, 100.0, 100.0, 74.995825696325, 77.94421168614643, 74.73512056024819]
particle 12 is updating position
due to fitness value of: 
[36.96969696969697, 30.0, 1.212121212121211, 67.72727272727273, 1.9696969696969697, 2.5, 10.0, 2.5, 45.0, 35.0]
which is less than: 
[36.96969696969697, 30.0, 1.212121212121211, 19.242424242424242, 46.515151515151516, 2.5, 10.0, 2.5, 0.0, 10.0]


[1.0, 1.0, 0.8066445242276258, 1.0, 0.22358536676482016, 0.001, 0.83102197804724, 1.0, 1.0, 0.2834881600016241, 1.0, 0.6305529378586303, 1.0, 0.1254995883701306, 1.0, 0.17380071814375164, 100.0, 100.0, 100.0, 100.0, 100.0, 100.0, 100.0, 100.0, 100.0, 90.22518407586297, 73.27015907708596]
[1.0, 1.0, 0.8066445242276258, 1.0, 0.22358536676482016, 0.001, 0.83102197804724, 1.0, 1.0, 0.2834881600016241, 1.0, 0.6305529378586303, 1.0, 0.1254995883701306, 1.0, 0.17380071814375164, 100.0, 100.0, 100.0, 100.0, 100.0, 100.0, 100.0, 100.0, 100.0, 90.22518407586297, 73.27015907708596]
particle 14 is updating position
due to fitness value of: 
[36.96969696969697, 30.0, 1.212121212121211, 4.090909090909092, 61.66666666666666, 2.5, 10.0, 2.5, 17.5, 27.5]
which is less than: 
[36.96969696969697, 30.0, 1.212121212121211, 67.72727272727273, 1.9696969696969697, 2.5, 10.0, 2.5, 45.0, 35.0]


[1.0, 1.0, 0.6264344743723036, 1.0, 0.4200783459224421, 0.25469235942558444, 0.703034876162352, 0.9374604194068656, 1.0, 0.7488798186052752, 1.0, 0.3994456513290783, 1.0, 0.7321185368993992, 0.5813257335996767, 0.6075710352157992, 100.0, 100.0, 100.0, 100.0, 100.0, 100.0, 51.49328484202738, 100.0, 99.25415449639311, 83.82630522350351, 40.937788608293744]
[1.0, 1.0, 0.6264344743723036, 1.0, 0.4200783459224421, 0.25469235942558444, 0.703034876162352, 0.9374604194068656, 1.0, 0.7488798186052752, 1.0, 0.3994456513290783, 1.0, 0.7321185368993992, 0.5813257335996767, 0.6075710352157992, 100.0, 100.0, 100.0, 100.0, 100.0, 100.0, 51.49328484202738, 100.0, 99.25415449639311, 83.82630522350351, 40.937788608293744]
Iteration 3
Best Fitness
[36.96969696969697, 30.0, 1.212121212121211, 4.090909090909092, 61.66666666666666, 2.5, 10.0, 2.5, 17.5, 27.5]
Best Position
[1.0, 1.0, 0.6264344743723036, 1.0, 0.4200783459224421, 0.25469235942558444, 0.703034876162352, 0.9374604194068656, 1.0, 0.7488798186052752, 1.0, 0.3994456513290783, 1.0, 0.7321185368993992, 0.5813257335996767, 0.6075710352157992, 100.0, 100.0, 100.0, 100.0, 100.0, 100.0, 51.49328484202738, 100.0, 99.25415449639311, 83.82630522350351, 40.937788608293744]

-------------

Current fitness of particle 0:
 [40.0, 30.0, 20.0, 5.0, 95.0, 5.0, 10.0, 20.0, 30.0, 65.0]

Current fitness of particle 1:
 [36.96969696969697, 30.0, 1.212121212121211, 7.121212121212121, 58.63636363636363, 2.5, 10.0, 2.5, 17.5, 27.5]

Current fitness of particle 2:
 [36.96969696969697, 30.0, 10.303030303030305, 1.9696969696969697, 58.63636363636363, 2.5, 10.0, 10.0, 30.0, 27.5]

Current fitness of particle 3:
 [40.0, 30.0, 20.0, 5.0, 95.0, 5.0, 10.0, 20.0, 30.0, 65.0]

Current fitness of particle 4:
 [36.96969696969697, 30.0, 1.212121212121211, 4.090909090909092, 61.66666666666666, 2.5, 10.0, 2.5, 17.5, 27.5]

Current fitness of particle 5:
 [36.96969696969697, 30.0, 1.212121212121211, 67.72727272727273, 1.9696969696969697, 2.5, 10.0, 2.5, 45.0, 35.0]

Current fitness of particle 6:
 [40.0, 30.0, 20.0, 5.0, 95.0, 5.0, 10.0, 20.0, 30.0, 65.0]

Current fitness of particle 7:
 [15.757575757575758, 30.0, 7.27272727272727, 40.45454545454545, 1.9696969696969697, 10.0, 10.0, 7.5000000000000036, 27.499999999999993, 35.0]

Current fitness of particle 8:
 [36.96969696969697, 30.0, 10.303030303030305, 1.9696969696969697, 58.63636363636363, 2.5, 10.0, 10.0, 30.0, 27.5]

Current fitness of particle 9:
 [40.0, 30.0, 20.0, 46.515151515151516, 43.484848484848484, 5.0, 10.0, 20.0, 12.5, 22.499999999999993]

Current fitness of particle 10:
 [36.96969696969697, 30.0, 1.212121212121211, 19.242424242424242, 46.515151515151516, 2.5, 10.0, 2.5, 0.0, 10.0]

Current fitness of particle 11:
 [15.757575757575758, 30.0, 7.27272727272727, 40.45454545454545, 1.9696969696969697, 10.0, 10.0, 7.5000000000000036, 27.499999999999993, 35.0]

Current fitness of particle 12:
 [36.96969696969697, 30.0, 1.212121212121211, 67.72727272727273, 1.9696969696969697, 2.5, 10.0, 2.5, 45.0, 35.0]

Current fitness of particle 13:
 [40.0, 30.0, 20.0, 5.0, 95.0, 5.0, 10.0, 20.0, 30.0, 65.0]

Current fitness of particle 14:
 [36.96969696969697, 30.0, 1.212121212121211, 4.090909090909092, 61.66666666666666, 2.5, 10.0, 2.5, 17.5, 27.5]

[1.0, 1.0, 0.6264344743723036, 1.0, 0.4200783459224421, 0.25469235942558444, 0.703034876162352, 0.9374604194068656, 1.0, 0.7488798186052752, 1.0, 0.3994456513290783, 1.0, 0.7321185368993992, 0.5813257335996767, 0.6075710352157992, 100.0, 100.0, 100.0, 100.0, 100.0, 100.0, 51.49328484202738, 100.0, 99.25415449639311, 83.82630522350351, 40.937788608293744]
[1.0, 1.0, 0.6264344743723036, 1.0, 0.4200783459224421, 0.25469235942558444, 0.703034876162352, 0.9374604194068656, 1.0, 0.7488798186052752, 1.0, 0.3994456513290783, 1.0, 0.7321185368993992, 0.5813257335996767, 0.6075710352157992, 100.0, 100.0, 100.0, 100.0, 100.0, 100.0, 51.49328484202738, 100.0, 99.25415449639311, 83.82630522350351, 40.937788608293744]
[1.0, 1.0, 0.6264344743723036, 1.0, 0.4200783459224421, 0.25469235942558444, 0.703034876162352, 0.9374604194068656, 1.0, 0.7488798186052752, 1.0, 0.3994456513290783, 1.0, 0.7321185368993992, 0.5813257335996767, 0.6075710352157992, 100.0, 100.0, 100.0, 100.0, 100.0, 100.0, 51.49328484202738, 100.0, 99.25415449639311, 83.82630522350351, 40.937788608293744]
[1.0, 1.0, 0.6264344743723036, 1.0, 0.4200783459224421, 0.25469235942558444, 0.703034876162352, 0.9374604194068656, 1.0, 0.7488798186052752, 1.0, 0.3994456513290783, 1.0, 0.7321185368993992, 0.5813257335996767, 0.6075710352157992, 100.0, 100.0, 100.0, 100.0, 100.0, 100.0, 51.49328484202738, 100.0, 99.25415449639311, 83.82630522350351, 40.937788608293744]
[1.0, 1.0, 0.6264344743723036, 1.0, 0.4200783459224421, 0.25469235942558444, 0.703034876162352, 0.9374604194068656, 1.0, 0.7488798186052752, 1.0, 0.3994456513290783, 1.0, 0.7321185368993992, 0.5813257335996767, 0.6075710352157992, 100.0, 100.0, 100.0, 100.0, 100.0, 100.0, 51.49328484202738, 100.0, 99.25415449639311, 83.82630522350351, 40.937788608293744]
[1.0, 1.0, 0.6264344743723036, 1.0, 0.4200783459224421, 0.25469235942558444, 0.703034876162352, 0.9374604194068656, 1.0, 0.7488798186052752, 1.0, 0.3994456513290783, 1.0, 0.7321185368993992, 0.5813257335996767, 0.6075710352157992, 100.0, 100.0, 100.0, 100.0, 100.0, 100.0, 51.49328484202738, 100.0, 99.25415449639311, 83.82630522350351, 40.937788608293744]
[1.0, 1.0, 0.6264344743723036, 1.0, 0.4200783459224421, 0.25469235942558444, 0.703034876162352, 0.9374604194068656, 1.0, 0.7488798186052752, 1.0, 0.3994456513290783, 1.0, 0.7321185368993992, 0.5813257335996767, 0.6075710352157992, 100.0, 100.0, 100.0, 100.0, 100.0, 100.0, 51.49328484202738, 100.0, 99.25415449639311, 83.82630522350351, 40.937788608293744]
[1.0, 1.0, 0.6264344743723036, 1.0, 0.4200783459224421, 0.25469235942558444, 0.703034876162352, 0.9374604194068656, 1.0, 0.7488798186052752, 1.0, 0.3994456513290783, 1.0, 0.7321185368993992, 0.5813257335996767, 0.6075710352157992, 100.0, 100.0, 100.0, 100.0, 100.0, 100.0, 51.49328484202738, 100.0, 99.25415449639311, 83.82630522350351, 40.937788608293744]
[1.0, 1.0, 0.6264344743723036, 1.0, 0.4200783459224421, 0.25469235942558444, 0.703034876162352, 0.9374604194068656, 1.0, 0.7488798186052752, 1.0, 0.3994456513290783, 1.0, 0.7321185368993992, 0.5813257335996767, 0.6075710352157992, 100.0, 100.0, 100.0, 100.0, 100.0, 100.0, 51.49328484202738, 100.0, 99.25415449639311, 83.82630522350351, 40.937788608293744]
[1.0, 1.0, 0.6264344743723036, 1.0, 0.4200783459224421, 0.25469235942558444, 0.703034876162352, 0.9374604194068656, 1.0, 0.7488798186052752, 1.0, 0.3994456513290783, 1.0, 0.7321185368993992, 0.5813257335996767, 0.6075710352157992, 100.0, 100.0, 100.0, 100.0, 100.0, 100.0, 51.49328484202738, 100.0, 99.25415449639311, 83.82630522350351, 40.937788608293744]
[1.0, 1.0, 0.6264344743723036, 1.0, 0.4200783459224421, 0.25469235942558444, 0.703034876162352, 0.9374604194068656, 1.0, 0.7488798186052752, 1.0, 0.3994456513290783, 1.0, 0.7321185368993992, 0.5813257335996767, 0.6075710352157992, 100.0, 100.0, 100.0, 100.0, 100.0, 100.0, 51.49328484202738, 100.0, 99.25415449639311, 83.82630522350351, 40.937788608293744]
[1.0, 1.0, 0.6264344743723036, 1.0, 0.4200783459224421, 0.25469235942558444, 0.703034876162352, 0.9374604194068656, 1.0, 0.7488798186052752, 1.0, 0.3994456513290783, 1.0, 0.7321185368993992, 0.5813257335996767, 0.6075710352157992, 100.0, 100.0, 100.0, 100.0, 100.0, 100.0, 51.49328484202738, 100.0, 99.25415449639311, 83.82630522350351, 40.937788608293744]
[1.0, 1.0, 0.6264344743723036, 1.0, 0.4200783459224421, 0.25469235942558444, 0.703034876162352, 0.9374604194068656, 1.0, 0.7488798186052752, 1.0, 0.3994456513290783, 1.0, 0.7321185368993992, 0.5813257335996767, 0.6075710352157992, 100.0, 100.0, 100.0, 100.0, 100.0, 100.0, 51.49328484202738, 100.0, 99.25415449639311, 83.82630522350351, 40.937788608293744]
[1.0, 1.0, 0.6264344743723036, 1.0, 0.4200783459224421, 0.25469235942558444, 0.703034876162352, 0.9374604194068656, 1.0, 0.7488798186052752, 1.0, 0.3994456513290783, 1.0, 0.7321185368993992, 0.5813257335996767, 0.6075710352157992, 100.0, 100.0, 100.0, 100.0, 100.0, 100.0, 51.49328484202738, 100.0, 99.25415449639311, 83.82630522350351, 40.937788608293744]
[1.0, 1.0, 0.6264344743723036, 1.0, 0.4200783459224421, 0.25469235942558444, 0.703034876162352, 0.9374604194068656, 1.0, 0.7488798186052752, 1.0, 0.3994456513290783, 1.0, 0.7321185368993992, 0.5813257335996767, 0.6075710352157992, 100.0, 100.0, 100.0, 100.0, 100.0, 100.0, 51.49328484202738, 100.0, 99.25415449639311, 83.82630522350351, 40.937788608293744]
[36.96969696969697, 30.0, 1.212121212121211, 4.090909090909092, 61.66666666666666, 2.5, 10.0, 2.5, 17.5, 27.5]
[1.0, 1.0, 0.6264344743723036, 1.0, 0.4200783459224421, 0.25469235942558444, 0.703034876162352, 0.9374604194068656, 1.0, 0.7488798186052752, 1.0, 0.3994456513290783, 1.0, 0.7321185368993992, 0.5813257335996767, 0.6075710352157992, 100.0, 100.0, 100.0, 100.0, 100.0, 100.0, 51.49328484202738, 100.0, 99.25415449639311, 83.82630522350351, 40.937788608293744]
particle 1 is updating position
due to fitness value of: 
[36.96969696969697, 30.0, 1.212121212121211, 5.0, 70.75757575757575, 2.5, 10.0, 2.5, 30.0, 40.0]
which is less than: 
[36.96969696969697, 30.0, 1.212121212121211, 4.090909090909092, 61.66666666666666, 2.5, 10.0, 2.5, 17.5, 27.5]


[1.0, 1.0, 0.00909680860691875, 1.0, 0.8138449714961025, 0.06449914193846601, 1.0, 1.0, 1.0, 0.680420207644194, 1.0, 0.16043461218761598, 1.0, 1.0, 0.23725746148281618, 0.45825287907797796, 100.0, 95.12616991786618, 100.0, 100.0, 63.420471062147236, 100.0, 12.417879069108338, 100.0, 100.0, 92.28718465542964, 45.97456135236567]
[1.0, 1.0, 0.00909680860691875, 1.0, 0.8138449714961025, 0.06449914193846601, 1.0, 1.0, 1.0, 0.680420207644194, 1.0, 0.16043461218761598, 1.0, 1.0, 0.23725746148281618, 0.45825287907797796, 100.0, 95.12616991786618, 100.0, 100.0, 63.420471062147236, 100.0, 12.417879069108338, 100.0, 100.0, 92.28718465542964, 45.97456135236567]
particle 2 is updating position
due to fitness value of: 
[36.96969696969697, 30.0, 10.303030303030305, 61.66666666666666, 5.0, 2.5, 10.0, 10.0, 32.5, 35.0]
which is less than: 
[36.96969696969697, 30.0, 1.212121212121211, 5.0, 70.75757575757575, 2.5, 10.0, 2.5, 30.0, 40.0]


[1.0, 1.0, 0.9673833070332166, 1.0, 0.001, 0.5069695186446699, 1.0, 1.0, 0.21829752974372063, 0.40241574270935637, 1.0, 0.08098844222577922, 1.0, 0.7999413342295073, 0.012015605535158819, 1.0, 100.0, 100.0, 100.0, 100.0, 100.0, 100.0, 40.391409681219145, 100.0, 100.0, 85.76383093450382, 20.014870209880584]
[1.0, 1.0, 0.9673833070332166, 1.0, 0.001, 0.5069695186446699, 1.0, 1.0, 0.21829752974372063, 0.40241574270935637, 1.0, 0.08098844222577922, 1.0, 0.7999413342295073, 0.012015605535158819, 1.0, 100.0, 100.0, 100.0, 100.0, 100.0, 100.0, 40.391409681219145, 100.0, 100.0, 85.76383093450382, 20.014870209880584]
particle 3 is updating position
due to fitness value of: 
[36.96969696969697, 30.0, 13.333333333333329, 5.0, 58.63636363636363, 2.5, 10.0, 10.0, 30.0, 27.5]
which is less than: 
[36.96969696969697, 30.0, 10.303030303030305, 61.66666666666666, 5.0, 2.5, 10.0, 10.0, 32.5, 35.0]


[1.0, 1.0, 0.08739960432859462, 1.0, 0.06881469605455748, 1.0, 1.0, 1.0, 1.0, 0.6784771826653714, 1.0, 0.03329077553814008, 1.0, 0.7015857883161678, 0.8721574384875156, 0.3283884428597551, 57.2402612468873, 100.0, 100.0, 100.0, 100.0, 100.0, 3.516230862650758, 100.0, 100.0, 100.0, 100.0]
[1.0, 1.0, 0.08739960432859462, 1.0, 0.06881469605455748, 1.0, 1.0, 1.0, 1.0, 0.6784771826653714, 1.0, 0.03329077553814008, 1.0, 0.7015857883161678, 0.8721574384875156, 0.3283884428597551, 57.2402612468873, 100.0, 100.0, 100.0, 100.0, 100.0, 3.516230862650758, 100.0, 100.0, 100.0, 100.0]
particle 4 is updating position
due to fitness value of: 
[36.96969696969697, 30.0, 1.212121212121211, 5.0, 70.75757575757575, 2.5, 10.0, 2.5, 30.0, 40.0]
which is less than: 
[36.96969696969697, 30.0, 13.333333333333329, 5.0, 58.63636363636363, 2.5, 10.0, 10.0, 30.0, 27.5]


[1.0, 1.0, 0.001, 1.0, 0.57270798419316, 0.001, 0.6246508121052504, 1.0, 1.0, 0.5797021501756168, 1.0, 0.31221656925891117, 1.0, 0.9599322400974775, 1.0, 0.001, 100.0, 100.0, 100.0, 100.0, 99.45750662211942, 0.001, 87.0188426584096, 100.0, 100.0, 100.0, 26.383987233803392]
[1.0, 1.0, 0.001, 1.0, 0.57270798419316, 0.001, 0.6246508121052504, 1.0, 1.0, 0.5797021501756168, 1.0, 0.31221656925891117, 1.0, 0.9599322400974775, 1.0, 0.001, 100.0, 100.0, 100.0, 100.0, 99.45750662211942, 0.001, 87.0188426584096, 100.0, 100.0, 100.0, 26.383987233803392]
particle 7 is updating position
due to fitness value of: 
[36.96969696969697, 30.0, 1.212121212121211, 5.0, 70.75757575757575, 2.5, 10.0, 2.5, 30.0, 40.0]
which is less than: 
[36.96969696969697, 30.0, 1.212121212121211, 5.0, 70.75757575757575, 2.5, 10.0, 2.5, 30.0, 40.0]


[1.0, 1.0, 0.8330512321231354, 1.0, 0.7972028992191738, 0.001, 0.28472388469772286, 1.0, 1.0, 0.703680735059142, 1.0, 0.33494586782650126, 1.0, 0.001, 0.001, 0.12071602890965555, 100.0, 100.0, 100.0, 100.0, 100.0, 100.0, 0.001, 100.0, 7.803281807499192, 100.0, 55.4987350184811]
[1.0, 1.0, 0.8330512321231354, 1.0, 0.7972028992191738, 0.001, 0.28472388469772286, 1.0, 1.0, 0.703680735059142, 1.0, 0.33494586782650126, 1.0, 0.001, 0.001, 0.12071602890965555, 100.0, 100.0, 100.0, 100.0, 100.0, 100.0, 0.001, 100.0, 7.803281807499192, 100.0, 55.4987350184811]
particle 8 is updating position
due to fitness value of: 
[36.96969696969697, 30.0, 1.212121212121211, 4.090909090909092, 61.66666666666666, 2.5, 10.0, 2.5, 17.5, 27.5]
which is less than: 
[36.96969696969697, 30.0, 1.212121212121211, 5.0, 70.75757575757575, 2.5, 10.0, 2.5, 30.0, 40.0]


[1.0, 1.0, 0.7859144056665837, 1.0, 0.001, 0.001, 0.1962761923649859, 1.0, 1.0, 0.8049566469025288, 1.0, 0.0394117910811172, 0.5122421505411092, 1.0, 0.9631270740969278, 0.15835157712990305, 100.0, 100.0, 100.0, 100.0, 100.0, 0.001, 100.0, 100.0, 100.0, 100.0, 69.52833762352674]
[1.0, 1.0, 0.7859144056665837, 1.0, 0.001, 0.001, 0.1962761923649859, 1.0, 1.0, 0.8049566469025288, 1.0, 0.0394117910811172, 0.5122421505411092, 1.0, 0.9631270740969278, 0.15835157712990305, 100.0, 100.0, 100.0, 100.0, 100.0, 0.001, 100.0, 100.0, 100.0, 100.0, 69.52833762352674]
particle 9 is updating position
due to fitness value of: 
[36.96969696969697, 30.0, 1.212121212121211, 70.75757575757575, 5.0, 2.5, 10.0, 2.5, 45.0, 35.0]
which is less than: 
[36.96969696969697, 30.0, 1.212121212121211, 4.090909090909092, 61.66666666666666, 2.5, 10.0, 2.5, 17.5, 27.5]


[1.0, 1.0, 0.3380024706543479, 1.0, 0.30313029517905954, 1.0, 1.0, 1.0, 1.0, 0.41263102055065226, 1.0, 0.001, 1.0, 0.6303103681138172, 0.6071977112923554, 0.001, 100.0, 100.0, 100.0, 100.0, 100.0, 100.0, 3.5463992609492436, 100.0, 100.0, 100.0, 0.001]
[1.0, 1.0, 0.3380024706543479, 1.0, 0.30313029517905954, 1.0, 1.0, 1.0, 1.0, 0.41263102055065226, 1.0, 0.001, 1.0, 0.6303103681138172, 0.6071977112923554, 0.001, 100.0, 100.0, 100.0, 100.0, 100.0, 100.0, 3.5463992609492436, 100.0, 100.0, 100.0, 0.001]
particle 10 is updating position
due to fitness value of: 
[36.96969696969697, 30.0, 1.212121212121211, 22.27272727272727, 43.484848484848484, 2.5, 10.0, 2.5, 12.5, 22.499999999999993]
which is less than: 
[36.96969696969697, 30.0, 1.212121212121211, 70.75757575757575, 5.0, 2.5, 10.0, 2.5, 45.0, 35.0]


[1.0, 1.0, 0.16946504754992475, 1.0, 0.6482139697363964, 0.001, 0.6009747622059837, 1.0, 1.0, 0.5229266296562162, 1.0, 0.7260568671532909, 0.9787516469643006, 0.2084784921409728, 0.10195954512218397, 0.2634080594486175, 100.0, 100.0, 100.0, 100.0, 64.01106096734728, 100.0, 100.0, 100.0, 100.0, 70.1838573928769, 42.71218084476092]
[1.0, 1.0, 0.16946504754992475, 1.0, 0.6482139697363964, 0.001, 0.6009747622059837, 1.0, 1.0, 0.5229266296562162, 1.0, 0.7260568671532909, 0.9787516469643006, 0.2084784921409728, 0.10195954512218397, 0.2634080594486175, 100.0, 100.0, 100.0, 100.0, 64.01106096734728, 100.0, 100.0, 100.0, 100.0, 70.1838573928769, 42.71218084476092]
particle 12 is updating position
due to fitness value of: 
[36.96969696969697, 30.0, 1.212121212121211, 67.72727272727273, 1.9696969696969697, 2.5, 10.0, 2.5, 45.0, 35.0]
which is less than: 
[36.96969696969697, 30.0, 1.212121212121211, 22.27272727272727, 43.484848484848484, 2.5, 10.0, 2.5, 12.5, 22.499999999999993]


[1.0, 1.0, 0.4086199571015722, 1.0, 0.016550089797827877, 0.001, 0.4292124000927537, 1.0, 1.0, 0.35352559799899996, 1.0, 0.2585506499075694, 1.0, 0.9770080176679679, 1.0, 0.14538723584278795, 100.0, 100.0, 100.0, 100.0, 100.0, 100.0, 76.54539207384515, 100.0, 100.0, 97.13652559399661, 66.27246725318795]
[1.0, 1.0, 0.4086199571015722, 1.0, 0.016550089797827877, 0.001, 0.4292124000927537, 1.0, 1.0, 0.35352559799899996, 1.0, 0.2585506499075694, 1.0, 0.9770080176679679, 1.0, 0.14538723584278795, 100.0, 100.0, 100.0, 100.0, 100.0, 100.0, 76.54539207384515, 100.0, 100.0, 97.13652559399661, 66.27246725318795]
particle 14 is updating position
due to fitness value of: 
[36.96969696969697, 30.0, 1.212121212121211, 4.090909090909092, 61.66666666666666, 2.5, 10.0, 2.5, 17.5, 27.5]
which is less than: 
[36.96969696969697, 30.0, 1.212121212121211, 67.72727272727273, 1.9696969696969697, 2.5, 10.0, 2.5, 45.0, 35.0]


[1.0, 1.0, 0.6264344743723036, 1.0, 0.4200783459224421, 0.25469235942558444, 0.703034876162352, 0.9374604194068656, 1.0, 0.7488798186052752, 1.0, 0.3994456513290783, 1.0, 0.7321185368993992, 0.5813257335996767, 0.6075710352157992, 100.0, 100.0, 100.0, 100.0, 100.0, 100.0, 51.49328484202738, 100.0, 99.25415449639311, 83.82630522350351, 40.937788608293744]
[1.0, 1.0, 0.6264344743723036, 1.0, 0.4200783459224421, 0.25469235942558444, 0.703034876162352, 0.9374604194068656, 1.0, 0.7488798186052752, 1.0, 0.3994456513290783, 1.0, 0.7321185368993992, 0.5813257335996767, 0.6075710352157992, 100.0, 100.0, 100.0, 100.0, 100.0, 100.0, 51.49328484202738, 100.0, 99.25415449639311, 83.82630522350351, 40.937788608293744]
Iteration 4
Best Fitness
[36.96969696969697, 30.0, 1.212121212121211, 4.090909090909092, 61.66666666666666, 2.5, 10.0, 2.5, 17.5, 27.5]
Best Position
[1.0, 1.0, 0.6264344743723036, 1.0, 0.4200783459224421, 0.25469235942558444, 0.703034876162352, 0.9374604194068656, 1.0, 0.7488798186052752, 1.0, 0.3994456513290783, 1.0, 0.7321185368993992, 0.5813257335996767, 0.6075710352157992, 100.0, 100.0, 100.0, 100.0, 100.0, 100.0, 51.49328484202738, 100.0, 99.25415449639311, 83.82630522350351, 40.937788608293744]

-------------

Current fitness of particle 0:
 [40.0, 30.0, 20.0, 5.0, 95.0, 5.0, 10.0, 20.0, 30.0, 65.0]

Current fitness of particle 1:
 [36.96969696969697, 30.0, 1.212121212121211, 5.0, 70.75757575757575, 2.5, 10.0, 2.5, 30.0, 40.0]

Current fitness of particle 2:
 [36.96969696969697, 30.0, 10.303030303030305, 61.66666666666666, 5.0, 2.5, 10.0, 10.0, 32.5, 35.0]

Current fitness of particle 3:
 [36.96969696969697, 30.0, 13.333333333333329, 5.0, 58.63636363636363, 2.5, 10.0, 10.0, 30.0, 27.5]

Current fitness of particle 4:
 [36.96969696969697, 30.0, 1.212121212121211, 5.0, 70.75757575757575, 2.5, 10.0, 2.5, 30.0, 40.0]

Current fitness of particle 5:
 [40.0, 30.0, 7.878787878787879, 79.84848484848484, 1.9696969696969697, 2.5, 10.0, 0.0, 47.5, 35.0]

Current fitness of particle 6:
 [40.0, 30.0, 20.0, 5.0, 95.0, 5.0, 10.0, 20.0, 30.0, 65.0]

Current fitness of particle 7:
 [36.96969696969697, 30.0, 1.212121212121211, 5.0, 70.75757575757575, 2.5, 10.0, 2.5, 30.0, 40.0]

Current fitness of particle 8:
 [36.96969696969697, 30.0, 1.212121212121211, 4.090909090909092, 61.66666666666666, 2.5, 10.0, 2.5, 17.5, 27.5]

Current fitness of particle 9:
 [36.96969696969697, 30.0, 1.212121212121211, 70.75757575757575, 5.0, 2.5, 10.0, 2.5, 45.0, 35.0]

Current fitness of particle 10:
 [36.96969696969697, 30.0, 1.212121212121211, 22.27272727272727, 43.484848484848484, 2.5, 10.0, 2.5, 12.5, 22.499999999999993]

Current fitness of particle 11:
 [40.0, 30.0, 20.0, 5.0, 95.0, 5.0, 10.0, 20.0, 30.0, 65.0]

Current fitness of particle 12:
 [36.96969696969697, 30.0, 1.212121212121211, 67.72727272727273, 1.9696969696969697, 2.5, 10.0, 2.5, 45.0, 35.0]

Current fitness of particle 13:
 [40.0, 30.0, 20.0, 58.63636363636363, 31.363636363636367, 5.0, 10.0, 20.0, 32.5, 2.5]

Current fitness of particle 14:
 [36.96969696969697, 30.0, 1.212121212121211, 4.090909090909092, 61.66666666666666, 2.5, 10.0, 2.5, 17.5, 27.5]

[1.0, 1.0, 0.6264344743723036, 1.0, 0.4200783459224421, 0.25469235942558444, 0.703034876162352, 0.9374604194068656, 1.0, 0.7488798186052752, 1.0, 0.3994456513290783, 1.0, 0.7321185368993992, 0.5813257335996767, 0.6075710352157992, 100.0, 100.0, 100.0, 100.0, 100.0, 100.0, 51.49328484202738, 100.0, 99.25415449639311, 83.82630522350351, 40.937788608293744]
[1.0, 1.0, 0.6264344743723036, 1.0, 0.4200783459224421, 0.25469235942558444, 0.703034876162352, 0.9374604194068656, 1.0, 0.7488798186052752, 1.0, 0.3994456513290783, 1.0, 0.7321185368993992, 0.5813257335996767, 0.6075710352157992, 100.0, 100.0, 100.0, 100.0, 100.0, 100.0, 51.49328484202738, 100.0, 99.25415449639311, 83.82630522350351, 40.937788608293744]
[1.0, 1.0, 0.6264344743723036, 1.0, 0.4200783459224421, 0.25469235942558444, 0.703034876162352, 0.9374604194068656, 1.0, 0.7488798186052752, 1.0, 0.3994456513290783, 1.0, 0.7321185368993992, 0.5813257335996767, 0.6075710352157992, 100.0, 100.0, 100.0, 100.0, 100.0, 100.0, 51.49328484202738, 100.0, 99.25415449639311, 83.82630522350351, 40.937788608293744]
[1.0, 1.0, 0.6264344743723036, 1.0, 0.4200783459224421, 0.25469235942558444, 0.703034876162352, 0.9374604194068656, 1.0, 0.7488798186052752, 1.0, 0.3994456513290783, 1.0, 0.7321185368993992, 0.5813257335996767, 0.6075710352157992, 100.0, 100.0, 100.0, 100.0, 100.0, 100.0, 51.49328484202738, 100.0, 99.25415449639311, 83.82630522350351, 40.937788608293744]
[1.0, 1.0, 0.6264344743723036, 1.0, 0.4200783459224421, 0.25469235942558444, 0.703034876162352, 0.9374604194068656, 1.0, 0.7488798186052752, 1.0, 0.3994456513290783, 1.0, 0.7321185368993992, 0.5813257335996767, 0.6075710352157992, 100.0, 100.0, 100.0, 100.0, 100.0, 100.0, 51.49328484202738, 100.0, 99.25415449639311, 83.82630522350351, 40.937788608293744]
[1.0, 1.0, 0.6264344743723036, 1.0, 0.4200783459224421, 0.25469235942558444, 0.703034876162352, 0.9374604194068656, 1.0, 0.7488798186052752, 1.0, 0.3994456513290783, 1.0, 0.7321185368993992, 0.5813257335996767, 0.6075710352157992, 100.0, 100.0, 100.0, 100.0, 100.0, 100.0, 51.49328484202738, 100.0, 99.25415449639311, 83.82630522350351, 40.937788608293744]
[1.0, 1.0, 0.6264344743723036, 1.0, 0.4200783459224421, 0.25469235942558444, 0.703034876162352, 0.9374604194068656, 1.0, 0.7488798186052752, 1.0, 0.3994456513290783, 1.0, 0.7321185368993992, 0.5813257335996767, 0.6075710352157992, 100.0, 100.0, 100.0, 100.0, 100.0, 100.0, 51.49328484202738, 100.0, 99.25415449639311, 83.82630522350351, 40.937788608293744]
[1.0, 1.0, 0.6264344743723036, 1.0, 0.4200783459224421, 0.25469235942558444, 0.703034876162352, 0.9374604194068656, 1.0, 0.7488798186052752, 1.0, 0.3994456513290783, 1.0, 0.7321185368993992, 0.5813257335996767, 0.6075710352157992, 100.0, 100.0, 100.0, 100.0, 100.0, 100.0, 51.49328484202738, 100.0, 99.25415449639311, 83.82630522350351, 40.937788608293744]
[1.0, 1.0, 0.6264344743723036, 1.0, 0.4200783459224421, 0.25469235942558444, 0.703034876162352, 0.9374604194068656, 1.0, 0.7488798186052752, 1.0, 0.3994456513290783, 1.0, 0.7321185368993992, 0.5813257335996767, 0.6075710352157992, 100.0, 100.0, 100.0, 100.0, 100.0, 100.0, 51.49328484202738, 100.0, 99.25415449639311, 83.82630522350351, 40.937788608293744]
[1.0, 1.0, 0.6264344743723036, 1.0, 0.4200783459224421, 0.25469235942558444, 0.703034876162352, 0.9374604194068656, 1.0, 0.7488798186052752, 1.0, 0.3994456513290783, 1.0, 0.7321185368993992, 0.5813257335996767, 0.6075710352157992, 100.0, 100.0, 100.0, 100.0, 100.0, 100.0, 51.49328484202738, 100.0, 99.25415449639311, 83.82630522350351, 40.937788608293744]
[1.0, 1.0, 0.6264344743723036, 1.0, 0.4200783459224421, 0.25469235942558444, 0.703034876162352, 0.9374604194068656, 1.0, 0.7488798186052752, 1.0, 0.3994456513290783, 1.0, 0.7321185368993992, 0.5813257335996767, 0.6075710352157992, 100.0, 100.0, 100.0, 100.0, 100.0, 100.0, 51.49328484202738, 100.0, 99.25415449639311, 83.82630522350351, 40.937788608293744]
[1.0, 1.0, 0.6264344743723036, 1.0, 0.4200783459224421, 0.25469235942558444, 0.703034876162352, 0.9374604194068656, 1.0, 0.7488798186052752, 1.0, 0.3994456513290783, 1.0, 0.7321185368993992, 0.5813257335996767, 0.6075710352157992, 100.0, 100.0, 100.0, 100.0, 100.0, 100.0, 51.49328484202738, 100.0, 99.25415449639311, 83.82630522350351, 40.937788608293744]
[1.0, 1.0, 0.6264344743723036, 1.0, 0.4200783459224421, 0.25469235942558444, 0.703034876162352, 0.9374604194068656, 1.0, 0.7488798186052752, 1.0, 0.3994456513290783, 1.0, 0.7321185368993992, 0.5813257335996767, 0.6075710352157992, 100.0, 100.0, 100.0, 100.0, 100.0, 100.0, 51.49328484202738, 100.0, 99.25415449639311, 83.82630522350351, 40.937788608293744]
[1.0, 1.0, 0.6264344743723036, 1.0, 0.4200783459224421, 0.25469235942558444, 0.703034876162352, 0.9374604194068656, 1.0, 0.7488798186052752, 1.0, 0.3994456513290783, 1.0, 0.7321185368993992, 0.5813257335996767, 0.6075710352157992, 100.0, 100.0, 100.0, 100.0, 100.0, 100.0, 51.49328484202738, 100.0, 99.25415449639311, 83.82630522350351, 40.937788608293744]
[1.0, 1.0, 0.6264344743723036, 1.0, 0.4200783459224421, 0.25469235942558444, 0.703034876162352, 0.9374604194068656, 1.0, 0.7488798186052752, 1.0, 0.3994456513290783, 1.0, 0.7321185368993992, 0.5813257335996767, 0.6075710352157992, 100.0, 100.0, 100.0, 100.0, 100.0, 100.0, 51.49328484202738, 100.0, 99.25415449639311, 83.82630522350351, 40.937788608293744]
[36.96969696969697, 30.0, 1.212121212121211, 4.090909090909092, 61.66666666666666, 2.5, 10.0, 2.5, 17.5, 27.5]
[1.0, 1.0, 0.6264344743723036, 1.0, 0.4200783459224421, 0.25469235942558444, 0.703034876162352, 0.9374604194068656, 1.0, 0.7488798186052752, 1.0, 0.3994456513290783, 1.0, 0.7321185368993992, 0.5813257335996767, 0.6075710352157992, 100.0, 100.0, 100.0, 100.0, 100.0, 100.0, 51.49328484202738, 100.0, 99.25415449639311, 83.82630522350351, 40.937788608293744]
