particle 0 is updating position
due to fitness value of: 
[8.0, 30.0, 14.0, 7.0, 29.0, 37.857142857142854, 10.0, 11.071428571428571, 12.142857142857142, 4.642857142857146]
which is less than: 
null


[1, 2, 2, 1, 1, 1, 2, 1, 1, 2, 1, 1, 1, 1, 2, 1, 1, 1, 3, 2, 1, 1, 5, 5, 1, 2, 4, 3, 5, 4, 4, 5, 1, 4, 5, 4, 5, 3, 1, 3, 2, 1, 1, 3, 4]
[1, 2, 2, 1, 1, 1, 2, 1, 1, 2, 1, 1, 1, 1, 2, 1, 1, 1, 3, 2, 1, 1, 5, 5, 1, 2, 4, 3, 5, 4, 4, 5, 1, 4, 5, 4, 5, 3, 1, 3, 2, 1, 1, 3, 4]
Iteration 0
Best Fitness
[8.0, 30.0, 14.0, 7.0, 29.0, 37.857142857142854, 10.0, 11.071428571428571, 12.142857142857142, 4.642857142857146]
Best Position
[1, 2, 2, 1, 1, 1, 2, 1, 1, 2, 1, 1, 1, 1, 2, 1, 1, 1, 3, 2, 1, 1, 5, 5, 1, 2, 4, 3, 5, 4, 4, 5, 1, 4, 5, 4, 5, 3, 1, 3, 2, 1, 1, 3, 4]

-------------

Current fitness of particle 0
: [8.0, 30.0, 14.0, 7.0, 29.0, 37.857142857142854, 10.0, 11.071428571428571, 12.142857142857142, 4.642857142857146]

Current fitness of particle 1
: [38.0, 30.0, 18.0, 37.0, 49.0, 5.0, 10.0, 20.0, 5.714285714285715, 29.285714285714292]

Current fitness of particle 2
: [6.0, 24.0, 20.0, 17.0, 33.0, 30.714285714285715, 4.642857142857143, 18.214285714285715, 13.928571428571427, 6.071428571428569]

Current fitness of particle 3
: [6.0, 30.0, 12.0, 41.0, 5.0, 37.857142857142854, 8.214285714285715, 12.857142857142858, 18.214285714285715, 35.0]

Current fitness of particle 4
: [40.0, 30.0, 20.0, 95.0, 5.0, 5.0, 10.0, 20.0, 70.0, 35.0]

Current fitness of particle 5
: [50.0, 26.0, 20.0, 3.0, 1.0, 78.92857142857143, 4.642857142857143, 18.214285714285715, 30.0, 26.07142857142857]

Current fitness of particle 6
: [0.0, 28.0, 20.0, 23.000000000000004, 25.0, 41.42857142857143, 4.642857142857143, 18.214285714285715, 8.571428571428573, 10.0]

Current fitness of particle 7
: [32.0, 30.0, 16.0, 73.0, 5.0, 2.1428571428571423, 10.0, 18.214285714285715, 45.0, 18.928571428571427]

Current fitness of particle 8
: [0.0, 24.0, 20.0, 13.0, 31.0, 30.714285714285715, 2.8571428571428577, 16.42857142857143, 17.5, 6.071428571428569]

Current fitness of particle 9
: [36.0, 30.0, 18.0, 87.0, 3.0, 1.4285714285714288, 10.0, 12.857142857142858, 57.5, 33.214285714285715]

Current fitness of particle 10
: [40.0, 30.0, 20.0, 5.0, 95.0, 5.0, 10.0, 20.0, 30.0, 65.0]

Current fitness of particle 11
: [8.0, 30.0, 16.0, 55.0, 1.0, 34.285714285714285, 10.0, 12.857142857142858, 23.57142857142857, 35.0]

Current fitness of particle 12
: [20.0, 26.0, 20.0, 17.0, 49.0, 0.35714285714285676, 8.214285714285715, 18.214285714285715, 6.785714285714285, 32.85714285714286]

Current fitness of particle 13
: [48.0, 28.0, 10.0, 5.0, 5.0, 78.92857142857143, 10.0, 3.928571428571427, 30.0, 35.0]

Current fitness of particle 14
: [20.0, 28.0, 20.0, 17.0, 51.00000000000001, 16.428571428571427, 4.642857142857143, 20.0, 0.3571428571428541, 7.857142857142854]

[1, 2, 2, 1, 1, 1, 2, 1, 1, 2, 1, 1, 1, 1, 2, 1, 1, 1, 3, 2, 1, 1, 5, 5, 1, 2, 4, 3, 5, 4, 4, 5, 1, 4, 5, 4, 5, 3, 1, 3, 2, 1, 1, 3, 4]
[1, 2, 2, 1, 1, 1, 2, 1, 1, 2, 1, 1, 1, 1, 2, 1, 1, 1, 3, 2, 1, 1, 5, 5, 1, 2, 4, 3, 5, 4, 4, 5, 1, 4, 5, 4, 5, 3, 1, 3, 2, 1, 1, 3, 4]
[1, 2, 2, 1, 1, 1, 2, 1, 1, 2, 1, 1, 1, 1, 2, 1, 1, 1, 3, 2, 1, 1, 5, 5, 1, 2, 4, 3, 5, 4, 4, 5, 1, 4, 5, 4, 5, 3, 1, 3, 2, 1, 1, 3, 4]
[1, 2, 2, 1, 1, 1, 2, 1, 1, 2, 1, 1, 1, 1, 2, 1, 1, 1, 3, 2, 1, 1, 5, 5, 1, 2, 4, 3, 5, 4, 4, 5, 1, 4, 5, 4, 5, 3, 1, 3, 2, 1, 1, 3, 4]
[1, 2, 2, 1, 1, 1, 2, 1, 1, 2, 1, 1, 1, 1, 2, 1, 1, 1, 3, 2, 1, 1, 5, 5, 1, 2, 4, 3, 5, 4, 4, 5, 1, 4, 5, 4, 5, 3, 1, 3, 2, 1, 1, 3, 4]
[1, 2, 2, 1, 1, 1, 2, 1, 1, 2, 1, 1, 1, 1, 2, 1, 1, 1, 3, 2, 1, 1, 5, 5, 1, 2, 4, 3, 5, 4, 4, 5, 1, 4, 5, 4, 5, 3, 1, 3, 2, 1, 1, 3, 4]
[1, 2, 2, 1, 1, 1, 2, 1, 1, 2, 1, 1, 1, 1, 2, 1, 1, 1, 3, 2, 1, 1, 5, 5, 1, 2, 4, 3, 5, 4, 4, 5, 1, 4, 5, 4, 5, 3, 1, 3, 2, 1, 1, 3, 4]
[1, 2, 2, 1, 1, 1, 2, 1, 1, 2, 1, 1, 1, 1, 2, 1, 1, 1, 3, 2, 1, 1, 5, 5, 1, 2, 4, 3, 5, 4, 4, 5, 1, 4, 5, 4, 5, 3, 1, 3, 2, 1, 1, 3, 4]
[1, 2, 2, 1, 1, 1, 2, 1, 1, 2, 1, 1, 1, 1, 2, 1, 1, 1, 3, 2, 1, 1, 5, 5, 1, 2, 4, 3, 5, 4, 4, 5, 1, 4, 5, 4, 5, 3, 1, 3, 2, 1, 1, 3, 4]
[1, 2, 2, 1, 1, 1, 2, 1, 1, 2, 1, 1, 1, 1, 2, 1, 1, 1, 3, 2, 1, 1, 5, 5, 1, 2, 4, 3, 5, 4, 4, 5, 1, 4, 5, 4, 5, 3, 1, 3, 2, 1, 1, 3, 4]
[1, 2, 2, 1, 1, 1, 2, 1, 1, 2, 1, 1, 1, 1, 2, 1, 1, 1, 3, 2, 1, 1, 5, 5, 1, 2, 4, 3, 5, 4, 4, 5, 1, 4, 5, 4, 5, 3, 1, 3, 2, 1, 1, 3, 4]
[1, 2, 2, 1, 1, 1, 2, 1, 1, 2, 1, 1, 1, 1, 2, 1, 1, 1, 3, 2, 1, 1, 5, 5, 1, 2, 4, 3, 5, 4, 4, 5, 1, 4, 5, 4, 5, 3, 1, 3, 2, 1, 1, 3, 4]
[1, 2, 2, 1, 1, 1, 2, 1, 1, 2, 1, 1, 1, 1, 2, 1, 1, 1, 3, 2, 1, 1, 5, 5, 1, 2, 4, 3, 5, 4, 4, 5, 1, 4, 5, 4, 5, 3, 1, 3, 2, 1, 1, 3, 4]
[1, 2, 2, 1, 1, 1, 2, 1, 1, 2, 1, 1, 1, 1, 2, 1, 1, 1, 3, 2, 1, 1, 5, 5, 1, 2, 4, 3, 5, 4, 4, 5, 1, 4, 5, 4, 5, 3, 1, 3, 2, 1, 1, 3, 4]
[1, 2, 2, 1, 1, 1, 2, 1, 1, 2, 1, 1, 1, 1, 2, 1, 1, 1, 3, 2, 1, 1, 5, 5, 1, 2, 4, 3, 5, 4, 4, 5, 1, 4, 5, 4, 5, 3, 1, 3, 2, 1, 1, 3, 4]
[8.0, 30.0, 14.0, 7.0, 29.0, 37.857142857142854, 10.0, 11.071428571428571, 12.142857142857142, 4.642857142857146]
[1, 2, 2, 1, 1, 1, 2, 1, 1, 2, 1, 1, 1, 1, 2, 1, 1, 1, 3, 2, 1, 1, 5, 5, 1, 2, 4, 3, 5, 4, 4, 5, 1, 4, 5, 4, 5, 3, 1, 3, 2, 1, 1, 3, 4]
particle 6 is updating position
due to fitness value of: 
[4.0, 26.0, 20.0, 15.0, 27.0, 28.92857142857143, 10.0, 20.0, 3.2142857142857153, 4.285714285714285]
which is less than: 
[8.0, 30.0, 14.0, 7.0, 29.0, 37.857142857142854, 10.0, 11.071428571428571, 12.142857142857142, 4.642857142857146]


[1, 2, 1, 1, 1, 1, 3, 1, 1, 1, 1, 1, 1, 1, 2, 2, 2, 1, 2, 4, 2, 1, 5, 5, 1, 3, 4, 2, 5, 4, 5, 4, 4, 5, 3, 4, 3, 3, 2, 4, 3, 3, 4, 2, 3]
[1, 2, 1, 1, 1, 1, 3, 1, 1, 1, 1, 1, 1, 1, 2, 2, 2, 1, 2, 4, 2, 1, 5, 5, 1, 3, 4, 2, 5, 4, 5, 4, 4, 5, 3, 4, 3, 3, 2, 4, 3, 3, 4, 2, 3]
Iteration 1
Best Fitness
[4.0, 26.0, 20.0, 15.0, 27.0, 28.92857142857143, 10.0, 20.0, 3.2142857142857153, 4.285714285714285]
Best Position
[1, 2, 1, 1, 1, 1, 3, 1, 1, 1, 1, 1, 1, 1, 2, 2, 2, 1, 2, 4, 2, 1, 5, 5, 1, 3, 4, 2, 5, 4, 5, 4, 4, 5, 3, 4, 3, 3, 2, 4, 3, 3, 4, 2, 3]

-------------

Current fitness of particle 0
: [8.0, 30.0, 14.0, 7.0, 29.0, 37.857142857142854, 10.0, 11.071428571428571, 12.142857142857142, 4.642857142857146]

Current fitness of particle 1
: [40.0, 30.0, 18.0, 41.0, 47.0, 1.4285714285714288, 10.0, 12.857142857142858, 5.714285714285715, 18.57142857142857]

Current fitness of particle 2
: [22.0, 30.0, 20.0, 63.0, 9.000000000000002, 7.5, 10.0, 20.0, 46.78571428571429, 24.285714285714285]

Current fitness of particle 3
: [48.0, 26.0, 12.0, 5.0, 5.0, 77.14285714285714, 6.428571428571429, 5.714285714285715, 30.0, 35.0]

Current fitness of particle 4
: [44.0, 24.0, 14.0, 5.0, 1.0, 75.35714285714286, 2.8571428571428577, 9.285714285714286, 30.0, 33.214285714285715]

Current fitness of particle 5
: [6.0, 28.0, 20.0, 17.0, 25.0, 41.42857142857143, 4.642857142857143, 18.214285714285715, 13.928571428571427, 4.642857142857146]

Current fitness of particle 6
: [4.0, 26.0, 20.0, 15.0, 27.0, 28.92857142857143, 10.0, 20.0, 3.2142857142857153, 4.285714285714285]

Current fitness of particle 7
: [46.0, 24.0, 16.0, 1.0, 5.0, 77.14285714285714, 1.0714285714285712, 12.857142857142858, 28.214285714285715, 35.0]

Current fitness of particle 8
: [0.0, 30.0, 16.0, 13.0, 33.0, 30.714285714285715, 10.0, 12.857142857142858, 15.714285714285715, 7.857142857142854]

Current fitness of particle 9
: [4.0, 28.0, 20.0, 15.0, 37.0, 36.07142857142857, 4.642857142857143, 20.0, 6.785714285714285, 4.642857142857146]

Current fitness of particle 10
: [0.0, 30.0, 14.0, 45.0, 1.0, 28.92857142857143, 10.0, 14.642857142857142, 27.14285714285714, 31.42857142857143]

Current fitness of particle 11
: [14.0, 26.0, 16.0, 33.0, 5.0, 41.42857142857143, 2.8571428571428577, 16.42857142857143, 12.857142857142854, 35.0]

Current fitness of particle 12
: [46.0, 30.0, 12.0, 1.0, 3.0, 75.35714285714286, 10.0, 14.642857142857142, 22.857142857142858, 27.857142857142858]

Current fitness of particle 13
: [0.0, 28.0, 16.0, 49.0, 5.0, 30.714285714285715, 0.7142857142857135, 12.857142857142858, 16.42857142857143, 35.0]

Current fitness of particle 14
: [8.0, 30.0, 12.0, 49.0, 1.0, 23.57142857142857, 10.0, 14.642857142857142, 23.57142857142857, 22.5]

[1, 2, 1, 1, 1, 1, 3, 1, 1, 1, 1, 1, 1, 1, 2, 2, 2, 1, 2, 4, 2, 1, 5, 5, 1, 3, 4, 2, 5, 4, 5, 4, 4, 5, 3, 4, 3, 3, 2, 4, 3, 3, 4, 2, 3]
[1, 2, 1, 1, 1, 1, 3, 1, 1, 1, 1, 1, 1, 1, 2, 2, 2, 1, 2, 4, 2, 1, 5, 5, 1, 3, 4, 2, 5, 4, 5, 4, 4, 5, 3, 4, 3, 3, 2, 4, 3, 3, 4, 2, 3]
[1, 2, 1, 1, 1, 1, 3, 1, 1, 1, 1, 1, 1, 1, 2, 2, 2, 1, 2, 4, 2, 1, 5, 5, 1, 3, 4, 2, 5, 4, 5, 4, 4, 5, 3, 4, 3, 3, 2, 4, 3, 3, 4, 2, 3]
[1, 2, 1, 1, 1, 1, 3, 1, 1, 1, 1, 1, 1, 1, 2, 2, 2, 1, 2, 4, 2, 1, 5, 5, 1, 3, 4, 2, 5, 4, 5, 4, 4, 5, 3, 4, 3, 3, 2, 4, 3, 3, 4, 2, 3]
[1, 2, 1, 1, 1, 1, 3, 1, 1, 1, 1, 1, 1, 1, 2, 2, 2, 1, 2, 4, 2, 1, 5, 5, 1, 3, 4, 2, 5, 4, 5, 4, 4, 5, 3, 4, 3, 3, 2, 4, 3, 3, 4, 2, 3]
[1, 2, 1, 1, 1, 1, 3, 1, 1, 1, 1, 1, 1, 1, 2, 2, 2, 1, 2, 4, 2, 1, 5, 5, 1, 3, 4, 2, 5, 4, 5, 4, 4, 5, 3, 4, 3, 3, 2, 4, 3, 3, 4, 2, 3]
[1, 2, 1, 1, 1, 1, 3, 1, 1, 1, 1, 1, 1, 1, 2, 2, 2, 1, 2, 4, 2, 1, 5, 5, 1, 3, 4, 2, 5, 4, 5, 4, 4, 5, 3, 4, 3, 3, 2, 4, 3, 3, 4, 2, 3]
[1, 2, 1, 1, 1, 1, 3, 1, 1, 1, 1, 1, 1, 1, 2, 2, 2, 1, 2, 4, 2, 1, 5, 5, 1, 3, 4, 2, 5, 4, 5, 4, 4, 5, 3, 4, 3, 3, 2, 4, 3, 3, 4, 2, 3]
[1, 2, 1, 1, 1, 1, 3, 1, 1, 1, 1, 1, 1, 1, 2, 2, 2, 1, 2, 4, 2, 1, 5, 5, 1, 3, 4, 2, 5, 4, 5, 4, 4, 5, 3, 4, 3, 3, 2, 4, 3, 3, 4, 2, 3]
[1, 2, 1, 1, 1, 1, 3, 1, 1, 1, 1, 1, 1, 1, 2, 2, 2, 1, 2, 4, 2, 1, 5, 5, 1, 3, 4, 2, 5, 4, 5, 4, 4, 5, 3, 4, 3, 3, 2, 4, 3, 3, 4, 2, 3]
[1, 2, 1, 1, 1, 1, 3, 1, 1, 1, 1, 1, 1, 1, 2, 2, 2, 1, 2, 4, 2, 1, 5, 5, 1, 3, 4, 2, 5, 4, 5, 4, 4, 5, 3, 4, 3, 3, 2, 4, 3, 3, 4, 2, 3]
[1, 2, 1, 1, 1, 1, 3, 1, 1, 1, 1, 1, 1, 1, 2, 2, 2, 1, 2, 4, 2, 1, 5, 5, 1, 3, 4, 2, 5, 4, 5, 4, 4, 5, 3, 4, 3, 3, 2, 4, 3, 3, 4, 2, 3]
[1, 2, 1, 1, 1, 1, 3, 1, 1, 1, 1, 1, 1, 1, 2, 2, 2, 1, 2, 4, 2, 1, 5, 5, 1, 3, 4, 2, 5, 4, 5, 4, 4, 5, 3, 4, 3, 3, 2, 4, 3, 3, 4, 2, 3]
[1, 2, 1, 1, 1, 1, 3, 1, 1, 1, 1, 1, 1, 1, 2, 2, 2, 1, 2, 4, 2, 1, 5, 5, 1, 3, 4, 2, 5, 4, 5, 4, 4, 5, 3, 4, 3, 3, 2, 4, 3, 3, 4, 2, 3]
[1, 2, 1, 1, 1, 1, 3, 1, 1, 1, 1, 1, 1, 1, 2, 2, 2, 1, 2, 4, 2, 1, 5, 5, 1, 3, 4, 2, 5, 4, 5, 4, 4, 5, 3, 4, 3, 3, 2, 4, 3, 3, 4, 2, 3]
[4.0, 26.0, 20.0, 15.0, 27.0, 28.92857142857143, 10.0, 20.0, 3.2142857142857153, 4.285714285714285]
[1, 2, 1, 1, 1, 1, 3, 1, 1, 1, 1, 1, 1, 1, 2, 2, 2, 1, 2, 4, 2, 1, 5, 5, 1, 3, 4, 2, 5, 4, 5, 4, 4, 5, 3, 4, 3, 3, 2, 4, 3, 3, 4, 2, 3]
Iteration 2
Best Fitness
[4.0, 26.0, 20.0, 15.0, 27.0, 28.92857142857143, 10.0, 20.0, 3.2142857142857153, 4.285714285714285]
Best Position
[1, 2, 1, 1, 1, 1, 3, 1, 1, 1, 1, 1, 1, 1, 2, 2, 2, 1, 2, 4, 2, 1, 5, 5, 1, 3, 4, 2, 5, 4, 5, 4, 4, 5, 3, 4, 3, 3, 2, 4, 3, 3, 4, 2, 3]

-------------

Current fitness of particle 0
: [22.0, 24.0, 16.0, 9.000000000000002, 9.000000000000002, 55.71428571428571, 8.214285714285715, 5.714285714285715, 22.857142857142858, 18.928571428571427]

Current fitness of particle 1
: [10.0, 30.0, 16.0, 9.000000000000002, 27.0, 45.0, 10.0, 16.42857142857143, 10.357142857142858, 8.214285714285715]

Current fitness of particle 2
: [14.0, 30.0, 14.0, 59.0, 1.0, 14.642857142857142, 8.214285714285715, 14.642857142857142, 34.28571428571429, 26.07142857142857]

Current fitness of particle 3
: [32.0, 30.0, 12.0, 13.0, 3.0, 62.85714285714286, 8.214285714285715, 7.5, 15.714285714285715, 31.42857142857143]

Current fitness of particle 4
: [50.0, 24.0, 20.0, 3.0, 3.0, 78.92857142857143, 6.428571428571429, 18.214285714285715, 28.214285714285715, 26.07142857142857]

Current fitness of particle 5
: [8.0, 30.0, 16.0, 27.0, 11.0, 43.214285714285715, 10.0, 9.285714285714286, 0.3571428571428541, 24.285714285714285]

Current fitness of particle 6
: [4.0, 26.0, 20.0, 15.0, 27.0, 28.92857142857143, 10.0, 20.0, 3.2142857142857153, 4.285714285714285]

Current fitness of particle 7
: [44.0, 24.0, 14.0, 1.0, 5.0, 75.35714285714286, 8.214285714285715, 9.285714285714286, 24.642857142857142, 33.214285714285715]

Current fitness of particle 8
: [10.0, 26.0, 20.0, 7.0, 29.0, 45.0, 10.0, 18.214285714285715, 13.928571428571427, 2.857142857142854]

Current fitness of particle 9
: [6.0, 30.0, 20.0, 3.0, 41.0, 41.42857142857143, 10.0, 18.214285714285715, 21.07142857142857, 7.857142857142854]

Current fitness of particle 10
: [24.0, 28.0, 18.0, 3.0, 73.0, 11.071428571428573, 2.8571428571428577, 18.214285714285715, 26.42857142857143, 36.42857142857143]

Current fitness of particle 11
: [12.0, 28.0, 18.0, 9.000000000000002, 25.0, 43.214285714285715, 10.0, 7.5, 19.285714285714285, 6.428571428571431]

Current fitness of particle 12
: [20.0, 28.0, 20.0, 69.0, 1.0, 14.642857142857142, 10.0, 9.285714285714286, 37.85714285714286, 33.214285714285715]

Current fitness of particle 13
: [30.0, 30.0, 16.0, 31.0, 45.0, 3.928571428571429, 10.0, 20.0, 14.642857142857146, 11.42857142857143]

Current fitness of particle 14
: [36.0, 30.0, 12.0, 1.0, 5.0, 64.64285714285714, 8.214285714285715, 7.5, 28.214285714285715, 20.714285714285715]

[1, 2, 1, 1, 1, 1, 3, 1, 1, 1, 1, 1, 1, 1, 2, 2, 2, 1, 2, 4, 2, 1, 5, 5, 1, 3, 4, 2, 5, 4, 5, 4, 4, 5, 3, 4, 3, 3, 2, 4, 3, 3, 4, 2, 3]
[1, 2, 1, 1, 1, 1, 3, 1, 1, 1, 1, 1, 1, 1, 2, 2, 2, 1, 2, 4, 2, 1, 5, 5, 1, 3, 4, 2, 5, 4, 5, 4, 4, 5, 3, 4, 3, 3, 2, 4, 3, 3, 4, 2, 3]
[1, 2, 1, 1, 1, 1, 3, 1, 1, 1, 1, 1, 1, 1, 2, 2, 2, 1, 2, 4, 2, 1, 5, 5, 1, 3, 4, 2, 5, 4, 5, 4, 4, 5, 3, 4, 3, 3, 2, 4, 3, 3, 4, 2, 3]
[1, 2, 1, 1, 1, 1, 3, 1, 1, 1, 1, 1, 1, 1, 2, 2, 2, 1, 2, 4, 2, 1, 5, 5, 1, 3, 4, 2, 5, 4, 5, 4, 4, 5, 3, 4, 3, 3, 2, 4, 3, 3, 4, 2, 3]
[1, 2, 1, 1, 1, 1, 3, 1, 1, 1, 1, 1, 1, 1, 2, 2, 2, 1, 2, 4, 2, 1, 5, 5, 1, 3, 4, 2, 5, 4, 5, 4, 4, 5, 3, 4, 3, 3, 2, 4, 3, 3, 4, 2, 3]
[1, 2, 1, 1, 1, 1, 3, 1, 1, 1, 1, 1, 1, 1, 2, 2, 2, 1, 2, 4, 2, 1, 5, 5, 1, 3, 4, 2, 5, 4, 5, 4, 4, 5, 3, 4, 3, 3, 2, 4, 3, 3, 4, 2, 3]
[1, 2, 1, 1, 1, 1, 3, 1, 1, 1, 1, 1, 1, 1, 2, 2, 2, 1, 2, 4, 2, 1, 5, 5, 1, 3, 4, 2, 5, 4, 5, 4, 4, 5, 3, 4, 3, 3, 2, 4, 3, 3, 4, 2, 3]
[1, 2, 1, 1, 1, 1, 3, 1, 1, 1, 1, 1, 1, 1, 2, 2, 2, 1, 2, 4, 2, 1, 5, 5, 1, 3, 4, 2, 5, 4, 5, 4, 4, 5, 3, 4, 3, 3, 2, 4, 3, 3, 4, 2, 3]
[1, 2, 1, 1, 1, 1, 3, 1, 1, 1, 1, 1, 1, 1, 2, 2, 2, 1, 2, 4, 2, 1, 5, 5, 1, 3, 4, 2, 5, 4, 5, 4, 4, 5, 3, 4, 3, 3, 2, 4, 3, 3, 4, 2, 3]
[1, 2, 1, 1, 1, 1, 3, 1, 1, 1, 1, 1, 1, 1, 2, 2, 2, 1, 2, 4, 2, 1, 5, 5, 1, 3, 4, 2, 5, 4, 5, 4, 4, 5, 3, 4, 3, 3, 2, 4, 3, 3, 4, 2, 3]
[1, 2, 1, 1, 1, 1, 3, 1, 1, 1, 1, 1, 1, 1, 2, 2, 2, 1, 2, 4, 2, 1, 5, 5, 1, 3, 4, 2, 5, 4, 5, 4, 4, 5, 3, 4, 3, 3, 2, 4, 3, 3, 4, 2, 3]
[1, 2, 1, 1, 1, 1, 3, 1, 1, 1, 1, 1, 1, 1, 2, 2, 2, 1, 2, 4, 2, 1, 5, 5, 1, 3, 4, 2, 5, 4, 5, 4, 4, 5, 3, 4, 3, 3, 2, 4, 3, 3, 4, 2, 3]
[1, 2, 1, 1, 1, 1, 3, 1, 1, 1, 1, 1, 1, 1, 2, 2, 2, 1, 2, 4, 2, 1, 5, 5, 1, 3, 4, 2, 5, 4, 5, 4, 4, 5, 3, 4, 3, 3, 2, 4, 3, 3, 4, 2, 3]
[1, 2, 1, 1, 1, 1, 3, 1, 1, 1, 1, 1, 1, 1, 2, 2, 2, 1, 2, 4, 2, 1, 5, 5, 1, 3, 4, 2, 5, 4, 5, 4, 4, 5, 3, 4, 3, 3, 2, 4, 3, 3, 4, 2, 3]
[1, 2, 1, 1, 1, 1, 3, 1, 1, 1, 1, 1, 1, 1, 2, 2, 2, 1, 2, 4, 2, 1, 5, 5, 1, 3, 4, 2, 5, 4, 5, 4, 4, 5, 3, 4, 3, 3, 2, 4, 3, 3, 4, 2, 3]
[4.0, 26.0, 20.0, 15.0, 27.0, 28.92857142857143, 10.0, 20.0, 3.2142857142857153, 4.285714285714285]
[1, 2, 1, 1, 1, 1, 3, 1, 1, 1, 1, 1, 1, 1, 2, 2, 2, 1, 2, 4, 2, 1, 5, 5, 1, 3, 4, 2, 5, 4, 5, 4, 4, 5, 3, 4, 3, 3, 2, 4, 3, 3, 4, 2, 3]
particle 5 is updating position
due to fitness value of: 
[0.0, 28.0, 18.0, 21.0, 25.0, 27.142857142857146, 10.0, 14.642857142857142, 12.857142857142854, 15.357142857142858]
which is less than: 
[4.0, 26.0, 20.0, 15.0, 27.0, 28.92857142857143, 10.0, 20.0, 3.2142857142857153, 4.285714285714285]


[1, 3, 1, 1, 1, 1, 3, 1, 1, 1, 1, 1, 1, 1, 2, 3, 3, 1, 2, 3, 3, 1, 5, 5, 1, 2, 4, 4, 5, 4, 4, 5, 1, 4, 5, 2, 3, 5, 3, 4, 3, 2, 2, 1, 4]
[1, 3, 1, 1, 1, 1, 3, 1, 1, 1, 1, 1, 1, 1, 2, 3, 3, 1, 2, 3, 3, 1, 5, 5, 1, 2, 4, 4, 5, 4, 4, 5, 1, 4, 5, 2, 3, 5, 3, 4, 3, 2, 2, 1, 4]
Iteration 3
Best Fitness
[0.0, 28.0, 18.0, 21.0, 25.0, 27.142857142857146, 10.0, 14.642857142857142, 12.857142857142854, 15.357142857142858]
Best Position
[1, 3, 1, 1, 1, 1, 3, 1, 1, 1, 1, 1, 1, 1, 2, 3, 3, 1, 2, 3, 3, 1, 5, 5, 1, 2, 4, 4, 5, 4, 4, 5, 1, 4, 5, 2, 3, 5, 3, 4, 3, 2, 2, 1, 4]

-------------

Current fitness of particle 0
: [10.0, 30.0, 20.0, 7.0, 33.0, 28.92857142857143, 10.0, 16.42857142857143, 3.2142857142857153, 0.7142857142857153]

Current fitness of particle 1
: [4.0, 26.0, 20.0, 15.0, 27.0, 28.92857142857143, 10.0, 18.214285714285715, 0.3571428571428541, 1.0714285714285694]

Current fitness of particle 2
: [6.0, 26.0, 20.0, 13.0, 39.0, 27.142857142857146, 10.0, 18.214285714285715, 13.928571428571427, 15.0]

Current fitness of particle 3
: [0.0, 30.0, 20.0, 11.0, 39.0, 32.5, 10.0, 20.0, 13.928571428571427, 11.42857142857143]

Current fitness of particle 4
: [16.000000000000007, 30.0, 18.0, 31.0, 1.0, 48.57142857142857, 10.0, 20.0, 11.07142857142857, 29.642857142857142]

Current fitness of particle 5
: [0.0, 28.0, 18.0, 21.0, 25.0, 27.142857142857146, 10.0, 14.642857142857142, 12.857142857142854, 15.357142857142858]

Current fitness of particle 6
: [4.0, 26.0, 20.0, 15.0, 27.0, 28.92857142857143, 10.0, 20.0, 3.2142857142857153, 4.285714285714285]

Current fitness of particle 7
: [22.0, 28.0, 18.0, 27.0, 3.0, 53.92857142857143, 10.0, 14.642857142857142, 3.9285714285714306, 33.214285714285715]

Current fitness of particle 8
: [4.0, 30.0, 20.0, 13.0, 33.0, 28.92857142857143, 10.0, 20.0, 2.142857142857146, 1.0714285714285694]

Current fitness of particle 9
: [10.0, 28.0, 18.0, 5.0, 31.0, 41.42857142857143, 10.0, 18.214285714285715, 17.5, 4.285714285714285]

Current fitness of particle 10
: [8.0, 30.0, 20.0, 13.0, 29.0, 36.07142857142857, 10.0, 20.0, 9.285714285714285, 15.357142857142858]

Current fitness of particle 11
: [28.0, 30.0, 18.0, 51.00000000000001, 25.0, 14.642857142857142, 10.0, 16.42857142857143, 27.14285714285714, 15.357142857142858]

Current fitness of particle 12
: [8.0, 30.0, 20.0, 1.0, 41.0, 32.5, 10.0, 20.0, 15.714285714285715, 13.214285714285715]

Current fitness of particle 13
: [34.0, 30.0, 20.0, 1.0, 83.0, 3.2142857142857144, 10.0, 20.0, 28.214285714285715, 61.42857142857143]

Current fitness of particle 14
: [38.0, 28.0, 14.0, 1.0, 3.0, 62.85714285714286, 10.0, 16.42857142857143, 6.785714285714285, 29.642857142857142]

[1, 3, 1, 1, 1, 1, 3, 1, 1, 1, 1, 1, 1, 1, 2, 3, 3, 1, 2, 3, 3, 1, 5, 5, 1, 2, 4, 4, 5, 4, 4, 5, 1, 4, 5, 2, 3, 5, 3, 4, 3, 2, 2, 1, 4]
[1, 3, 1, 1, 1, 1, 3, 1, 1, 1, 1, 1, 1, 1, 2, 3, 3, 1, 2, 3, 3, 1, 5, 5, 1, 2, 4, 4, 5, 4, 4, 5, 1, 4, 5, 2, 3, 5, 3, 4, 3, 2, 2, 1, 4]
[1, 3, 1, 1, 1, 1, 3, 1, 1, 1, 1, 1, 1, 1, 2, 3, 3, 1, 2, 3, 3, 1, 5, 5, 1, 2, 4, 4, 5, 4, 4, 5, 1, 4, 5, 2, 3, 5, 3, 4, 3, 2, 2, 1, 4]
[1, 3, 1, 1, 1, 1, 3, 1, 1, 1, 1, 1, 1, 1, 2, 3, 3, 1, 2, 3, 3, 1, 5, 5, 1, 2, 4, 4, 5, 4, 4, 5, 1, 4, 5, 2, 3, 5, 3, 4, 3, 2, 2, 1, 4]
[1, 3, 1, 1, 1, 1, 3, 1, 1, 1, 1, 1, 1, 1, 2, 3, 3, 1, 2, 3, 3, 1, 5, 5, 1, 2, 4, 4, 5, 4, 4, 5, 1, 4, 5, 2, 3, 5, 3, 4, 3, 2, 2, 1, 4]
[1, 3, 1, 1, 1, 1, 3, 1, 1, 1, 1, 1, 1, 1, 2, 3, 3, 1, 2, 3, 3, 1, 5, 5, 1, 2, 4, 4, 5, 4, 4, 5, 1, 4, 5, 2, 3, 5, 3, 4, 3, 2, 2, 1, 4]
[1, 3, 1, 1, 1, 1, 3, 1, 1, 1, 1, 1, 1, 1, 2, 3, 3, 1, 2, 3, 3, 1, 5, 5, 1, 2, 4, 4, 5, 4, 4, 5, 1, 4, 5, 2, 3, 5, 3, 4, 3, 2, 2, 1, 4]
[1, 3, 1, 1, 1, 1, 3, 1, 1, 1, 1, 1, 1, 1, 2, 3, 3, 1, 2, 3, 3, 1, 5, 5, 1, 2, 4, 4, 5, 4, 4, 5, 1, 4, 5, 2, 3, 5, 3, 4, 3, 2, 2, 1, 4]
[1, 3, 1, 1, 1, 1, 3, 1, 1, 1, 1, 1, 1, 1, 2, 3, 3, 1, 2, 3, 3, 1, 5, 5, 1, 2, 4, 4, 5, 4, 4, 5, 1, 4, 5, 2, 3, 5, 3, 4, 3, 2, 2, 1, 4]
[1, 3, 1, 1, 1, 1, 3, 1, 1, 1, 1, 1, 1, 1, 2, 3, 3, 1, 2, 3, 3, 1, 5, 5, 1, 2, 4, 4, 5, 4, 4, 5, 1, 4, 5, 2, 3, 5, 3, 4, 3, 2, 2, 1, 4]
[1, 3, 1, 1, 1, 1, 3, 1, 1, 1, 1, 1, 1, 1, 2, 3, 3, 1, 2, 3, 3, 1, 5, 5, 1, 2, 4, 4, 5, 4, 4, 5, 1, 4, 5, 2, 3, 5, 3, 4, 3, 2, 2, 1, 4]
[1, 3, 1, 1, 1, 1, 3, 1, 1, 1, 1, 1, 1, 1, 2, 3, 3, 1, 2, 3, 3, 1, 5, 5, 1, 2, 4, 4, 5, 4, 4, 5, 1, 4, 5, 2, 3, 5, 3, 4, 3, 2, 2, 1, 4]
[1, 3, 1, 1, 1, 1, 3, 1, 1, 1, 1, 1, 1, 1, 2, 3, 3, 1, 2, 3, 3, 1, 5, 5, 1, 2, 4, 4, 5, 4, 4, 5, 1, 4, 5, 2, 3, 5, 3, 4, 3, 2, 2, 1, 4]
[1, 3, 1, 1, 1, 1, 3, 1, 1, 1, 1, 1, 1, 1, 2, 3, 3, 1, 2, 3, 3, 1, 5, 5, 1, 2, 4, 4, 5, 4, 4, 5, 1, 4, 5, 2, 3, 5, 3, 4, 3, 2, 2, 1, 4]
[1, 3, 1, 1, 1, 1, 3, 1, 1, 1, 1, 1, 1, 1, 2, 3, 3, 1, 2, 3, 3, 1, 5, 5, 1, 2, 4, 4, 5, 4, 4, 5, 1, 4, 5, 2, 3, 5, 3, 4, 3, 2, 2, 1, 4]
[0.0, 28.0, 18.0, 21.0, 25.0, 27.142857142857146, 10.0, 14.642857142857142, 12.857142857142854, 15.357142857142858]
[1, 3, 1, 1, 1, 1, 3, 1, 1, 1, 1, 1, 1, 1, 2, 3, 3, 1, 2, 3, 3, 1, 5, 5, 1, 2, 4, 4, 5, 4, 4, 5, 1, 4, 5, 2, 3, 5, 3, 4, 3, 2, 2, 1, 4]
Iteration 4
Best Fitness
[0.0, 28.0, 18.0, 21.0, 25.0, 27.142857142857146, 10.0, 14.642857142857142, 12.857142857142854, 15.357142857142858]
Best Position
[1, 3, 1, 1, 1, 1, 3, 1, 1, 1, 1, 1, 1, 1, 2, 3, 3, 1, 2, 3, 3, 1, 5, 5, 1, 2, 4, 4, 5, 4, 4, 5, 1, 4, 5, 2, 3, 5, 3, 4, 3, 2, 2, 1, 4]

-------------

Current fitness of particle 0
: [2.0, 28.0, 20.0, 7.0, 39.0, 28.92857142857143, 10.0, 20.0, 12.142857142857142, 13.214285714285715]

Current fitness of particle 1
: [14.0, 30.0, 20.0, 11.0, 25.0, 41.42857142857143, 10.0, 18.214285714285715, 6.785714285714285, 6.428571428571431]

Current fitness of particle 2
: [10.0, 30.0, 20.0, 15.0, 25.0, 39.642857142857146, 10.0, 18.214285714285715, 3.2142857142857153, 8.214285714285715]

Current fitness of particle 3
: [0.0, 30.0, 16.0, 9.000000000000002, 37.0, 30.714285714285715, 10.0, 20.0, 17.5, 16.785714285714292]

Current fitness of particle 4
: [8.0, 28.0, 16.0, 33.0, 3.0, 43.214285714285715, 10.0, 18.214285714285715, 0.3571428571428541, 15.357142857142858]

Current fitness of particle 5
: [0.0, 28.0, 18.0, 21.0, 25.0, 27.142857142857146, 10.0, 14.642857142857142, 12.857142857142854, 15.357142857142858]

Current fitness of particle 6
: [6.0, 30.0, 16.0, 25.0, 15.0, 39.642857142857146, 10.0, 18.214285714285715, 3.9285714285714306, 15.357142857142858]

Current fitness of particle 7
: [0.0, 28.0, 18.0, 11.0, 35.0, 28.92857142857143, 10.0, 20.0, 13.928571428571427, 15.0]

Current fitness of particle 8
: [4.0, 26.0, 20.0, 9.000000000000002, 41.0, 30.714285714285715, 10.0, 20.0, 17.5, 16.785714285714292]

Current fitness of particle 9
: [44.0, 22.0, 20.0, 3.0, 1.0, 82.5, 2.8571428571428577, 20.0, 30.0, 29.642857142857142]

Current fitness of particle 10
: [12.0, 28.0, 20.0, 17.0, 19.0, 41.42857142857143, 10.0, 18.214285714285715, 3.2142857142857153, 10.0]

Current fitness of particle 11
: [8.0, 30.0, 14.0, 23.000000000000004, 13.0, 43.214285714285715, 8.214285714285715, 12.857142857142858, 0.3571428571428541, 22.5]

Current fitness of particle 12
: [4.0, 26.0, 20.0, 13.0, 37.0, 30.714285714285715, 10.0, 14.642857142857142, 17.5, 11.42857142857143]

Current fitness of particle 13
: [10.0, 30.0, 16.0, 15.0, 21.0, 45.0, 10.0, 18.214285714285715, 3.2142857142857153, 13.571428571428573]

Current fitness of particle 14
: [30.0, 26.0, 18.0, 13.0, 1.0, 70.0, 10.0, 18.214285714285715, 19.285714285714285, 22.5]

[1, 3, 1, 1, 1, 1, 3, 1, 1, 1, 1, 1, 1, 1, 2, 3, 3, 1, 2, 3, 3, 1, 5, 5, 1, 2, 4, 4, 5, 4, 4, 5, 1, 4, 5, 2, 3, 5, 3, 4, 3, 2, 2, 1, 4]
[1, 3, 1, 1, 1, 1, 3, 1, 1, 1, 1, 1, 1, 1, 2, 3, 3, 1, 2, 3, 3, 1, 5, 5, 1, 2, 4, 4, 5, 4, 4, 5, 1, 4, 5, 2, 3, 5, 3, 4, 3, 2, 2, 1, 4]
[1, 3, 1, 1, 1, 1, 3, 1, 1, 1, 1, 1, 1, 1, 2, 3, 3, 1, 2, 3, 3, 1, 5, 5, 1, 2, 4, 4, 5, 4, 4, 5, 1, 4, 5, 2, 3, 5, 3, 4, 3, 2, 2, 1, 4]
[1, 3, 1, 1, 1, 1, 3, 1, 1, 1, 1, 1, 1, 1, 2, 3, 3, 1, 2, 3, 3, 1, 5, 5, 1, 2, 4, 4, 5, 4, 4, 5, 1, 4, 5, 2, 3, 5, 3, 4, 3, 2, 2, 1, 4]
[1, 3, 1, 1, 1, 1, 3, 1, 1, 1, 1, 1, 1, 1, 2, 3, 3, 1, 2, 3, 3, 1, 5, 5, 1, 2, 4, 4, 5, 4, 4, 5, 1, 4, 5, 2, 3, 5, 3, 4, 3, 2, 2, 1, 4]
[1, 3, 1, 1, 1, 1, 3, 1, 1, 1, 1, 1, 1, 1, 2, 3, 3, 1, 2, 3, 3, 1, 5, 5, 1, 2, 4, 4, 5, 4, 4, 5, 1, 4, 5, 2, 3, 5, 3, 4, 3, 2, 2, 1, 4]
[1, 3, 1, 1, 1, 1, 3, 1, 1, 1, 1, 1, 1, 1, 2, 3, 3, 1, 2, 3, 3, 1, 5, 5, 1, 2, 4, 4, 5, 4, 4, 5, 1, 4, 5, 2, 3, 5, 3, 4, 3, 2, 2, 1, 4]
[1, 3, 1, 1, 1, 1, 3, 1, 1, 1, 1, 1, 1, 1, 2, 3, 3, 1, 2, 3, 3, 1, 5, 5, 1, 2, 4, 4, 5, 4, 4, 5, 1, 4, 5, 2, 3, 5, 3, 4, 3, 2, 2, 1, 4]
[1, 3, 1, 1, 1, 1, 3, 1, 1, 1, 1, 1, 1, 1, 2, 3, 3, 1, 2, 3, 3, 1, 5, 5, 1, 2, 4, 4, 5, 4, 4, 5, 1, 4, 5, 2, 3, 5, 3, 4, 3, 2, 2, 1, 4]
[1, 3, 1, 1, 1, 1, 3, 1, 1, 1, 1, 1, 1, 1, 2, 3, 3, 1, 2, 3, 3, 1, 5, 5, 1, 2, 4, 4, 5, 4, 4, 5, 1, 4, 5, 2, 3, 5, 3, 4, 3, 2, 2, 1, 4]
[1, 3, 1, 1, 1, 1, 3, 1, 1, 1, 1, 1, 1, 1, 2, 3, 3, 1, 2, 3, 3, 1, 5, 5, 1, 2, 4, 4, 5, 4, 4, 5, 1, 4, 5, 2, 3, 5, 3, 4, 3, 2, 2, 1, 4]
[1, 3, 1, 1, 1, 1, 3, 1, 1, 1, 1, 1, 1, 1, 2, 3, 3, 1, 2, 3, 3, 1, 5, 5, 1, 2, 4, 4, 5, 4, 4, 5, 1, 4, 5, 2, 3, 5, 3, 4, 3, 2, 2, 1, 4]
[1, 3, 1, 1, 1, 1, 3, 1, 1, 1, 1, 1, 1, 1, 2, 3, 3, 1, 2, 3, 3, 1, 5, 5, 1, 2, 4, 4, 5, 4, 4, 5, 1, 4, 5, 2, 3, 5, 3, 4, 3, 2, 2, 1, 4]
[1, 3, 1, 1, 1, 1, 3, 1, 1, 1, 1, 1, 1, 1, 2, 3, 3, 1, 2, 3, 3, 1, 5, 5, 1, 2, 4, 4, 5, 4, 4, 5, 1, 4, 5, 2, 3, 5, 3, 4, 3, 2, 2, 1, 4]
[1, 3, 1, 1, 1, 1, 3, 1, 1, 1, 1, 1, 1, 1, 2, 3, 3, 1, 2, 3, 3, 1, 5, 5, 1, 2, 4, 4, 5, 4, 4, 5, 1, 4, 5, 2, 3, 5, 3, 4, 3, 2, 2, 1, 4]
[0.0, 28.0, 18.0, 21.0, 25.0, 27.142857142857146, 10.0, 14.642857142857142, 12.857142857142854, 15.357142857142858]
[1, 3, 1, 1, 1, 1, 3, 1, 1, 1, 1, 1, 1, 1, 2, 3, 3, 1, 2, 3, 3, 1, 5, 5, 1, 2, 4, 4, 5, 4, 4, 5, 1, 4, 5, 2, 3, 5, 3, 4, 3, 2, 2, 1, 4]
