particle 0 is updating position
due to fitness value of: 
[40.0, 30.0, 20.0, 5.0, 95.0, 5.0, 10.0, 20.0, 30.0, 65.0]
which is less than: 
null


[0.24092454630622395, 0.10990263300442715, 0.8470674688716782, 0.36728195024981825, 0.6124453444830776, 0.03275869819773247, 0.9417243431595149, 0.2770956961480443, 0.753626296207144, 0.444083538192943, 0.6962282939055738, 0.5370713136764783, 0.461586357384965, 0.7091947059267103, 0.8338692884196572, 0.9368974341889317, 82.0, 14.0, 50.0, 60.0, 85.0, 68.0, 73.0, 15.0, 9.0, 59.0, 55.0]
[0.24092454630622395, 0.10990263300442715, 0.8470674688716782, 0.36728195024981825, 0.6124453444830776, 0.03275869819773247, 0.9417243431595149, 0.2770956961480443, 0.753626296207144, 0.444083538192943, 0.6962282939055738, 0.5370713136764783, 0.461586357384965, 0.7091947059267103, 0.8338692884196572, 0.9368974341889317, 82.0, 14.0, 50.0, 60.0, 85.0, 68.0, 73.0, 15.0, 9.0, 59.0, 55.0]
particle 2 is updating position
due to fitness value of: 
[40.0, 30.0, 20.0, 5.0, 95.0, 5.0, 10.0, 20.0, 30.0, 65.0]
which is less than: 
[40.0, 30.0, 20.0, 5.0, 95.0, 5.0, 10.0, 20.0, 30.0, 65.0]


[0.11886193991943683, 0.8949988042817345, 0.14341718210252075, 0.834591318725169, 0.8305033763769518, 0.42066365204670375, 0.32474081297399693, 0.24162269230325162, 0.9597434142988158, 0.5432890895286047, 0.13143400569960517, 0.46920020361098325, 0.7931294665156186, 0.06509323520630428, 0.5537495521184286, 0.25401994620448665, 25.0, 41.0, 99.0, 84.0, 27.0, 46.0, 78.0, 18.0, 43.0, 98.0, 96.0]
[0.11886193991943683, 0.8949988042817345, 0.14341718210252075, 0.834591318725169, 0.8305033763769518, 0.42066365204670375, 0.32474081297399693, 0.24162269230325162, 0.9597434142988158, 0.5432890895286047, 0.13143400569960517, 0.46920020361098325, 0.7931294665156186, 0.06509323520630428, 0.5537495521184286, 0.25401994620448665, 25.0, 41.0, 99.0, 84.0, 27.0, 46.0, 78.0, 18.0, 43.0, 98.0, 96.0]
particle 4 is updating position
due to fitness value of: 
[40.0, 30.0, 20.0, 95.0, 5.0, 5.0, 10.0, 20.0, 70.0, 35.0]
which is less than: 
[40.0, 30.0, 20.0, 5.0, 95.0, 5.0, 10.0, 20.0, 30.0, 65.0]


[0.6027869906729593, 0.8468904912759649, 0.3612137558590284, 0.06544761079109052, 0.451941309456387, 0.944257834370257, 0.7783337194724976, 0.8301953270572944, 0.30585698736610334, 0.043043923002173745, 0.6876631649185212, 0.6780226516063161, 0.664841355185268, 0.22388693395564352, 0.8800377876803624, 0.0967334365215412, 3.0, 59.0, 94.0, 2.0, 1.0, 66.0, 49.0, 16.0, 4.0, 4.0, 15.0]
[0.6027869906729593, 0.8468904912759649, 0.3612137558590284, 0.06544761079109052, 0.451941309456387, 0.944257834370257, 0.7783337194724976, 0.8301953270572944, 0.30585698736610334, 0.043043923002173745, 0.6876631649185212, 0.6780226516063161, 0.664841355185268, 0.22388693395564352, 0.8800377876803624, 0.0967334365215412, 3.0, 59.0, 94.0, 2.0, 1.0, 66.0, 49.0, 16.0, 4.0, 4.0, 15.0]
particle 5 is updating position
due to fitness value of: 
[40.0, 30.0, 20.0, 5.0, 95.0, 5.0, 10.0, 20.0, 30.0, 65.0]
which is less than: 
[40.0, 30.0, 20.0, 95.0, 5.0, 5.0, 10.0, 20.0, 70.0, 35.0]


[0.8602577874384664, 0.8048145494136635, 0.06341692646229391, 0.3149953483916055, 0.35918090040949335, 0.21701296728214725, 0.883854917354491, 0.4764234850977954, 0.2143882244391988, 0.317016330930602, 0.02467498680151403, 0.6371367793137501, 0.5246624089685188, 0.3584893449859877, 0.4349823266023365, 0.5582823660317613, 25.0, 93.0, 71.0, 59.0, 59.0, 44.0, 36.0, 79.0, 29.0, 32.0, 14.0]
[0.8602577874384664, 0.8048145494136635, 0.06341692646229391, 0.3149953483916055, 0.35918090040949335, 0.21701296728214725, 0.883854917354491, 0.4764234850977954, 0.2143882244391988, 0.317016330930602, 0.02467498680151403, 0.6371367793137501, 0.5246624089685188, 0.3584893449859877, 0.4349823266023365, 0.5582823660317613, 25.0, 93.0, 71.0, 59.0, 59.0, 44.0, 36.0, 79.0, 29.0, 32.0, 14.0]
particle 6 is updating position
due to fitness value of: 
[40.0, 30.0, 20.0, 95.0, 5.0, 5.0, 10.0, 20.0, 70.0, 35.0]
which is less than: 
[40.0, 30.0, 20.0, 5.0, 95.0, 5.0, 10.0, 20.0, 30.0, 65.0]


[0.8997277001181979, 0.19450529485248602, 0.8919940862804923, 0.7314291537763197, 0.44413561979953575, 0.7618282869193341, 0.9682788086725646, 0.6763839506273425, 0.1741717145128855, 0.6778535127047756, 0.7211478865034451, 0.02686510368462347, 0.8938798511274135, 4.8166187814291384E-4, 0.6996573663220651, 0.25472709991719056, 99.0, 0.001, 93.0, 31.0, 17.0, 1.0, 14.0, 30.0, 19.0, 57.0, 25.0]
[0.8997277001181979, 0.19450529485248602, 0.8919940862804923, 0.7314291537763197, 0.44413561979953575, 0.7618282869193341, 0.9682788086725646, 0.6763839506273425, 0.1741717145128855, 0.6778535127047756, 0.7211478865034451, 0.02686510368462347, 0.8938798511274135, 4.8166187814291384E-4, 0.6996573663220651, 0.25472709991719056, 99.0, 0.001, 93.0, 31.0, 17.0, 1.0, 14.0, 30.0, 19.0, 57.0, 25.0]
particle 7 is updating position
due to fitness value of: 
[40.0, 30.0, 20.0, 5.0, 95.0, 5.0, 10.0, 20.0, 30.0, 65.0]
which is less than: 
[40.0, 30.0, 20.0, 95.0, 5.0, 5.0, 10.0, 20.0, 70.0, 35.0]


[0.1927717040049619, 0.7503694798089035, 0.6772119319077655, 0.6268218653396047, 0.7233627758342758, 0.6428447782850085, 0.656854552650005, 0.7329795151582877, 0.19118990033986583, 0.1916918950346842, 0.9000198992002907, 0.4778744942838353, 0.7875349585235627, 0.5933092763758142, 0.0807806023678117, 0.1945447546285508, 7.0, 26.0, 33.0, 91.0, 89.0, 94.0, 62.0, 59.0, 28.0, 57.0, 39.0]
[0.1927717040049619, 0.7503694798089035, 0.6772119319077655, 0.6268218653396047, 0.7233627758342758, 0.6428447782850085, 0.656854552650005, 0.7329795151582877, 0.19118990033986583, 0.1916918950346842, 0.9000198992002907, 0.4778744942838353, 0.7875349585235627, 0.5933092763758142, 0.0807806023678117, 0.1945447546285508, 7.0, 26.0, 33.0, 91.0, 89.0, 94.0, 62.0, 59.0, 28.0, 57.0, 39.0]
particle 8 is updating position
due to fitness value of: 
[40.0, 30.0, 20.0, 5.0, 95.0, 5.0, 10.0, 20.0, 30.0, 65.0]
which is less than: 
[40.0, 30.0, 20.0, 5.0, 95.0, 5.0, 10.0, 20.0, 30.0, 65.0]


[0.7000112009840486, 0.5272458168269964, 0.42538286130003045, 0.2280413923887148, 0.1657191656423075, 0.45320441405344636, 0.6296192366472708, 0.2869334758621733, 0.0320355127724814, 0.9860223426538763, 0.49340923688441274, 0.982715801512917, 0.6557448839861438, 0.28133830946212024, 0.3041063550925587, 0.5513386709011197, 56.0, 13.0, 97.0, 9.0, 96.0, 73.0, 28.0, 17.0, 19.0, 26.0, 77.0]
[0.7000112009840486, 0.5272458168269964, 0.42538286130003045, 0.2280413923887148, 0.1657191656423075, 0.45320441405344636, 0.6296192366472708, 0.2869334758621733, 0.0320355127724814, 0.9860223426538763, 0.49340923688441274, 0.982715801512917, 0.6557448839861438, 0.28133830946212024, 0.3041063550925587, 0.5513386709011197, 56.0, 13.0, 97.0, 9.0, 96.0, 73.0, 28.0, 17.0, 19.0, 26.0, 77.0]
particle 9 is updating position
due to fitness value of: 
[40.0, 30.0, 20.0, 5.0, 95.0, 5.0, 10.0, 20.0, 15.714285714285715, 50.71428571428571]
which is less than: 
[40.0, 30.0, 20.0, 5.0, 95.0, 5.0, 10.0, 20.0, 30.0, 65.0]


[0.9966908656661497, 0.14627740988200033, 0.7441865451963791, 0.7369067511102918, 0.9969927661406665, 0.12050515485381053, 0.1960408433080243, 0.22715952838663012, 0.9814454142319874, 0.2803532758283187, 0.7603486562013823, 0.31926745289816594, 0.21951330043349226, 0.8245372936610526, 0.3854783783501411, 0.12498492487043855, 79.0, 62.0, 18.0, 14.0, 54.0, 13.0, 96.0, 78.0, 67.0, 39.0, 59.0]
[0.9966908656661497, 0.14627740988200033, 0.7441865451963791, 0.7369067511102918, 0.9969927661406665, 0.12050515485381053, 0.1960408433080243, 0.22715952838663012, 0.9814454142319874, 0.2803532758283187, 0.7603486562013823, 0.31926745289816594, 0.21951330043349226, 0.8245372936610526, 0.3854783783501411, 0.12498492487043855, 79.0, 62.0, 18.0, 14.0, 54.0, 13.0, 96.0, 78.0, 67.0, 39.0, 59.0]
particle 10 is updating position
due to fitness value of: 
[40.0, 30.0, 20.0, 5.0, 95.0, 5.0, 10.0, 20.0, 30.0, 65.0]
which is less than: 
[40.0, 30.0, 20.0, 5.0, 95.0, 5.0, 10.0, 20.0, 15.714285714285715, 50.71428571428571]


[0.8799331590850056, 0.7155046213743609, 0.9092267635360078, 0.5164922326117777, 0.20940597168017494, 0.11289971946993371, 0.40980978897626896, 0.24164574982713427, 0.29660260821277806, 0.751657867790507, 0.9106004694367581, 0.5219488863684872, 0.7654330511724297, 0.7366775063603559, 0.7386840788114253, 0.18555846431182432, 94.0, 20.0, 42.0, 9.0, 4.0, 54.0, 72.0, 79.0, 55.0, 91.0, 26.0]
[0.8799331590850056, 0.7155046213743609, 0.9092267635360078, 0.5164922326117777, 0.20940597168017494, 0.11289971946993371, 0.40980978897626896, 0.24164574982713427, 0.29660260821277806, 0.751657867790507, 0.9106004694367581, 0.5219488863684872, 0.7654330511724297, 0.7366775063603559, 0.7386840788114253, 0.18555846431182432, 94.0, 20.0, 42.0, 9.0, 4.0, 54.0, 72.0, 79.0, 55.0, 91.0, 26.0]
particle 11 is updating position
due to fitness value of: 
[40.0, 30.0, 20.0, 5.0, 95.0, 5.0, 10.0, 20.0, 30.0, 65.0]
which is less than: 
[40.0, 30.0, 20.0, 5.0, 95.0, 5.0, 10.0, 20.0, 30.0, 65.0]


[0.9661480753946038, 0.01775470788239286, 0.8192260954505574, 0.1723123568351952, 0.5421339779138146, 0.16844757337736416, 0.9517401391903441, 0.35390389358611174, 0.34673533568741455, 0.64081567730081, 0.13500645395273214, 0.23599532460701966, 0.5418444971688748, 0.38773892370497276, 0.08114663740943018, 0.863048200818239, 99.0, 4.0, 13.0, 44.0, 36.0, 24.0, 63.0, 49.0, 73.0, 35.0, 82.0]
[0.9661480753946038, 0.01775470788239286, 0.8192260954505574, 0.1723123568351952, 0.5421339779138146, 0.16844757337736416, 0.9517401391903441, 0.35390389358611174, 0.34673533568741455, 0.64081567730081, 0.13500645395273214, 0.23599532460701966, 0.5418444971688748, 0.38773892370497276, 0.08114663740943018, 0.863048200818239, 99.0, 4.0, 13.0, 44.0, 36.0, 24.0, 63.0, 49.0, 73.0, 35.0, 82.0]
particle 12 is updating position
due to fitness value of: 
[40.0, 30.0, 20.0, 5.0, 95.0, 5.0, 10.0, 20.0, 30.0, 65.0]
which is less than: 
[40.0, 30.0, 20.0, 5.0, 95.0, 5.0, 10.0, 20.0, 30.0, 65.0]


[0.9205984506929558, 0.43311292782238464, 0.2478416910882878, 0.1983198187678067, 0.9180640838676628, 0.6168242997423491, 0.2042814311236899, 0.22440684530555732, 0.7809703770127203, 0.9250180686767857, 0.8043522103569083, 0.4120836652459171, 0.6382579267068149, 0.8505790258304069, 0.6856879655341918, 0.6027412875926639, 79.0, 48.0, 0.001, 30.0, 40.0, 8.0, 87.0, 47.0, 71.0, 84.0, 35.0]
[0.9205984506929558, 0.43311292782238464, 0.2478416910882878, 0.1983198187678067, 0.9180640838676628, 0.6168242997423491, 0.2042814311236899, 0.22440684530555732, 0.7809703770127203, 0.9250180686767857, 0.8043522103569083, 0.4120836652459171, 0.6382579267068149, 0.8505790258304069, 0.6856879655341918, 0.6027412875926639, 79.0, 48.0, 0.001, 30.0, 40.0, 8.0, 87.0, 47.0, 71.0, 84.0, 35.0]
Iteration 0
Best Fitness
[40.0, 30.0, 20.0, 5.0, 95.0, 5.0, 10.0, 20.0, 30.0, 65.0]
Best Position
[0.9205984506929558, 0.43311292782238464, 0.2478416910882878, 0.1983198187678067, 0.9180640838676628, 0.6168242997423491, 0.2042814311236899, 0.22440684530555732, 0.7809703770127203, 0.9250180686767857, 0.8043522103569083, 0.4120836652459171, 0.6382579267068149, 0.8505790258304069, 0.6856879655341918, 0.6027412875926639, 79.0, 48.0, 0.001, 30.0, 40.0, 8.0, 87.0, 47.0, 71.0, 84.0, 35.0]

-------------

Current fitness of particle 0:
 [40.0, 30.0, 20.0, 5.0, 95.0, 5.0, 10.0, 20.0, 30.0, 65.0]

Current fitness of particle 1:
 [60.0, 30.0, 20.0, 5.0, 5.0, 95.0, 10.0, 20.0, 30.0, 35.0]

Current fitness of particle 2:
 [40.0, 30.0, 20.0, 5.0, 95.0, 5.0, 10.0, 20.0, 30.0, 65.0]

Current fitness of particle 3:
 [60.0, 30.0, 20.0, 5.0, 5.0, 95.0, 10.0, 20.0, 30.0, 35.0]

Current fitness of particle 4:
 [40.0, 30.0, 20.0, 95.0, 5.0, 5.0, 10.0, 20.0, 70.0, 35.0]

Current fitness of particle 5:
 [40.0, 30.0, 20.0, 5.0, 95.0, 5.0, 10.0, 20.0, 30.0, 65.0]

Current fitness of particle 6:
 [40.0, 30.0, 20.0, 95.0, 5.0, 5.0, 10.0, 20.0, 70.0, 35.0]

Current fitness of particle 7:
 [40.0, 30.0, 20.0, 5.0, 95.0, 5.0, 10.0, 20.0, 30.0, 65.0]

Current fitness of particle 8:
 [40.0, 30.0, 20.0, 5.0, 95.0, 5.0, 10.0, 20.0, 30.0, 65.0]

Current fitness of particle 9:
 [40.0, 30.0, 20.0, 5.0, 95.0, 5.0, 10.0, 20.0, 15.714285714285715, 50.71428571428571]

Current fitness of particle 10:
 [40.0, 30.0, 20.0, 5.0, 95.0, 5.0, 10.0, 20.0, 30.0, 65.0]

Current fitness of particle 11:
 [40.0, 30.0, 20.0, 5.0, 95.0, 5.0, 10.0, 20.0, 30.0, 65.0]

Current fitness of particle 12:
 [40.0, 30.0, 20.0, 5.0, 95.0, 5.0, 10.0, 20.0, 30.0, 65.0]

Current fitness of particle 13:
 [60.0, 30.0, 20.0, 5.0, 5.0, 80.71428571428571, 10.0, 20.0, 30.0, 20.714285714285715]

Current fitness of particle 14:
 [60.0, 30.0, 20.0, 5.0, 5.0, 95.0, 10.0, 20.0, 30.0, 35.0]

[0.9205984506929558, 0.43311292782238464, 0.2478416910882878, 0.1983198187678067, 0.9180640838676628, 0.6168242997423491, 0.2042814311236899, 0.22440684530555732, 0.7809703770127203, 0.9250180686767857, 0.8043522103569083, 0.4120836652459171, 0.6382579267068149, 0.8505790258304069, 0.6856879655341918, 0.6027412875926639, 79.0, 48.0, 0.001, 30.0, 40.0, 8.0, 87.0, 47.0, 71.0, 84.0, 35.0]
[0.9205984506929558, 0.43311292782238464, 0.2478416910882878, 0.1983198187678067, 0.9180640838676628, 0.6168242997423491, 0.2042814311236899, 0.22440684530555732, 0.7809703770127203, 0.9250180686767857, 0.8043522103569083, 0.4120836652459171, 0.6382579267068149, 0.8505790258304069, 0.6856879655341918, 0.6027412875926639, 79.0, 48.0, 0.001, 30.0, 40.0, 8.0, 87.0, 47.0, 71.0, 84.0, 35.0]
[0.9205984506929558, 0.43311292782238464, 0.2478416910882878, 0.1983198187678067, 0.9180640838676628, 0.6168242997423491, 0.2042814311236899, 0.22440684530555732, 0.7809703770127203, 0.9250180686767857, 0.8043522103569083, 0.4120836652459171, 0.6382579267068149, 0.8505790258304069, 0.6856879655341918, 0.6027412875926639, 79.0, 48.0, 0.001, 30.0, 40.0, 8.0, 87.0, 47.0, 71.0, 84.0, 35.0]
[0.9205984506929558, 0.43311292782238464, 0.2478416910882878, 0.1983198187678067, 0.9180640838676628, 0.6168242997423491, 0.2042814311236899, 0.22440684530555732, 0.7809703770127203, 0.9250180686767857, 0.8043522103569083, 0.4120836652459171, 0.6382579267068149, 0.8505790258304069, 0.6856879655341918, 0.6027412875926639, 79.0, 48.0, 0.001, 30.0, 40.0, 8.0, 87.0, 47.0, 71.0, 84.0, 35.0]
[0.9205984506929558, 0.43311292782238464, 0.2478416910882878, 0.1983198187678067, 0.9180640838676628, 0.6168242997423491, 0.2042814311236899, 0.22440684530555732, 0.7809703770127203, 0.9250180686767857, 0.8043522103569083, 0.4120836652459171, 0.6382579267068149, 0.8505790258304069, 0.6856879655341918, 0.6027412875926639, 79.0, 48.0, 0.001, 30.0, 40.0, 8.0, 87.0, 47.0, 71.0, 84.0, 35.0]
[0.9205984506929558, 0.43311292782238464, 0.2478416910882878, 0.1983198187678067, 0.9180640838676628, 0.6168242997423491, 0.2042814311236899, 0.22440684530555732, 0.7809703770127203, 0.9250180686767857, 0.8043522103569083, 0.4120836652459171, 0.6382579267068149, 0.8505790258304069, 0.6856879655341918, 0.6027412875926639, 79.0, 48.0, 0.001, 30.0, 40.0, 8.0, 87.0, 47.0, 71.0, 84.0, 35.0]
[0.9205984506929558, 0.43311292782238464, 0.2478416910882878, 0.1983198187678067, 0.9180640838676628, 0.6168242997423491, 0.2042814311236899, 0.22440684530555732, 0.7809703770127203, 0.9250180686767857, 0.8043522103569083, 0.4120836652459171, 0.6382579267068149, 0.8505790258304069, 0.6856879655341918, 0.6027412875926639, 79.0, 48.0, 0.001, 30.0, 40.0, 8.0, 87.0, 47.0, 71.0, 84.0, 35.0]
[0.9205984506929558, 0.43311292782238464, 0.2478416910882878, 0.1983198187678067, 0.9180640838676628, 0.6168242997423491, 0.2042814311236899, 0.22440684530555732, 0.7809703770127203, 0.9250180686767857, 0.8043522103569083, 0.4120836652459171, 0.6382579267068149, 0.8505790258304069, 0.6856879655341918, 0.6027412875926639, 79.0, 48.0, 0.001, 30.0, 40.0, 8.0, 87.0, 47.0, 71.0, 84.0, 35.0]
[0.9205984506929558, 0.43311292782238464, 0.2478416910882878, 0.1983198187678067, 0.9180640838676628, 0.6168242997423491, 0.2042814311236899, 0.22440684530555732, 0.7809703770127203, 0.9250180686767857, 0.8043522103569083, 0.4120836652459171, 0.6382579267068149, 0.8505790258304069, 0.6856879655341918, 0.6027412875926639, 79.0, 48.0, 0.001, 30.0, 40.0, 8.0, 87.0, 47.0, 71.0, 84.0, 35.0]
[0.9205984506929558, 0.43311292782238464, 0.2478416910882878, 0.1983198187678067, 0.9180640838676628, 0.6168242997423491, 0.2042814311236899, 0.22440684530555732, 0.7809703770127203, 0.9250180686767857, 0.8043522103569083, 0.4120836652459171, 0.6382579267068149, 0.8505790258304069, 0.6856879655341918, 0.6027412875926639, 79.0, 48.0, 0.001, 30.0, 40.0, 8.0, 87.0, 47.0, 71.0, 84.0, 35.0]
[0.9205984506929558, 0.43311292782238464, 0.2478416910882878, 0.1983198187678067, 0.9180640838676628, 0.6168242997423491, 0.2042814311236899, 0.22440684530555732, 0.7809703770127203, 0.9250180686767857, 0.8043522103569083, 0.4120836652459171, 0.6382579267068149, 0.8505790258304069, 0.6856879655341918, 0.6027412875926639, 79.0, 48.0, 0.001, 30.0, 40.0, 8.0, 87.0, 47.0, 71.0, 84.0, 35.0]
[0.9205984506929558, 0.43311292782238464, 0.2478416910882878, 0.1983198187678067, 0.9180640838676628, 0.6168242997423491, 0.2042814311236899, 0.22440684530555732, 0.7809703770127203, 0.9250180686767857, 0.8043522103569083, 0.4120836652459171, 0.6382579267068149, 0.8505790258304069, 0.6856879655341918, 0.6027412875926639, 79.0, 48.0, 0.001, 30.0, 40.0, 8.0, 87.0, 47.0, 71.0, 84.0, 35.0]
[0.9205984506929558, 0.43311292782238464, 0.2478416910882878, 0.1983198187678067, 0.9180640838676628, 0.6168242997423491, 0.2042814311236899, 0.22440684530555732, 0.7809703770127203, 0.9250180686767857, 0.8043522103569083, 0.4120836652459171, 0.6382579267068149, 0.8505790258304069, 0.6856879655341918, 0.6027412875926639, 79.0, 48.0, 0.001, 30.0, 40.0, 8.0, 87.0, 47.0, 71.0, 84.0, 35.0]
[0.9205984506929558, 0.43311292782238464, 0.2478416910882878, 0.1983198187678067, 0.9180640838676628, 0.6168242997423491, 0.2042814311236899, 0.22440684530555732, 0.7809703770127203, 0.9250180686767857, 0.8043522103569083, 0.4120836652459171, 0.6382579267068149, 0.8505790258304069, 0.6856879655341918, 0.6027412875926639, 79.0, 48.0, 0.001, 30.0, 40.0, 8.0, 87.0, 47.0, 71.0, 84.0, 35.0]
[0.9205984506929558, 0.43311292782238464, 0.2478416910882878, 0.1983198187678067, 0.9180640838676628, 0.6168242997423491, 0.2042814311236899, 0.22440684530555732, 0.7809703770127203, 0.9250180686767857, 0.8043522103569083, 0.4120836652459171, 0.6382579267068149, 0.8505790258304069, 0.6856879655341918, 0.6027412875926639, 79.0, 48.0, 0.001, 30.0, 40.0, 8.0, 87.0, 47.0, 71.0, 84.0, 35.0]
[40.0, 30.0, 20.0, 5.0, 95.0, 5.0, 10.0, 20.0, 30.0, 65.0]
[0.9205984506929558, 0.43311292782238464, 0.2478416910882878, 0.1983198187678067, 0.9180640838676628, 0.6168242997423491, 0.2042814311236899, 0.22440684530555732, 0.7809703770127203, 0.9250180686767857, 0.8043522103569083, 0.4120836652459171, 0.6382579267068149, 0.8505790258304069, 0.6856879655341918, 0.6027412875926639, 79.0, 48.0, 0.001, 30.0, 40.0, 8.0, 87.0, 47.0, 71.0, 84.0, 35.0]
particle 0 is updating position
due to fitness value of: 
[40.0, 30.0, 20.0, 5.0, 95.0, 5.0, 10.0, 20.0, 30.0, 65.0]
which is less than: 
[40.0, 30.0, 20.0, 5.0, 95.0, 5.0, 10.0, 20.0, 30.0, 65.0]


[1.0, 0.7521109874988187, 0.5048491608222687, 0.5237208009298564, 1.0, 0.6362258882667075, 0.001, 0.6065916938029444, 1.0, 1.0, 1.0, 1.0, 1.0, 1.0, 0.9808068035338944, 1.0, 100.0, 100.0, 71.61561587600575, 20.09063015514186, 100.0, 11.347611382039105, 100.0, 90.72909631321971, 100.0, 95.06591218599111, 31.39410989142769]
[1.0, 0.7521109874988187, 0.5048491608222687, 0.5237208009298564, 1.0, 0.6362258882667075, 0.001, 0.6065916938029444, 1.0, 1.0, 1.0, 1.0, 1.0, 1.0, 0.9808068035338944, 1.0, 100.0, 100.0, 71.61561587600575, 20.09063015514186, 100.0, 11.347611382039105, 100.0, 90.72909631321971, 100.0, 95.06591218599111, 31.39410989142769]
particle 1 is updating position
due to fitness value of: 
[40.0, 30.0, 20.0, 5.0, 95.0, 5.0, 10.0, 20.0, 30.0, 65.0]
which is less than: 
[40.0, 30.0, 20.0, 5.0, 95.0, 5.0, 10.0, 20.0, 30.0, 65.0]


[1.0, 0.8579131484879486, 0.24820241153592137, 0.7500105189389439, 1.0, 1.0, 0.652077964134927, 0.6016573388938201, 0.8177347483649043, 1.0, 1.0, 1.0, 1.0, 0.9294697942139751, 1.0, 1.0, 100.0, 100.0, 85.96693879459178, 100.0, 100.0, 24.136370357840995, 100.0, 100.0, 100.0, 100.0, 67.54182620433664]
[1.0, 0.8579131484879486, 0.24820241153592137, 0.7500105189389439, 1.0, 1.0, 0.652077964134927, 0.6016573388938201, 0.8177347483649043, 1.0, 1.0, 1.0, 1.0, 0.9294697942139751, 1.0, 1.0, 100.0, 100.0, 85.96693879459178, 100.0, 100.0, 24.136370357840995, 100.0, 100.0, 100.0, 100.0, 67.54182620433664]
particle 2 is updating position
due to fitness value of: 
[40.0, 30.0, 20.0, 5.0, 95.0, 5.0, 10.0, 20.0, 30.0, 65.0]
which is less than: 
[40.0, 30.0, 20.0, 5.0, 95.0, 5.0, 10.0, 20.0, 30.0, 65.0]


[0.8927180916168442, 0.7195399650634735, 0.4796746284716178, 0.36487597533803484, 1.0, 1.0, 1.0, 0.5816368163448239, 1.0, 1.0, 0.8043261814565585, 0.37415009208138283, 1.0, 1.0, 1.0, 1.0, 100.0, 100.0, 9.7000293702678, 74.96497822766653, 100.0, 23.33230449585819, 100.0, 81.341738948777, 97.19794099903315, 100.0, 35.99032687226358]
[0.8927180916168442, 0.7195399650634735, 0.4796746284716178, 0.36487597533803484, 1.0, 1.0, 1.0, 0.5816368163448239, 1.0, 1.0, 0.8043261814565585, 0.37415009208138283, 1.0, 1.0, 1.0, 1.0, 100.0, 100.0, 9.7000293702678, 74.96497822766653, 100.0, 23.33230449585819, 100.0, 81.341738948777, 97.19794099903315, 100.0, 35.99032687226358]
particle 3 is updating position
due to fitness value of: 
[40.0, 30.0, 20.0, 5.0, 95.0, 5.0, 10.0, 20.0, 30.0, 65.0]
which is less than: 
[40.0, 30.0, 20.0, 5.0, 95.0, 5.0, 10.0, 20.0, 30.0, 65.0]


[1.0, 0.8157494408644868, 0.9102993119235108, 0.6517417862548565, 1.0, 1.0, 0.7954087257927746, 0.37486787992402115, 1.0, 1.0, 1.0, 1.0, 1.0, 0.8500007852484578, 1.0, 1.0, 100.0, 66.41217997391644, 44.55817847129131, 29.630514841456232, 77.40262003052332, 96.1047447597409, 71.66149315312485, 100.0, 97.63935397742527, 70.62067314932777, 100.0]
[1.0, 0.8157494408644868, 0.9102993119235108, 0.6517417862548565, 1.0, 1.0, 0.7954087257927746, 0.37486787992402115, 1.0, 1.0, 1.0, 1.0, 1.0, 0.8500007852484578, 1.0, 1.0, 100.0, 66.41217997391644, 44.55817847129131, 29.630514841456232, 77.40262003052332, 96.1047447597409, 71.66149315312485, 100.0, 97.63935397742527, 70.62067314932777, 100.0]
particle 4 is updating position
due to fitness value of: 
[40.0, 30.0, 20.0, 5.0, 95.0, 5.0, 10.0, 20.0, 30.0, 65.0]
which is less than: 
[40.0, 30.0, 20.0, 5.0, 95.0, 5.0, 10.0, 20.0, 30.0, 65.0]


[1.0, 0.5358121690019618, 0.44515416591305323, 1.0, 1.0, 0.8029236685375177, 1.0, 0.7552634592627715, 0.7923962972314024, 1.0, 1.0, 1.0, 0.9674341044731728, 1.0, 1.0, 0.6315191951485309, 100.0, 100.0, 0.001, 46.594378232175586, 93.44218341090847, 35.080558742802666, 100.0, 100.0, 59.072327742391295, 82.98065714445875, 100.0]
[1.0, 0.5358121690019618, 0.44515416591305323, 1.0, 1.0, 0.8029236685375177, 1.0, 0.7552634592627715, 0.7923962972314024, 1.0, 1.0, 1.0, 0.9674341044731728, 1.0, 1.0, 0.6315191951485309, 100.0, 100.0, 0.001, 46.594378232175586, 93.44218341090847, 35.080558742802666, 100.0, 100.0, 59.072327742391295, 82.98065714445875, 100.0]
particle 5 is updating position
due to fitness value of: 
[40.0, 30.0, 20.0, 5.0, 95.0, 5.0, 10.0, 20.0, 30.0, 65.0]
which is less than: 
[40.0, 30.0, 20.0, 5.0, 95.0, 5.0, 10.0, 20.0, 30.0, 65.0]


[1.0, 0.4975989967494955, 0.40567958779020985, 0.8151014137188684, 0.6269768189300673, 1.0, 0.08938703743531595, 1.0, 0.3444780886244203, 0.9899663753602682, 1.0, 0.9493272668269916, 0.7719019389261268, 1.0, 1.0, 0.6847626632072559, 100.0, 100.0, 0.001, 93.74497009315493, 45.111423440277655, 100.0, 86.0193809212038, 94.8712764483015, 100.0, 100.0, 100.0]
[1.0, 0.4975989967494955, 0.40567958779020985, 0.8151014137188684, 0.6269768189300673, 1.0, 0.08938703743531595, 1.0, 0.3444780886244203, 0.9899663753602682, 1.0, 0.9493272668269916, 0.7719019389261268, 1.0, 1.0, 0.6847626632072559, 100.0, 100.0, 0.001, 93.74497009315493, 45.111423440277655, 100.0, 86.0193809212038, 94.8712764483015, 100.0, 100.0, 100.0]
particle 6 is updating position
due to fitness value of: 
[40.0, 30.0, 20.0, 5.0, 95.0, 5.0, 10.0, 20.0, 30.0, 65.0]
which is less than: 
[40.0, 30.0, 20.0, 5.0, 95.0, 5.0, 10.0, 20.0, 30.0, 65.0]


[1.0, 1.0, 0.4532710441273877, 1.0, 1.0, 0.5815695539842585, 0.41628160947066695, 0.6096689020572651, 0.9699486011243316, 1.0, 1.0, 0.8327056782044154, 1.0, 0.23100561556187435, 1.0, 1.0, 100.0, 12.205133095983815, 100.0, 61.124492362109216, 100.0, 35.895807018404405, 100.0, 69.51616553683705, 100.0, 76.79913662765316, 65.07750153618339]
[1.0, 1.0, 0.4532710441273877, 1.0, 1.0, 0.5815695539842585, 0.41628160947066695, 0.6096689020572651, 0.9699486011243316, 1.0, 1.0, 0.8327056782044154, 1.0, 0.23100561556187435, 1.0, 1.0, 100.0, 12.205133095983815, 100.0, 61.124492362109216, 100.0, 35.895807018404405, 100.0, 69.51616553683705, 100.0, 76.79913662765316, 65.07750153618339]
particle 7 is updating position
due to fitness value of: 
[40.0, 30.0, 20.0, 5.0, 95.0, 5.0, 10.0, 20.0, 30.0, 65.0]
which is less than: 
[40.0, 30.0, 20.0, 5.0, 95.0, 5.0, 10.0, 20.0, 30.0, 65.0]


[1.0, 0.8108822507313329, 0.6788408373788783, 0.4892556615118659, 1.0, 1.0, 0.6278841419796474, 0.05249745931395877, 1.0, 1.0, 1.0, 1.0, 1.0, 1.0, 0.9508611572282486, 1.0, 100.0, 100.0, 47.92302837496809, 3.737422205158893, 1.4704329564629859, 0.001, 100.0, 89.86155161221456, 75.45745583445994, 100.0, 100.0]
[1.0, 0.8108822507313329, 0.6788408373788783, 0.4892556615118659, 1.0, 1.0, 0.6278841419796474, 0.05249745931395877, 1.0, 1.0, 1.0, 1.0, 1.0, 1.0, 0.9508611572282486, 1.0, 100.0, 100.0, 47.92302837496809, 3.737422205158893, 1.4704329564629859, 0.001, 100.0, 89.86155161221456, 75.45745583445994, 100.0, 100.0]
particle 8 is updating position
due to fitness value of: 
[40.0, 30.0, 20.0, 5.0, 95.0, 5.0, 10.0, 20.0, 30.0, 65.0]
which is less than: 
[40.0, 30.0, 20.0, 5.0, 95.0, 5.0, 10.0, 20.0, 30.0, 65.0]


[1.0, 0.5997874446791122, 1.0, 0.7920735093206164, 1.0, 1.0, 0.6435377597006635, 0.9407670207920393, 0.7866139067473188, 1.0, 1.0, 1.0, 1.0, 1.0, 1.0, 0.683911778049977, 100.0, 83.66013089278496, 100.0, 59.063558751618224, 89.39545258924021, 43.376653951753, 69.58495994470282, 41.007800863386834, 100.0, 81.89244249173343, 15.200634503837676]
[1.0, 0.5997874446791122, 1.0, 0.7920735093206164, 1.0, 1.0, 0.6435377597006635, 0.9407670207920393, 0.7866139067473188, 1.0, 1.0, 1.0, 1.0, 1.0, 1.0, 0.683911778049977, 100.0, 83.66013089278496, 100.0, 59.063558751618224, 89.39545258924021, 43.376653951753, 69.58495994470282, 41.007800863386834, 100.0, 81.89244249173343, 15.200634503837676]
particle 9 is updating position
due to fitness value of: 
[40.0, 30.0, 20.0, 5.0, 95.0, 5.0, 10.0, 20.0, 30.0, 65.0]
which is less than: 
[40.0, 30.0, 20.0, 5.0, 95.0, 5.0, 10.0, 20.0, 30.0, 65.0]


[1.0, 1.0, 0.7761572319891757, 0.6637545333454467, 1.0, 1.0, 1.0, 0.5580205028892964, 0.8282084563365963, 1.0, 1.0, 1.0, 0.9183768898054481, 1.0, 1.0, 0.9802412653042519, 86.0, 43.52378323179249, 49.912312082310656, 72.47933250672286, 100.0, 76.0336824266929, 100.0, 78.30331876838824, 100.0, 100.0, 100.0]
[1.0, 1.0, 0.7761572319891757, 0.6637545333454467, 1.0, 1.0, 1.0, 0.5580205028892964, 0.8282084563365963, 1.0, 1.0, 1.0, 0.9183768898054481, 1.0, 1.0, 0.9802412653042519, 86.0, 43.52378323179249, 49.912312082310656, 72.47933250672286, 100.0, 76.0336824266929, 100.0, 78.30331876838824, 100.0, 100.0, 100.0]
particle 10 is updating position
due to fitness value of: 
[40.0, 30.0, 20.0, 5.0, 95.0, 5.0, 10.0, 20.0, 30.0, 65.0]
which is less than: 
[40.0, 30.0, 20.0, 5.0, 95.0, 5.0, 10.0, 20.0, 30.0, 65.0]


[1.0, 0.5829473806095449, 0.47765891245465564, 1.0, 1.0, 0.3957988020421147, 0.35778174618610564, 0.2990596898574979, 1.0, 1.0, 1.0, 1.0, 1.0, 1.0, 1.0, 0.690124869378366, 94.35838315127162, 100.0, 41.33063718552279, 62.1673090380575, 91.68988285478201, 40.103176016299415, 100.0, 89.75265020181794, 100.0, 100.0, 36.997589359323364]
[1.0, 0.5829473806095449, 0.47765891245465564, 1.0, 1.0, 0.3957988020421147, 0.35778174618610564, 0.2990596898574979, 1.0, 1.0, 1.0, 1.0, 1.0, 1.0, 1.0, 0.690124869378366, 94.35838315127162, 100.0, 41.33063718552279, 62.1673090380575, 91.68988285478201, 40.103176016299415, 100.0, 89.75265020181794, 100.0, 100.0, 36.997589359323364]
particle 11 is updating position
due to fitness value of: 
[40.0, 30.0, 20.0, 5.0, 95.0, 5.0, 10.0, 20.0, 30.0, 65.0]
which is less than: 
[40.0, 30.0, 20.0, 5.0, 95.0, 5.0, 10.0, 20.0, 30.0, 65.0]


[1.0, 0.6544857474570256, 1.0, 0.7578473880072998, 1.0, 0.6104560001778419, 1.0, 0.2631668639761796, 0.9410555657367072, 1.0, 0.7366962199726664, 0.8485873741346526, 1.0, 1.0, 1.0, 1.0, 100.0, 75.27540457430018, 42.333042074423446, 57.21559104932446, 100.0, 86.4228513798981, 100.0, 73.583334237477, 100.0, 100.0, 57.51799901201245]
[1.0, 0.6544857474570256, 1.0, 0.7578473880072998, 1.0, 0.6104560001778419, 1.0, 0.2631668639761796, 0.9410555657367072, 1.0, 0.7366962199726664, 0.8485873741346526, 1.0, 1.0, 1.0, 1.0, 100.0, 75.27540457430018, 42.333042074423446, 57.21559104932446, 100.0, 86.4228513798981, 100.0, 73.583334237477, 100.0, 100.0, 57.51799901201245]
particle 12 is updating position
due to fitness value of: 
[40.0, 30.0, 20.0, 5.0, 95.0, 5.0, 10.0, 20.0, 30.0, 65.0]
which is less than: 
[40.0, 30.0, 20.0, 5.0, 95.0, 5.0, 10.0, 20.0, 30.0, 65.0]


[0.9205984506929558, 0.43311292782238464, 0.2478416910882878, 0.1983198187678067, 0.9180640838676628, 0.6168242997423491, 0.2042814311236899, 0.22440684530555732, 0.7809703770127203, 0.9250180686767857, 0.8043522103569083, 0.4120836652459171, 0.6382579267068149, 0.8505790258304069, 0.6856879655341918, 0.6027412875926639, 79.0, 48.0, 0.001, 30.0, 40.0, 8.0, 87.0, 47.0, 71.0, 84.0, 35.0]
[0.9205984506929558, 0.43311292782238464, 0.2478416910882878, 0.1983198187678067, 0.9180640838676628, 0.6168242997423491, 0.2042814311236899, 0.22440684530555732, 0.7809703770127203, 0.9250180686767857, 0.8043522103569083, 0.4120836652459171, 0.6382579267068149, 0.8505790258304069, 0.6856879655341918, 0.6027412875926639, 79.0, 48.0, 0.001, 30.0, 40.0, 8.0, 87.0, 47.0, 71.0, 84.0, 35.0]
particle 13 is updating position
due to fitness value of: 
[40.0, 30.0, 20.0, 5.0, 95.0, 5.0, 10.0, 20.0, 30.0, 65.0]
which is less than: 
[40.0, 30.0, 20.0, 5.0, 95.0, 5.0, 10.0, 20.0, 30.0, 65.0]


[0.5529536241861965, 1.0, 0.31025989985120356, 0.4957990225573535, 1.0, 1.0, 1.0, 0.9681215261126881, 1.0, 1.0, 1.0, 1.0, 0.705971696476098, 1.0, 1.0, 0.8342475808955492, 85.3417876646741, 38.42467203729082, 100.0, 76.89577034233054, 100.0, 0.001, 100.0, 100.0, 98.99815964089248, 73.26594988721081, 73.67265276462585]
[0.5529536241861965, 1.0, 0.31025989985120356, 0.4957990225573535, 1.0, 1.0, 1.0, 0.9681215261126881, 1.0, 1.0, 1.0, 1.0, 0.705971696476098, 1.0, 1.0, 0.8342475808955492, 85.3417876646741, 38.42467203729082, 100.0, 76.89577034233054, 100.0, 0.001, 100.0, 100.0, 98.99815964089248, 73.26594988721081, 73.67265276462585]
particle 14 is updating position
due to fitness value of: 
[40.0, 30.0, 20.0, 5.0, 95.0, 5.0, 10.0, 20.0, 30.0, 65.0]
which is less than: 
[40.0, 30.0, 20.0, 5.0, 95.0, 5.0, 10.0, 20.0, 30.0, 65.0]


[1.0, 0.9871325723570543, 0.9229896854384945, 1.0, 1.0, 0.6957346399548182, 0.8139320885821535, 1.0, 1.0, 1.0, 1.0, 0.7839152193074992, 1.0, 0.4755079946733768, 1.0, 1.0, 100.0, 100.0, 68.76541678673841, 54.741179135612946, 61.87299919325144, 54.0728137725578, 100.0, 65.18481920099103, 100.0, 100.0, 100.0]
[1.0, 0.9871325723570543, 0.9229896854384945, 1.0, 1.0, 0.6957346399548182, 0.8139320885821535, 1.0, 1.0, 1.0, 1.0, 0.7839152193074992, 1.0, 0.4755079946733768, 1.0, 1.0, 100.0, 100.0, 68.76541678673841, 54.741179135612946, 61.87299919325144, 54.0728137725578, 100.0, 65.18481920099103, 100.0, 100.0, 100.0]
Iteration 1
Best Fitness
[40.0, 30.0, 20.0, 5.0, 95.0, 5.0, 10.0, 20.0, 30.0, 65.0]
Best Position
[1.0, 0.9871325723570543, 0.9229896854384945, 1.0, 1.0, 0.6957346399548182, 0.8139320885821535, 1.0, 1.0, 1.0, 1.0, 0.7839152193074992, 1.0, 0.4755079946733768, 1.0, 1.0, 100.0, 100.0, 68.76541678673841, 54.741179135612946, 61.87299919325144, 54.0728137725578, 100.0, 65.18481920099103, 100.0, 100.0, 100.0]

-------------

Current fitness of particle 0:
 [40.0, 30.0, 20.0, 5.0, 95.0, 5.0, 10.0, 20.0, 30.0, 65.0]

Current fitness of particle 1:
 [40.0, 30.0, 20.0, 5.0, 95.0, 5.0, 10.0, 20.0, 30.0, 65.0]

Current fitness of particle 2:
 [40.0, 30.0, 20.0, 5.0, 95.0, 5.0, 10.0, 20.0, 30.0, 65.0]

Current fitness of particle 3:
 [40.0, 30.0, 20.0, 5.0, 95.0, 5.0, 10.0, 20.0, 30.0, 65.0]

Current fitness of particle 4:
 [40.0, 30.0, 20.0, 5.0, 95.0, 5.0, 10.0, 20.0, 30.0, 65.0]

Current fitness of particle 5:
 [40.0, 30.0, 20.0, 5.0, 95.0, 5.0, 10.0, 20.0, 30.0, 65.0]

Current fitness of particle 6:
 [40.0, 30.0, 20.0, 5.0, 95.0, 5.0, 10.0, 20.0, 30.0, 65.0]

Current fitness of particle 7:
 [40.0, 30.0, 20.0, 5.0, 95.0, 5.0, 10.0, 20.0, 30.0, 65.0]

Current fitness of particle 8:
 [40.0, 30.0, 20.0, 5.0, 95.0, 5.0, 10.0, 20.0, 30.0, 65.0]

Current fitness of particle 9:
 [40.0, 30.0, 20.0, 5.0, 95.0, 5.0, 10.0, 20.0, 30.0, 65.0]

Current fitness of particle 10:
 [40.0, 30.0, 20.0, 5.0, 95.0, 5.0, 10.0, 20.0, 30.0, 65.0]

Current fitness of particle 11:
 [40.0, 30.0, 20.0, 5.0, 95.0, 5.0, 10.0, 20.0, 30.0, 65.0]

Current fitness of particle 12:
 [40.0, 30.0, 20.0, 5.0, 95.0, 5.0, 10.0, 20.0, 30.0, 65.0]

Current fitness of particle 13:
 [40.0, 30.0, 20.0, 5.0, 95.0, 5.0, 10.0, 20.0, 30.0, 65.0]

Current fitness of particle 14:
 [40.0, 30.0, 20.0, 5.0, 95.0, 5.0, 10.0, 20.0, 30.0, 65.0]

[1.0, 0.9871325723570543, 0.9229896854384945, 1.0, 1.0, 0.6957346399548182, 0.8139320885821535, 1.0, 1.0, 1.0, 1.0, 0.7839152193074992, 1.0, 0.4755079946733768, 1.0, 1.0, 100.0, 100.0, 68.76541678673841, 54.741179135612946, 61.87299919325144, 54.0728137725578, 100.0, 65.18481920099103, 100.0, 100.0, 100.0]
[1.0, 0.9871325723570543, 0.9229896854384945, 1.0, 1.0, 0.6957346399548182, 0.8139320885821535, 1.0, 1.0, 1.0, 1.0, 0.7839152193074992, 1.0, 0.4755079946733768, 1.0, 1.0, 100.0, 100.0, 68.76541678673841, 54.741179135612946, 61.87299919325144, 54.0728137725578, 100.0, 65.18481920099103, 100.0, 100.0, 100.0]
[1.0, 0.9871325723570543, 0.9229896854384945, 1.0, 1.0, 0.6957346399548182, 0.8139320885821535, 1.0, 1.0, 1.0, 1.0, 0.7839152193074992, 1.0, 0.4755079946733768, 1.0, 1.0, 100.0, 100.0, 68.76541678673841, 54.741179135612946, 61.87299919325144, 54.0728137725578, 100.0, 65.18481920099103, 100.0, 100.0, 100.0]
[1.0, 0.9871325723570543, 0.9229896854384945, 1.0, 1.0, 0.6957346399548182, 0.8139320885821535, 1.0, 1.0, 1.0, 1.0, 0.7839152193074992, 1.0, 0.4755079946733768, 1.0, 1.0, 100.0, 100.0, 68.76541678673841, 54.741179135612946, 61.87299919325144, 54.0728137725578, 100.0, 65.18481920099103, 100.0, 100.0, 100.0]
[1.0, 0.9871325723570543, 0.9229896854384945, 1.0, 1.0, 0.6957346399548182, 0.8139320885821535, 1.0, 1.0, 1.0, 1.0, 0.7839152193074992, 1.0, 0.4755079946733768, 1.0, 1.0, 100.0, 100.0, 68.76541678673841, 54.741179135612946, 61.87299919325144, 54.0728137725578, 100.0, 65.18481920099103, 100.0, 100.0, 100.0]
[1.0, 0.9871325723570543, 0.9229896854384945, 1.0, 1.0, 0.6957346399548182, 0.8139320885821535, 1.0, 1.0, 1.0, 1.0, 0.7839152193074992, 1.0, 0.4755079946733768, 1.0, 1.0, 100.0, 100.0, 68.76541678673841, 54.741179135612946, 61.87299919325144, 54.0728137725578, 100.0, 65.18481920099103, 100.0, 100.0, 100.0]
[1.0, 0.9871325723570543, 0.9229896854384945, 1.0, 1.0, 0.6957346399548182, 0.8139320885821535, 1.0, 1.0, 1.0, 1.0, 0.7839152193074992, 1.0, 0.4755079946733768, 1.0, 1.0, 100.0, 100.0, 68.76541678673841, 54.741179135612946, 61.87299919325144, 54.0728137725578, 100.0, 65.18481920099103, 100.0, 100.0, 100.0]
[1.0, 0.9871325723570543, 0.9229896854384945, 1.0, 1.0, 0.6957346399548182, 0.8139320885821535, 1.0, 1.0, 1.0, 1.0, 0.7839152193074992, 1.0, 0.4755079946733768, 1.0, 1.0, 100.0, 100.0, 68.76541678673841, 54.741179135612946, 61.87299919325144, 54.0728137725578, 100.0, 65.18481920099103, 100.0, 100.0, 100.0]
[1.0, 0.9871325723570543, 0.9229896854384945, 1.0, 1.0, 0.6957346399548182, 0.8139320885821535, 1.0, 1.0, 1.0, 1.0, 0.7839152193074992, 1.0, 0.4755079946733768, 1.0, 1.0, 100.0, 100.0, 68.76541678673841, 54.741179135612946, 61.87299919325144, 54.0728137725578, 100.0, 65.18481920099103, 100.0, 100.0, 100.0]
[1.0, 0.9871325723570543, 0.9229896854384945, 1.0, 1.0, 0.6957346399548182, 0.8139320885821535, 1.0, 1.0, 1.0, 1.0, 0.7839152193074992, 1.0, 0.4755079946733768, 1.0, 1.0, 100.0, 100.0, 68.76541678673841, 54.741179135612946, 61.87299919325144, 54.0728137725578, 100.0, 65.18481920099103, 100.0, 100.0, 100.0]
[1.0, 0.9871325723570543, 0.9229896854384945, 1.0, 1.0, 0.6957346399548182, 0.8139320885821535, 1.0, 1.0, 1.0, 1.0, 0.7839152193074992, 1.0, 0.4755079946733768, 1.0, 1.0, 100.0, 100.0, 68.76541678673841, 54.741179135612946, 61.87299919325144, 54.0728137725578, 100.0, 65.18481920099103, 100.0, 100.0, 100.0]
[1.0, 0.9871325723570543, 0.9229896854384945, 1.0, 1.0, 0.6957346399548182, 0.8139320885821535, 1.0, 1.0, 1.0, 1.0, 0.7839152193074992, 1.0, 0.4755079946733768, 1.0, 1.0, 100.0, 100.0, 68.76541678673841, 54.741179135612946, 61.87299919325144, 54.0728137725578, 100.0, 65.18481920099103, 100.0, 100.0, 100.0]
[1.0, 0.9871325723570543, 0.9229896854384945, 1.0, 1.0, 0.6957346399548182, 0.8139320885821535, 1.0, 1.0, 1.0, 1.0, 0.7839152193074992, 1.0, 0.4755079946733768, 1.0, 1.0, 100.0, 100.0, 68.76541678673841, 54.741179135612946, 61.87299919325144, 54.0728137725578, 100.0, 65.18481920099103, 100.0, 100.0, 100.0]
[1.0, 0.9871325723570543, 0.9229896854384945, 1.0, 1.0, 0.6957346399548182, 0.8139320885821535, 1.0, 1.0, 1.0, 1.0, 0.7839152193074992, 1.0, 0.4755079946733768, 1.0, 1.0, 100.0, 100.0, 68.76541678673841, 54.741179135612946, 61.87299919325144, 54.0728137725578, 100.0, 65.18481920099103, 100.0, 100.0, 100.0]
[1.0, 0.9871325723570543, 0.9229896854384945, 1.0, 1.0, 0.6957346399548182, 0.8139320885821535, 1.0, 1.0, 1.0, 1.0, 0.7839152193074992, 1.0, 0.4755079946733768, 1.0, 1.0, 100.0, 100.0, 68.76541678673841, 54.741179135612946, 61.87299919325144, 54.0728137725578, 100.0, 65.18481920099103, 100.0, 100.0, 100.0]
[40.0, 30.0, 20.0, 5.0, 95.0, 5.0, 10.0, 20.0, 30.0, 65.0]
[1.0, 0.9871325723570543, 0.9229896854384945, 1.0, 1.0, 0.6957346399548182, 0.8139320885821535, 1.0, 1.0, 1.0, 1.0, 0.7839152193074992, 1.0, 0.4755079946733768, 1.0, 1.0, 100.0, 100.0, 68.76541678673841, 54.741179135612946, 61.87299919325144, 54.0728137725578, 100.0, 65.18481920099103, 100.0, 100.0, 100.0]
particle 0 is updating position
due to fitness value of: 
[40.0, 30.0, 20.0, 5.0, 95.0, 5.0, 10.0, 20.0, 30.0, 65.0]
which is less than: 
[40.0, 30.0, 20.0, 5.0, 95.0, 5.0, 10.0, 20.0, 30.0, 65.0]


[1.0, 1.0, 0.845888782048739, 1.0, 1.0, 1.0, 0.07848655642152114, 1.0, 1.0, 1.0, 1.0, 1.0, 1.0, 1.0, 1.0, 1.0, 100.0, 100.0, 87.68119385929182, 39.09112426228884, 100.0, 25.438933030818944, 100.0, 100.0, 100.0, 100.0, 75.6904938766444]
[1.0, 1.0, 0.845888782048739, 1.0, 1.0, 1.0, 0.07848655642152114, 1.0, 1.0, 1.0, 1.0, 1.0, 1.0, 1.0, 1.0, 1.0, 100.0, 100.0, 87.68119385929182, 39.09112426228884, 100.0, 25.438933030818944, 100.0, 100.0, 100.0, 100.0, 75.6904938766444]
particle 1 is updating position
due to fitness value of: 
[40.0, 30.0, 20.0, 5.0, 95.0, 5.0, 10.0, 20.0, 30.0, 65.0]
which is less than: 
[40.0, 30.0, 20.0, 5.0, 95.0, 5.0, 10.0, 20.0, 30.0, 65.0]


[1.0, 1.0, 0.41452164368053385, 1.0, 1.0, 1.0, 0.8276693335473679, 1.0, 1.0, 1.0, 1.0, 1.0, 1.0, 0.4609384159079408, 1.0, 1.0, 100.0, 100.0, 100.0, 100.0, 100.0, 18.398676689257073, 100.0, 100.0, 100.0, 100.0, 100.0]
[1.0, 1.0, 0.41452164368053385, 1.0, 1.0, 1.0, 0.8276693335473679, 1.0, 1.0, 1.0, 1.0, 1.0, 1.0, 0.4609384159079408, 1.0, 1.0, 100.0, 100.0, 100.0, 100.0, 100.0, 18.398676689257073, 100.0, 100.0, 100.0, 100.0, 100.0]
particle 2 is updating position
due to fitness value of: 
[40.0, 30.0, 20.0, 5.0, 95.0, 5.0, 10.0, 20.0, 30.0, 65.0]
which is less than: 
[40.0, 30.0, 20.0, 5.0, 95.0, 5.0, 10.0, 20.0, 30.0, 65.0]


[1.0, 0.8141660919207017, 1.0, 0.2914144108469638, 1.0, 1.0, 1.0, 0.9233504991107718, 1.0, 1.0, 1.0, 0.9469474421442416, 1.0, 1.0, 1.0, 1.0, 100.0, 100.0, 0.001, 29.92121125429538, 100.0, 13.793327841743137, 100.0, 100.0, 100.0, 100.0, 20.494379064282377]
[1.0, 0.8141660919207017, 1.0, 0.2914144108469638, 1.0, 1.0, 1.0, 0.9233504991107718, 1.0, 1.0, 1.0, 0.9469474421442416, 1.0, 1.0, 1.0, 1.0, 100.0, 100.0, 0.001, 29.92121125429538, 100.0, 13.793327841743137, 100.0, 100.0, 100.0, 100.0, 20.494379064282377]
particle 3 is updating position
due to fitness value of: 
[40.0, 30.0, 20.0, 5.0, 95.0, 5.0, 10.0, 20.0, 30.0, 65.0]
which is less than: 
[40.0, 30.0, 20.0, 5.0, 95.0, 5.0, 10.0, 20.0, 30.0, 65.0]


[1.0, 1.0, 1.0, 1.0, 1.0, 1.0, 1.0, 0.05277481496570435, 1.0, 1.0, 1.0, 1.0, 1.0, 0.8317384956176249, 1.0, 1.0, 100.0, 100.0, 36.22694180740809, 28.38823771815381, 100.0, 100.0, 100.0, 100.0, 100.0, 100.0, 100.0]
[1.0, 1.0, 1.0, 1.0, 1.0, 1.0, 1.0, 0.05277481496570435, 1.0, 1.0, 1.0, 1.0, 1.0, 0.8317384956176249, 1.0, 1.0, 100.0, 100.0, 36.22694180740809, 28.38823771815381, 100.0, 100.0, 100.0, 100.0, 100.0, 100.0, 100.0]
particle 4 is updating position
due to fitness value of: 
[40.0, 30.0, 20.0, 5.0, 95.0, 5.0, 10.0, 20.0, 30.0, 65.0]
which is less than: 
[40.0, 30.0, 20.0, 5.0, 95.0, 5.0, 10.0, 20.0, 30.0, 65.0]


[1.0, 0.9438222732128335, 0.9357058691775583, 1.0, 1.0, 0.46730517622984047, 1.0, 0.9073033515366449, 1.0, 1.0, 1.0, 1.0, 1.0, 1.0, 1.0, 1.0, 100.0, 100.0, 0.001, 99.63117633257944, 100.0, 34.96025921292981, 100.0, 100.0, 100.0, 100.0, 100.0]
[1.0, 0.9438222732128335, 0.9357058691775583, 1.0, 1.0, 0.46730517622984047, 1.0, 0.9073033515366449, 1.0, 1.0, 1.0, 1.0, 1.0, 1.0, 1.0, 1.0, 100.0, 100.0, 0.001, 99.63117633257944, 100.0, 34.96025921292981, 100.0, 100.0, 100.0, 100.0, 100.0]
particle 5 is updating position
due to fitness value of: 
[40.0, 30.0, 20.0, 5.0, 95.0, 5.0, 10.0, 20.0, 30.0, 65.0]
which is less than: 
[40.0, 30.0, 20.0, 5.0, 95.0, 5.0, 10.0, 20.0, 30.0, 65.0]


[1.0, 0.5378977858965428, 1.0, 1.0, 1.0, 1.0, 0.38013096835983107, 1.0, 1.0, 1.0, 1.0, 0.9794185176019834, 1.0, 1.0, 1.0, 1.0, 100.0, 100.0, 0.001, 100.0, 53.499247003493565, 100.0, 100.0, 70.00516037622727, 100.0, 100.0, 100.0]
[1.0, 0.5378977858965428, 1.0, 1.0, 1.0, 1.0, 0.38013096835983107, 1.0, 1.0, 1.0, 1.0, 0.9794185176019834, 1.0, 1.0, 1.0, 1.0, 100.0, 100.0, 0.001, 100.0, 53.499247003493565, 100.0, 100.0, 70.00516037622727, 100.0, 100.0, 100.0]
particle 6 is updating position
due to fitness value of: 
[40.0, 30.0, 20.0, 5.0, 95.0, 5.0, 10.0, 20.0, 30.0, 65.0]
which is less than: 
[40.0, 30.0, 20.0, 5.0, 95.0, 5.0, 10.0, 20.0, 30.0, 65.0]


[1.0, 1.0, 0.22958225423163742, 1.0, 1.0, 0.5890867136799347, 0.64394206589416, 1.0, 1.0, 1.0, 1.0, 1.0, 1.0, 0.9499570603705652, 1.0, 1.0, 100.0, 100.0, 100.0, 80.8817064114094, 100.0, 75.75937937573457, 100.0, 100.0, 100.0, 100.0, 100.0]
[1.0, 1.0, 0.22958225423163742, 1.0, 1.0, 0.5890867136799347, 0.64394206589416, 1.0, 1.0, 1.0, 1.0, 1.0, 1.0, 0.9499570603705652, 1.0, 1.0, 100.0, 100.0, 100.0, 80.8817064114094, 100.0, 75.75937937573457, 100.0, 100.0, 100.0, 100.0, 100.0]
particle 7 is updating position
due to fitness value of: 
[40.0, 30.0, 20.0, 5.0, 95.0, 5.0, 10.0, 20.0, 30.0, 65.0]
which is less than: 
[40.0, 30.0, 20.0, 5.0, 95.0, 5.0, 10.0, 20.0, 30.0, 65.0]


[1.0, 1.0, 0.9078918937590581, 0.8511131310607325, 1.0, 1.0, 0.6846105809579316, 1.0, 1.0, 1.0, 1.0, 1.0, 1.0, 1.0, 1.0, 1.0, 100.0, 100.0, 99.03380792445564, 0.001, 0.001, 0.001, 100.0, 100.0, 100.0, 100.0, 100.0]
[1.0, 1.0, 0.9078918937590581, 0.8511131310607325, 1.0, 1.0, 0.6846105809579316, 1.0, 1.0, 1.0, 1.0, 1.0, 1.0, 1.0, 1.0, 1.0, 100.0, 100.0, 99.03380792445564, 0.001, 0.001, 0.001, 100.0, 100.0, 100.0, 100.0, 100.0]
particle 8 is updating position
due to fitness value of: 
[40.0, 30.0, 20.0, 5.0, 95.0, 5.0, 10.0, 20.0, 30.0, 65.0]
which is less than: 
[40.0, 30.0, 20.0, 5.0, 95.0, 5.0, 10.0, 20.0, 30.0, 65.0]


[1.0, 1.0, 1.0, 1.0, 1.0, 1.0, 0.7917311262726052, 1.0, 1.0, 1.0, 1.0, 1.0, 1.0, 1.0, 1.0, 1.0, 100.0, 100.0, 94.21648914819659, 100.0, 58.37008112877555, 31.475629765407444, 100.0, 100.0, 100.0, 100.0, 0.001]
[1.0, 1.0, 1.0, 1.0, 1.0, 1.0, 0.7917311262726052, 1.0, 1.0, 1.0, 1.0, 1.0, 1.0, 1.0, 1.0, 1.0, 100.0, 100.0, 94.21648914819659, 100.0, 58.37008112877555, 31.475629765407444, 100.0, 100.0, 100.0, 100.0, 0.001]
particle 9 is updating position
due to fitness value of: 
[40.0, 30.0, 20.0, 5.0, 95.0, 5.0, 10.0, 20.0, 30.0, 65.0]
which is less than: 
[40.0, 30.0, 20.0, 5.0, 95.0, 5.0, 10.0, 20.0, 30.0, 65.0]


[1.0, 1.0, 0.9133441077005982, 0.6329068028019784, 1.0, 1.0, 1.0, 1.0, 0.7379183345958047, 1.0, 1.0, 1.0, 1.0, 0.6592514166427053, 1.0, 1.0, 99.42783135770266, 43.16024456846917, 96.96516900299801, 100.0, 100.0, 100.0, 100.0, 66.89420704701476, 100.0, 100.0, 100.0]
[1.0, 1.0, 0.9133441077005982, 0.6329068028019784, 1.0, 1.0, 1.0, 1.0, 0.7379183345958047, 1.0, 1.0, 1.0, 1.0, 0.6592514166427053, 1.0, 1.0, 99.42783135770266, 43.16024456846917, 96.96516900299801, 100.0, 100.0, 100.0, 100.0, 66.89420704701476, 100.0, 100.0, 100.0]
particle 10 is updating position
due to fitness value of: 
[40.0, 30.0, 20.0, 5.0, 95.0, 5.0, 10.0, 20.0, 30.0, 65.0]
which is less than: 
[40.0, 30.0, 20.0, 5.0, 95.0, 5.0, 10.0, 20.0, 30.0, 65.0]


[1.0, 1.0, 0.6773124138975253, 1.0, 1.0, 1.0, 1.0, 0.5186091803629219, 1.0, 1.0, 1.0, 1.0, 1.0, 1.0, 1.0, 1.0, 97.84836797352808, 100.0, 59.43979605969255, 100.0, 100.0, 46.42957526580726, 100.0, 82.04901585688143, 100.0, 100.0, 98.57564852013488]
[1.0, 1.0, 0.6773124138975253, 1.0, 1.0, 1.0, 1.0, 0.5186091803629219, 1.0, 1.0, 1.0, 1.0, 1.0, 1.0, 1.0, 1.0, 97.84836797352808, 100.0, 59.43979605969255, 100.0, 100.0, 46.42957526580726, 100.0, 82.04901585688143, 100.0, 100.0, 98.57564852013488]
particle 11 is updating position
due to fitness value of: 
[40.0, 30.0, 20.0, 5.0, 95.0, 5.0, 10.0, 20.0, 30.0, 65.0]
which is less than: 
[40.0, 30.0, 20.0, 5.0, 95.0, 5.0, 10.0, 20.0, 30.0, 65.0]


[1.0, 1.0, 1.0, 1.0, 1.0, 1.0, 1.0, 1.0, 1.0, 1.0, 1.0, 1.0, 1.0, 1.0, 1.0, 1.0, 100.0, 100.0, 74.86868209591839, 66.28398833716315, 97.38665932564219, 100.0, 100.0, 95.55347333608991, 100.0, 100.0, 61.13209994756373]
[1.0, 1.0, 1.0, 1.0, 1.0, 1.0, 1.0, 1.0, 1.0, 1.0, 1.0, 1.0, 1.0, 1.0, 1.0, 1.0, 100.0, 100.0, 74.86868209591839, 66.28398833716315, 97.38665932564219, 100.0, 100.0, 95.55347333608991, 100.0, 100.0, 61.13209994756373]
particle 12 is updating position
due to fitness value of: 
[40.0, 30.0, 20.0, 5.0, 95.0, 5.0, 10.0, 20.0, 30.0, 65.0]
which is less than: 
[40.0, 30.0, 20.0, 5.0, 95.0, 5.0, 10.0, 20.0, 30.0, 65.0]


[1.0, 0.884754999737656, 1.0, 1.0, 1.0, 1.0, 0.9771034521563937, 1.0, 1.0, 1.0, 1.0, 1.0, 1.0, 0.47265922189566767, 1.0, 1.0, 100.0, 100.0, 74.51101006313759, 100.0, 100.0, 84.97366268956051, 100.0, 100.0, 92.40702020765355, 100.0, 100.0]
[1.0, 0.884754999737656, 1.0, 1.0, 1.0, 1.0, 0.9771034521563937, 1.0, 1.0, 1.0, 1.0, 1.0, 1.0, 0.47265922189566767, 1.0, 1.0, 100.0, 100.0, 74.51101006313759, 100.0, 100.0, 84.97366268956051, 100.0, 100.0, 92.40702020765355, 100.0, 100.0]
particle 13 is updating position
due to fitness value of: 
[40.0, 30.0, 20.0, 5.0, 95.0, 5.0, 10.0, 20.0, 30.0, 65.0]
which is less than: 
[40.0, 30.0, 20.0, 5.0, 95.0, 5.0, 10.0, 20.0, 30.0, 65.0]


[0.8989799035194367, 1.0, 1.0, 0.9461862355868669, 1.0, 1.0, 1.0, 1.0, 1.0, 1.0, 1.0, 1.0, 0.9767852113881421, 1.0, 1.0, 1.0, 100.0, 23.700682724388784, 83.1598503554704, 83.2106509458399, 100.0, 0.001, 100.0, 84.62723640662968, 100.0, 100.0, 99.9010775584938]
[0.8989799035194367, 1.0, 1.0, 0.9461862355868669, 1.0, 1.0, 1.0, 1.0, 1.0, 1.0, 1.0, 1.0, 0.9767852113881421, 1.0, 1.0, 1.0, 100.0, 23.700682724388784, 83.1598503554704, 83.2106509458399, 100.0, 0.001, 100.0, 84.62723640662968, 100.0, 100.0, 99.9010775584938]
particle 14 is updating position
due to fitness value of: 
[40.0, 30.0, 20.0, 5.0, 95.0, 5.0, 10.0, 20.0, 30.0, 65.0]
which is less than: 
[40.0, 30.0, 20.0, 5.0, 95.0, 5.0, 10.0, 20.0, 30.0, 65.0]


[1.0, 0.9871325723570543, 0.9229896854384945, 1.0, 1.0, 0.6957346399548182, 0.8139320885821535, 1.0, 1.0, 1.0, 1.0, 0.7839152193074992, 1.0, 0.4755079946733768, 1.0, 1.0, 100.0, 100.0, 68.76541678673841, 54.741179135612946, 61.87299919325144, 54.0728137725578, 100.0, 65.18481920099103, 100.0, 100.0, 100.0]
[1.0, 0.9871325723570543, 0.9229896854384945, 1.0, 1.0, 0.6957346399548182, 0.8139320885821535, 1.0, 1.0, 1.0, 1.0, 0.7839152193074992, 1.0, 0.4755079946733768, 1.0, 1.0, 100.0, 100.0, 68.76541678673841, 54.741179135612946, 61.87299919325144, 54.0728137725578, 100.0, 65.18481920099103, 100.0, 100.0, 100.0]
Iteration 2
Best Fitness
[40.0, 30.0, 20.0, 5.0, 95.0, 5.0, 10.0, 20.0, 30.0, 65.0]
Best Position
[1.0, 0.9871325723570543, 0.9229896854384945, 1.0, 1.0, 0.6957346399548182, 0.8139320885821535, 1.0, 1.0, 1.0, 1.0, 0.7839152193074992, 1.0, 0.4755079946733768, 1.0, 1.0, 100.0, 100.0, 68.76541678673841, 54.741179135612946, 61.87299919325144, 54.0728137725578, 100.0, 65.18481920099103, 100.0, 100.0, 100.0]

-------------

Current fitness of particle 0:
 [40.0, 30.0, 20.0, 5.0, 95.0, 5.0, 10.0, 20.0, 30.0, 65.0]

Current fitness of particle 1:
 [40.0, 30.0, 20.0, 5.0, 95.0, 5.0, 10.0, 20.0, 30.0, 65.0]

Current fitness of particle 2:
 [40.0, 30.0, 20.0, 5.0, 95.0, 5.0, 10.0, 20.0, 30.0, 65.0]

Current fitness of particle 3:
 [40.0, 30.0, 20.0, 5.0, 95.0, 5.0, 10.0, 20.0, 30.0, 65.0]

Current fitness of particle 4:
 [40.0, 30.0, 20.0, 5.0, 95.0, 5.0, 10.0, 20.0, 30.0, 65.0]

Current fitness of particle 5:
 [40.0, 30.0, 20.0, 5.0, 95.0, 5.0, 10.0, 20.0, 30.0, 65.0]

Current fitness of particle 6:
 [40.0, 30.0, 20.0, 5.0, 95.0, 5.0, 10.0, 20.0, 30.0, 65.0]

Current fitness of particle 7:
 [40.0, 30.0, 20.0, 5.0, 95.0, 5.0, 10.0, 20.0, 30.0, 65.0]

Current fitness of particle 8:
 [40.0, 30.0, 20.0, 5.0, 95.0, 5.0, 10.0, 20.0, 30.0, 65.0]

Current fitness of particle 9:
 [40.0, 30.0, 20.0, 5.0, 95.0, 5.0, 10.0, 20.0, 30.0, 65.0]

Current fitness of particle 10:
 [40.0, 30.0, 20.0, 5.0, 95.0, 5.0, 10.0, 20.0, 30.0, 65.0]

Current fitness of particle 11:
 [40.0, 30.0, 20.0, 5.0, 95.0, 5.0, 10.0, 20.0, 30.0, 65.0]

Current fitness of particle 12:
 [40.0, 30.0, 20.0, 5.0, 95.0, 5.0, 10.0, 20.0, 30.0, 65.0]

Current fitness of particle 13:
 [40.0, 30.0, 20.0, 5.0, 95.0, 5.0, 10.0, 20.0, 30.0, 65.0]

Current fitness of particle 14:
 [40.0, 30.0, 20.0, 5.0, 95.0, 5.0, 10.0, 20.0, 30.0, 65.0]

[1.0, 0.9871325723570543, 0.9229896854384945, 1.0, 1.0, 0.6957346399548182, 0.8139320885821535, 1.0, 1.0, 1.0, 1.0, 0.7839152193074992, 1.0, 0.4755079946733768, 1.0, 1.0, 100.0, 100.0, 68.76541678673841, 54.741179135612946, 61.87299919325144, 54.0728137725578, 100.0, 65.18481920099103, 100.0, 100.0, 100.0]
[1.0, 0.9871325723570543, 0.9229896854384945, 1.0, 1.0, 0.6957346399548182, 0.8139320885821535, 1.0, 1.0, 1.0, 1.0, 0.7839152193074992, 1.0, 0.4755079946733768, 1.0, 1.0, 100.0, 100.0, 68.76541678673841, 54.741179135612946, 61.87299919325144, 54.0728137725578, 100.0, 65.18481920099103, 100.0, 100.0, 100.0]
[1.0, 0.9871325723570543, 0.9229896854384945, 1.0, 1.0, 0.6957346399548182, 0.8139320885821535, 1.0, 1.0, 1.0, 1.0, 0.7839152193074992, 1.0, 0.4755079946733768, 1.0, 1.0, 100.0, 100.0, 68.76541678673841, 54.741179135612946, 61.87299919325144, 54.0728137725578, 100.0, 65.18481920099103, 100.0, 100.0, 100.0]
[1.0, 0.9871325723570543, 0.9229896854384945, 1.0, 1.0, 0.6957346399548182, 0.8139320885821535, 1.0, 1.0, 1.0, 1.0, 0.7839152193074992, 1.0, 0.4755079946733768, 1.0, 1.0, 100.0, 100.0, 68.76541678673841, 54.741179135612946, 61.87299919325144, 54.0728137725578, 100.0, 65.18481920099103, 100.0, 100.0, 100.0]
[1.0, 0.9871325723570543, 0.9229896854384945, 1.0, 1.0, 0.6957346399548182, 0.8139320885821535, 1.0, 1.0, 1.0, 1.0, 0.7839152193074992, 1.0, 0.4755079946733768, 1.0, 1.0, 100.0, 100.0, 68.76541678673841, 54.741179135612946, 61.87299919325144, 54.0728137725578, 100.0, 65.18481920099103, 100.0, 100.0, 100.0]
[1.0, 0.9871325723570543, 0.9229896854384945, 1.0, 1.0, 0.6957346399548182, 0.8139320885821535, 1.0, 1.0, 1.0, 1.0, 0.7839152193074992, 1.0, 0.4755079946733768, 1.0, 1.0, 100.0, 100.0, 68.76541678673841, 54.741179135612946, 61.87299919325144, 54.0728137725578, 100.0, 65.18481920099103, 100.0, 100.0, 100.0]
[1.0, 0.9871325723570543, 0.9229896854384945, 1.0, 1.0, 0.6957346399548182, 0.8139320885821535, 1.0, 1.0, 1.0, 1.0, 0.7839152193074992, 1.0, 0.4755079946733768, 1.0, 1.0, 100.0, 100.0, 68.76541678673841, 54.741179135612946, 61.87299919325144, 54.0728137725578, 100.0, 65.18481920099103, 100.0, 100.0, 100.0]
[1.0, 0.9871325723570543, 0.9229896854384945, 1.0, 1.0, 0.6957346399548182, 0.8139320885821535, 1.0, 1.0, 1.0, 1.0, 0.7839152193074992, 1.0, 0.4755079946733768, 1.0, 1.0, 100.0, 100.0, 68.76541678673841, 54.741179135612946, 61.87299919325144, 54.0728137725578, 100.0, 65.18481920099103, 100.0, 100.0, 100.0]
[1.0, 0.9871325723570543, 0.9229896854384945, 1.0, 1.0, 0.6957346399548182, 0.8139320885821535, 1.0, 1.0, 1.0, 1.0, 0.7839152193074992, 1.0, 0.4755079946733768, 1.0, 1.0, 100.0, 100.0, 68.76541678673841, 54.741179135612946, 61.87299919325144, 54.0728137725578, 100.0, 65.18481920099103, 100.0, 100.0, 100.0]
[1.0, 0.9871325723570543, 0.9229896854384945, 1.0, 1.0, 0.6957346399548182, 0.8139320885821535, 1.0, 1.0, 1.0, 1.0, 0.7839152193074992, 1.0, 0.4755079946733768, 1.0, 1.0, 100.0, 100.0, 68.76541678673841, 54.741179135612946, 61.87299919325144, 54.0728137725578, 100.0, 65.18481920099103, 100.0, 100.0, 100.0]
[1.0, 0.9871325723570543, 0.9229896854384945, 1.0, 1.0, 0.6957346399548182, 0.8139320885821535, 1.0, 1.0, 1.0, 1.0, 0.7839152193074992, 1.0, 0.4755079946733768, 1.0, 1.0, 100.0, 100.0, 68.76541678673841, 54.741179135612946, 61.87299919325144, 54.0728137725578, 100.0, 65.18481920099103, 100.0, 100.0, 100.0]
[1.0, 0.9871325723570543, 0.9229896854384945, 1.0, 1.0, 0.6957346399548182, 0.8139320885821535, 1.0, 1.0, 1.0, 1.0, 0.7839152193074992, 1.0, 0.4755079946733768, 1.0, 1.0, 100.0, 100.0, 68.76541678673841, 54.741179135612946, 61.87299919325144, 54.0728137725578, 100.0, 65.18481920099103, 100.0, 100.0, 100.0]
[1.0, 0.9871325723570543, 0.9229896854384945, 1.0, 1.0, 0.6957346399548182, 0.8139320885821535, 1.0, 1.0, 1.0, 1.0, 0.7839152193074992, 1.0, 0.4755079946733768, 1.0, 1.0, 100.0, 100.0, 68.76541678673841, 54.741179135612946, 61.87299919325144, 54.0728137725578, 100.0, 65.18481920099103, 100.0, 100.0, 100.0]
[1.0, 0.9871325723570543, 0.9229896854384945, 1.0, 1.0, 0.6957346399548182, 0.8139320885821535, 1.0, 1.0, 1.0, 1.0, 0.7839152193074992, 1.0, 0.4755079946733768, 1.0, 1.0, 100.0, 100.0, 68.76541678673841, 54.741179135612946, 61.87299919325144, 54.0728137725578, 100.0, 65.18481920099103, 100.0, 100.0, 100.0]
[1.0, 0.9871325723570543, 0.9229896854384945, 1.0, 1.0, 0.6957346399548182, 0.8139320885821535, 1.0, 1.0, 1.0, 1.0, 0.7839152193074992, 1.0, 0.4755079946733768, 1.0, 1.0, 100.0, 100.0, 68.76541678673841, 54.741179135612946, 61.87299919325144, 54.0728137725578, 100.0, 65.18481920099103, 100.0, 100.0, 100.0]
[40.0, 30.0, 20.0, 5.0, 95.0, 5.0, 10.0, 20.0, 30.0, 65.0]
[1.0, 0.9871325723570543, 0.9229896854384945, 1.0, 1.0, 0.6957346399548182, 0.8139320885821535, 1.0, 1.0, 1.0, 1.0, 0.7839152193074992, 1.0, 0.4755079946733768, 1.0, 1.0, 100.0, 100.0, 68.76541678673841, 54.741179135612946, 61.87299919325144, 54.0728137725578, 100.0, 65.18481920099103, 100.0, 100.0, 100.0]
particle 0 is updating position
due to fitness value of: 
[40.0, 30.0, 20.0, 5.0, 95.0, 5.0, 10.0, 20.0, 30.0, 65.0]
which is less than: 
[40.0, 30.0, 20.0, 5.0, 95.0, 5.0, 10.0, 20.0, 30.0, 65.0]


[1.0, 1.0, 1.0, 1.0, 1.0, 1.0, 1.0, 1.0, 1.0, 1.0, 1.0, 1.0, 1.0, 1.0, 1.0, 1.0, 100.0, 100.0, 83.90448389296218, 79.31937007031812, 85.76722925579804, 96.20164558185361, 100.0, 100.0, 100.0, 100.0, 100.0]
[1.0, 1.0, 1.0, 1.0, 1.0, 1.0, 1.0, 1.0, 1.0, 1.0, 1.0, 1.0, 1.0, 1.0, 1.0, 1.0, 100.0, 100.0, 83.90448389296218, 79.31937007031812, 85.76722925579804, 96.20164558185361, 100.0, 100.0, 100.0, 100.0, 100.0]
particle 1 is updating position
due to fitness value of: 
[40.0, 30.0, 20.0, 5.0, 95.0, 5.0, 10.0, 20.0, 30.0, 65.0]
which is less than: 
[40.0, 30.0, 20.0, 5.0, 95.0, 5.0, 10.0, 20.0, 30.0, 65.0]


[1.0, 1.0, 0.6976383500272285, 1.0, 1.0, 1.0, 0.9856274225817476, 1.0, 1.0, 1.0, 1.0, 1.0, 1.0, 0.01140353604823996, 1.0, 1.0, 100.0, 100.0, 100.0, 40.2547014658406, 100.0, 77.22308656098818, 100.0, 100.0, 100.0, 100.0, 100.0]
[1.0, 1.0, 0.6976383500272285, 1.0, 1.0, 1.0, 0.9856274225817476, 1.0, 1.0, 1.0, 1.0, 1.0, 1.0, 0.01140353604823996, 1.0, 1.0, 100.0, 100.0, 100.0, 40.2547014658406, 100.0, 77.22308656098818, 100.0, 100.0, 100.0, 100.0, 100.0]
particle 2 is updating position
due to fitness value of: 
[40.0, 30.0, 20.0, 5.0, 95.0, 5.0, 10.0, 20.0, 30.0, 65.0]
which is less than: 
[40.0, 30.0, 20.0, 5.0, 95.0, 5.0, 10.0, 20.0, 30.0, 65.0]


[1.0, 1.0, 1.0, 0.8448428779279384, 1.0, 0.6250018141268423, 1.0, 1.0, 1.0, 1.0, 1.0, 1.0, 1.0, 0.9295618092045048, 1.0, 1.0, 100.0, 100.0, 1.7395924644776053, 22.695624799099342, 71.97804566973001, 79.30215177015539, 100.0, 91.08361225450685, 100.0, 100.0, 100.0]
[1.0, 1.0, 1.0, 0.8448428779279384, 1.0, 0.6250018141268423, 1.0, 1.0, 1.0, 1.0, 1.0, 1.0, 1.0, 0.9295618092045048, 1.0, 1.0, 100.0, 100.0, 1.7395924644776053, 22.695624799099342, 71.97804566973001, 79.30215177015539, 100.0, 91.08361225450685, 100.0, 100.0, 100.0]
particle 3 is updating position
due to fitness value of: 
[40.0, 30.0, 20.0, 5.0, 95.0, 5.0, 10.0, 20.0, 30.0, 65.0]
which is less than: 
[40.0, 30.0, 20.0, 5.0, 95.0, 5.0, 10.0, 20.0, 30.0, 65.0]


[1.0, 1.0, 1.0, 1.0, 1.0, 0.7506387328512089, 1.0, 0.001, 1.0, 1.0, 1.0, 1.0, 1.0, 0.5903617579193392, 1.0, 1.0, 100.0, 100.0, 55.79261583438486, 44.59313707714436, 89.39613017531875, 48.708453439347466, 100.0, 76.20067060540643, 100.0, 100.0, 100.0]
[1.0, 1.0, 1.0, 1.0, 1.0, 0.7506387328512089, 1.0, 0.001, 1.0, 1.0, 1.0, 1.0, 1.0, 0.5903617579193392, 1.0, 1.0, 100.0, 100.0, 55.79261583438486, 44.59313707714436, 89.39613017531875, 48.708453439347466, 100.0, 76.20067060540643, 100.0, 100.0, 100.0]
particle 4 is updating position
due to fitness value of: 
[40.0, 30.0, 20.0, 5.0, 95.0, 5.0, 10.0, 20.0, 30.0, 65.0]
which is less than: 
[40.0, 30.0, 20.0, 5.0, 95.0, 5.0, 10.0, 20.0, 30.0, 65.0]


[1.0, 1.0, 1.0, 1.0, 1.0, 0.35199040579275653, 0.7960544934450889, 1.0, 1.0, 1.0, 1.0, 1.0, 1.0, 1.0, 1.0, 1.0, 100.0, 100.0, 0.001, 100.0, 100.0, 50.40272759246449, 100.0, 100.0, 100.0, 100.0, 100.0]
[1.0, 1.0, 1.0, 1.0, 1.0, 0.35199040579275653, 0.7960544934450889, 1.0, 1.0, 1.0, 1.0, 1.0, 1.0, 1.0, 1.0, 1.0, 100.0, 100.0, 0.001, 100.0, 100.0, 50.40272759246449, 100.0, 100.0, 100.0, 100.0, 100.0]
particle 5 is updating position
due to fitness value of: 
[40.0, 30.0, 20.0, 5.0, 95.0, 5.0, 10.0, 20.0, 30.0, 65.0]
which is less than: 
[40.0, 30.0, 20.0, 5.0, 95.0, 5.0, 10.0, 20.0, 30.0, 65.0]


[1.0, 1.0, 1.0, 1.0, 1.0, 1.0, 1.0, 1.0, 1.0, 1.0, 1.0, 0.7667807042732249, 1.0, 1.0, 1.0, 1.0, 100.0, 100.0, 0.001, 100.0, 68.4193450551723, 86.18129887153165, 100.0, 40.40768357450065, 100.0, 100.0, 100.0]
[1.0, 1.0, 1.0, 1.0, 1.0, 1.0, 1.0, 1.0, 1.0, 1.0, 1.0, 0.7667807042732249, 1.0, 1.0, 1.0, 1.0, 100.0, 100.0, 0.001, 100.0, 68.4193450551723, 86.18129887153165, 100.0, 40.40768357450065, 100.0, 100.0, 100.0]
particle 6 is updating position
due to fitness value of: 
[40.0, 30.0, 20.0, 5.0, 95.0, 5.0, 10.0, 20.0, 30.0, 65.0]
which is less than: 
[40.0, 30.0, 20.0, 5.0, 95.0, 5.0, 10.0, 20.0, 30.0, 65.0]


[1.0, 1.0, 0.9382600283379541, 1.0, 1.0, 0.7239124421225845, 0.889562748289541, 1.0, 1.0, 1.0, 1.0, 1.0, 1.0, 1.0, 1.0, 1.0, 100.0, 100.0, 100.0, 60.19228446704229, 100.0, 100.0, 100.0, 78.6448569741673, 100.0, 100.0, 100.0]
[1.0, 1.0, 0.9382600283379541, 1.0, 1.0, 0.7239124421225845, 0.889562748289541, 1.0, 1.0, 1.0, 1.0, 1.0, 1.0, 1.0, 1.0, 1.0, 100.0, 100.0, 100.0, 60.19228446704229, 100.0, 100.0, 100.0, 78.6448569741673, 100.0, 100.0, 100.0]
particle 7 is updating position
due to fitness value of: 
[40.0, 30.0, 20.0, 5.0, 95.0, 5.0, 10.0, 20.0, 30.0, 65.0]
which is less than: 
[40.0, 30.0, 20.0, 5.0, 95.0, 5.0, 10.0, 20.0, 30.0, 65.0]


[1.0, 1.0, 1.0, 1.0, 1.0, 0.6876411809794835, 0.8715191839003847, 1.0, 1.0, 1.0, 1.0, 1.0, 1.0, 0.8104846157644282, 1.0, 1.0, 100.0, 100.0, 100.0, 10.511407716715697, 0.001, 35.336669864175384, 100.0, 100.0, 100.0, 100.0, 100.0]
[1.0, 1.0, 1.0, 1.0, 1.0, 0.6876411809794835, 0.8715191839003847, 1.0, 1.0, 1.0, 1.0, 1.0, 1.0, 0.8104846157644282, 1.0, 1.0, 100.0, 100.0, 100.0, 10.511407716715697, 0.001, 35.336669864175384, 100.0, 100.0, 100.0, 100.0, 100.0]
particle 8 is updating position
due to fitness value of: 
[40.0, 30.0, 20.0, 5.0, 95.0, 5.0, 10.0, 20.0, 30.0, 65.0]
which is less than: 
[40.0, 30.0, 20.0, 5.0, 95.0, 5.0, 10.0, 20.0, 30.0, 65.0]


[1.0, 1.0, 1.0, 1.0, 1.0, 1.0, 0.9831708693906376, 1.0, 1.0, 1.0, 1.0, 1.0, 1.0, 0.6806882568768907, 1.0, 1.0, 100.0, 100.0, 37.89466776239346, 100.0, 28.687495595152846, 35.21276322868559, 100.0, 100.0, 100.0, 100.0, 84.11054867270474]
[1.0, 1.0, 1.0, 1.0, 1.0, 1.0, 0.9831708693906376, 1.0, 1.0, 1.0, 1.0, 1.0, 1.0, 0.6806882568768907, 1.0, 1.0, 100.0, 100.0, 37.89466776239346, 100.0, 28.687495595152846, 35.21276322868559, 100.0, 100.0, 100.0, 100.0, 84.11054867270474]
particle 9 is updating position
due to fitness value of: 
[40.0, 30.0, 20.0, 5.0, 95.0, 5.0, 10.0, 20.0, 30.0, 65.0]
which is less than: 
[40.0, 30.0, 20.0, 5.0, 95.0, 5.0, 10.0, 20.0, 30.0, 65.0]


[1.0, 1.0, 1.0, 1.0, 1.0, 1.0, 1.0, 1.0, 1.0, 1.0, 1.0, 1.0, 1.0, 0.24087901123497701, 1.0, 1.0, 100.0, 100.0, 100.0, 67.54933506136389, 100.0, 86.45161168872477, 100.0, 54.68118524177197, 100.0, 100.0, 100.0]
[1.0, 1.0, 1.0, 1.0, 1.0, 1.0, 1.0, 1.0, 1.0, 1.0, 1.0, 1.0, 1.0, 0.24087901123497701, 1.0, 1.0, 100.0, 100.0, 100.0, 67.54933506136389, 100.0, 86.45161168872477, 100.0, 54.68118524177197, 100.0, 100.0, 100.0]
particle 10 is updating position
due to fitness value of: 
[40.0, 30.0, 20.0, 5.0, 95.0, 5.0, 10.0, 20.0, 30.0, 65.0]
which is less than: 
[40.0, 30.0, 20.0, 5.0, 95.0, 5.0, 10.0, 20.0, 30.0, 65.0]


[1.0, 1.0, 0.9844386907324633, 1.0, 1.0, 1.0, 1.0, 0.7519278781363433, 1.0, 1.0, 1.0, 0.6941840581552425, 1.0, 0.6778422419140216, 1.0, 1.0, 100.0, 100.0, 92.65580041486916, 57.068335242474305, 100.0, 64.84827348248245, 100.0, 65.68602582946507, 100.0, 100.0, 100.0]
[1.0, 1.0, 0.9844386907324633, 1.0, 1.0, 1.0, 1.0, 0.7519278781363433, 1.0, 1.0, 1.0, 0.6941840581552425, 1.0, 0.6778422419140216, 1.0, 1.0, 100.0, 100.0, 92.65580041486916, 57.068335242474305, 100.0, 64.84827348248245, 100.0, 65.68602582946507, 100.0, 100.0, 100.0]
particle 11 is updating position
due to fitness value of: 
[40.0, 30.0, 20.0, 5.0, 95.0, 5.0, 10.0, 20.0, 30.0, 65.0]
which is less than: 
[40.0, 30.0, 20.0, 5.0, 95.0, 5.0, 10.0, 20.0, 30.0, 65.0]


[1.0, 1.0, 1.0, 1.0, 1.0, 0.9947235473055913, 0.7267006184192814, 1.0, 1.0, 1.0, 1.0, 1.0, 1.0, 1.0, 1.0, 1.0, 100.0, 100.0, 100.0, 53.47924041807437, 27.889529207638446, 59.835737155178414, 100.0, 92.32932252247504, 100.0, 100.0, 100.0]
[1.0, 1.0, 1.0, 1.0, 1.0, 0.9947235473055913, 0.7267006184192814, 1.0, 1.0, 1.0, 1.0, 1.0, 1.0, 1.0, 1.0, 1.0, 100.0, 100.0, 100.0, 53.47924041807437, 27.889529207638446, 59.835737155178414, 100.0, 92.32932252247504, 100.0, 100.0, 100.0]
particle 12 is updating position
due to fitness value of: 
[40.0, 30.0, 20.0, 5.0, 95.0, 5.0, 10.0, 20.0, 30.0, 65.0]
which is less than: 
[40.0, 30.0, 20.0, 5.0, 95.0, 5.0, 10.0, 20.0, 30.0, 65.0]


[1.0, 1.0, 1.0, 1.0, 1.0, 1.0, 1.0, 1.0, 1.0, 1.0, 1.0, 1.0, 1.0, 0.09876818436720025, 1.0, 1.0, 100.0, 100.0, 100.0, 100.0, 100.0, 100.0, 100.0, 100.0, 100.0, 100.0, 100.0]
[1.0, 1.0, 1.0, 1.0, 1.0, 1.0, 1.0, 1.0, 1.0, 1.0, 1.0, 1.0, 1.0, 0.09876818436720025, 1.0, 1.0, 100.0, 100.0, 100.0, 100.0, 100.0, 100.0, 100.0, 100.0, 100.0, 100.0, 100.0]
particle 13 is updating position
due to fitness value of: 
[40.0, 30.0, 20.0, 5.0, 95.0, 5.0, 10.0, 20.0, 30.0, 65.0]
which is less than: 
[40.0, 30.0, 20.0, 5.0, 95.0, 5.0, 10.0, 20.0, 30.0, 65.0]


[1.0, 1.0, 1.0, 1.0, 1.0, 1.0, 0.8808582707324257, 1.0, 1.0, 1.0, 1.0, 1.0, 1.0, 1.0, 1.0, 1.0, 100.0, 100.0, 52.10728812043743, 53.12352465821323, 67.48822211757525, 48.95946101343666, 100.0, 37.71186955724089, 100.0, 100.0, 100.0]
[1.0, 1.0, 1.0, 1.0, 1.0, 1.0, 0.8808582707324257, 1.0, 1.0, 1.0, 1.0, 1.0, 1.0, 1.0, 1.0, 1.0, 100.0, 100.0, 52.10728812043743, 53.12352465821323, 67.48822211757525, 48.95946101343666, 100.0, 37.71186955724089, 100.0, 100.0, 100.0]
particle 14 is updating position
due to fitness value of: 
[40.0, 30.0, 20.0, 5.0, 95.0, 5.0, 10.0, 20.0, 30.0, 65.0]
which is less than: 
[40.0, 30.0, 20.0, 5.0, 95.0, 5.0, 10.0, 20.0, 30.0, 65.0]


[1.0, 0.9871325723570543, 0.9229896854384945, 1.0, 1.0, 0.6957346399548182, 0.8139320885821535, 1.0, 1.0, 1.0, 1.0, 0.7839152193074992, 1.0, 0.4755079946733768, 1.0, 1.0, 100.0, 100.0, 68.76541678673841, 54.741179135612946, 61.87299919325144, 54.0728137725578, 100.0, 65.18481920099103, 100.0, 100.0, 100.0]
[1.0, 0.9871325723570543, 0.9229896854384945, 1.0, 1.0, 0.6957346399548182, 0.8139320885821535, 1.0, 1.0, 1.0, 1.0, 0.7839152193074992, 1.0, 0.4755079946733768, 1.0, 1.0, 100.0, 100.0, 68.76541678673841, 54.741179135612946, 61.87299919325144, 54.0728137725578, 100.0, 65.18481920099103, 100.0, 100.0, 100.0]
Iteration 3
Best Fitness
[40.0, 30.0, 20.0, 5.0, 95.0, 5.0, 10.0, 20.0, 30.0, 65.0]
Best Position
[1.0, 0.9871325723570543, 0.9229896854384945, 1.0, 1.0, 0.6957346399548182, 0.8139320885821535, 1.0, 1.0, 1.0, 1.0, 0.7839152193074992, 1.0, 0.4755079946733768, 1.0, 1.0, 100.0, 100.0, 68.76541678673841, 54.741179135612946, 61.87299919325144, 54.0728137725578, 100.0, 65.18481920099103, 100.0, 100.0, 100.0]

-------------

Current fitness of particle 0:
 [40.0, 30.0, 20.0, 5.0, 95.0, 5.0, 10.0, 20.0, 30.0, 65.0]

Current fitness of particle 1:
 [40.0, 30.0, 20.0, 5.0, 95.0, 5.0, 10.0, 20.0, 30.0, 65.0]

Current fitness of particle 2:
 [40.0, 30.0, 20.0, 5.0, 95.0, 5.0, 10.0, 20.0, 30.0, 65.0]

Current fitness of particle 3:
 [40.0, 30.0, 20.0, 5.0, 95.0, 5.0, 10.0, 20.0, 30.0, 65.0]

Current fitness of particle 4:
 [40.0, 30.0, 20.0, 5.0, 95.0, 5.0, 10.0, 20.0, 30.0, 65.0]

Current fitness of particle 5:
 [40.0, 30.0, 20.0, 5.0, 95.0, 5.0, 10.0, 20.0, 30.0, 65.0]

Current fitness of particle 6:
 [40.0, 30.0, 20.0, 5.0, 95.0, 5.0, 10.0, 20.0, 30.0, 65.0]

Current fitness of particle 7:
 [40.0, 30.0, 20.0, 5.0, 95.0, 5.0, 10.0, 20.0, 30.0, 65.0]

Current fitness of particle 8:
 [40.0, 30.0, 20.0, 5.0, 95.0, 5.0, 10.0, 20.0, 30.0, 65.0]

Current fitness of particle 9:
 [40.0, 30.0, 20.0, 5.0, 95.0, 5.0, 10.0, 20.0, 30.0, 65.0]

Current fitness of particle 10:
 [40.0, 30.0, 20.0, 5.0, 95.0, 5.0, 10.0, 20.0, 30.0, 65.0]

Current fitness of particle 11:
 [40.0, 30.0, 20.0, 5.0, 95.0, 5.0, 10.0, 20.0, 30.0, 65.0]

Current fitness of particle 12:
 [40.0, 30.0, 20.0, 5.0, 95.0, 5.0, 10.0, 20.0, 30.0, 65.0]

Current fitness of particle 13:
 [40.0, 30.0, 20.0, 5.0, 95.0, 5.0, 10.0, 20.0, 30.0, 65.0]

Current fitness of particle 14:
 [40.0, 30.0, 20.0, 5.0, 95.0, 5.0, 10.0, 20.0, 30.0, 65.0]

[1.0, 0.9871325723570543, 0.9229896854384945, 1.0, 1.0, 0.6957346399548182, 0.8139320885821535, 1.0, 1.0, 1.0, 1.0, 0.7839152193074992, 1.0, 0.4755079946733768, 1.0, 1.0, 100.0, 100.0, 68.76541678673841, 54.741179135612946, 61.87299919325144, 54.0728137725578, 100.0, 65.18481920099103, 100.0, 100.0, 100.0]
[1.0, 0.9871325723570543, 0.9229896854384945, 1.0, 1.0, 0.6957346399548182, 0.8139320885821535, 1.0, 1.0, 1.0, 1.0, 0.7839152193074992, 1.0, 0.4755079946733768, 1.0, 1.0, 100.0, 100.0, 68.76541678673841, 54.741179135612946, 61.87299919325144, 54.0728137725578, 100.0, 65.18481920099103, 100.0, 100.0, 100.0]
[1.0, 0.9871325723570543, 0.9229896854384945, 1.0, 1.0, 0.6957346399548182, 0.8139320885821535, 1.0, 1.0, 1.0, 1.0, 0.7839152193074992, 1.0, 0.4755079946733768, 1.0, 1.0, 100.0, 100.0, 68.76541678673841, 54.741179135612946, 61.87299919325144, 54.0728137725578, 100.0, 65.18481920099103, 100.0, 100.0, 100.0]
[1.0, 0.9871325723570543, 0.9229896854384945, 1.0, 1.0, 0.6957346399548182, 0.8139320885821535, 1.0, 1.0, 1.0, 1.0, 0.7839152193074992, 1.0, 0.4755079946733768, 1.0, 1.0, 100.0, 100.0, 68.76541678673841, 54.741179135612946, 61.87299919325144, 54.0728137725578, 100.0, 65.18481920099103, 100.0, 100.0, 100.0]
[1.0, 0.9871325723570543, 0.9229896854384945, 1.0, 1.0, 0.6957346399548182, 0.8139320885821535, 1.0, 1.0, 1.0, 1.0, 0.7839152193074992, 1.0, 0.4755079946733768, 1.0, 1.0, 100.0, 100.0, 68.76541678673841, 54.741179135612946, 61.87299919325144, 54.0728137725578, 100.0, 65.18481920099103, 100.0, 100.0, 100.0]
[1.0, 0.9871325723570543, 0.9229896854384945, 1.0, 1.0, 0.6957346399548182, 0.8139320885821535, 1.0, 1.0, 1.0, 1.0, 0.7839152193074992, 1.0, 0.4755079946733768, 1.0, 1.0, 100.0, 100.0, 68.76541678673841, 54.741179135612946, 61.87299919325144, 54.0728137725578, 100.0, 65.18481920099103, 100.0, 100.0, 100.0]
[1.0, 0.9871325723570543, 0.9229896854384945, 1.0, 1.0, 0.6957346399548182, 0.8139320885821535, 1.0, 1.0, 1.0, 1.0, 0.7839152193074992, 1.0, 0.4755079946733768, 1.0, 1.0, 100.0, 100.0, 68.76541678673841, 54.741179135612946, 61.87299919325144, 54.0728137725578, 100.0, 65.18481920099103, 100.0, 100.0, 100.0]
[1.0, 0.9871325723570543, 0.9229896854384945, 1.0, 1.0, 0.6957346399548182, 0.8139320885821535, 1.0, 1.0, 1.0, 1.0, 0.7839152193074992, 1.0, 0.4755079946733768, 1.0, 1.0, 100.0, 100.0, 68.76541678673841, 54.741179135612946, 61.87299919325144, 54.0728137725578, 100.0, 65.18481920099103, 100.0, 100.0, 100.0]
[1.0, 0.9871325723570543, 0.9229896854384945, 1.0, 1.0, 0.6957346399548182, 0.8139320885821535, 1.0, 1.0, 1.0, 1.0, 0.7839152193074992, 1.0, 0.4755079946733768, 1.0, 1.0, 100.0, 100.0, 68.76541678673841, 54.741179135612946, 61.87299919325144, 54.0728137725578, 100.0, 65.18481920099103, 100.0, 100.0, 100.0]
[1.0, 0.9871325723570543, 0.9229896854384945, 1.0, 1.0, 0.6957346399548182, 0.8139320885821535, 1.0, 1.0, 1.0, 1.0, 0.7839152193074992, 1.0, 0.4755079946733768, 1.0, 1.0, 100.0, 100.0, 68.76541678673841, 54.741179135612946, 61.87299919325144, 54.0728137725578, 100.0, 65.18481920099103, 100.0, 100.0, 100.0]
[1.0, 0.9871325723570543, 0.9229896854384945, 1.0, 1.0, 0.6957346399548182, 0.8139320885821535, 1.0, 1.0, 1.0, 1.0, 0.7839152193074992, 1.0, 0.4755079946733768, 1.0, 1.0, 100.0, 100.0, 68.76541678673841, 54.741179135612946, 61.87299919325144, 54.0728137725578, 100.0, 65.18481920099103, 100.0, 100.0, 100.0]
[1.0, 0.9871325723570543, 0.9229896854384945, 1.0, 1.0, 0.6957346399548182, 0.8139320885821535, 1.0, 1.0, 1.0, 1.0, 0.7839152193074992, 1.0, 0.4755079946733768, 1.0, 1.0, 100.0, 100.0, 68.76541678673841, 54.741179135612946, 61.87299919325144, 54.0728137725578, 100.0, 65.18481920099103, 100.0, 100.0, 100.0]
[1.0, 0.9871325723570543, 0.9229896854384945, 1.0, 1.0, 0.6957346399548182, 0.8139320885821535, 1.0, 1.0, 1.0, 1.0, 0.7839152193074992, 1.0, 0.4755079946733768, 1.0, 1.0, 100.0, 100.0, 68.76541678673841, 54.741179135612946, 61.87299919325144, 54.0728137725578, 100.0, 65.18481920099103, 100.0, 100.0, 100.0]
[1.0, 0.9871325723570543, 0.9229896854384945, 1.0, 1.0, 0.6957346399548182, 0.8139320885821535, 1.0, 1.0, 1.0, 1.0, 0.7839152193074992, 1.0, 0.4755079946733768, 1.0, 1.0, 100.0, 100.0, 68.76541678673841, 54.741179135612946, 61.87299919325144, 54.0728137725578, 100.0, 65.18481920099103, 100.0, 100.0, 100.0]
[1.0, 0.9871325723570543, 0.9229896854384945, 1.0, 1.0, 0.6957346399548182, 0.8139320885821535, 1.0, 1.0, 1.0, 1.0, 0.7839152193074992, 1.0, 0.4755079946733768, 1.0, 1.0, 100.0, 100.0, 68.76541678673841, 54.741179135612946, 61.87299919325144, 54.0728137725578, 100.0, 65.18481920099103, 100.0, 100.0, 100.0]
[40.0, 30.0, 20.0, 5.0, 95.0, 5.0, 10.0, 20.0, 30.0, 65.0]
[1.0, 0.9871325723570543, 0.9229896854384945, 1.0, 1.0, 0.6957346399548182, 0.8139320885821535, 1.0, 1.0, 1.0, 1.0, 0.7839152193074992, 1.0, 0.4755079946733768, 1.0, 1.0, 100.0, 100.0, 68.76541678673841, 54.741179135612946, 61.87299919325144, 54.0728137725578, 100.0, 65.18481920099103, 100.0, 100.0, 100.0]
particle 0 is updating position
due to fitness value of: 
[40.0, 30.0, 20.0, 5.0, 95.0, 5.0, 10.0, 20.0, 30.0, 65.0]
which is less than: 
[40.0, 30.0, 20.0, 5.0, 95.0, 5.0, 10.0, 20.0, 30.0, 65.0]


[1.0, 1.0, 1.0, 1.0, 1.0, 1.0, 1.0, 1.0, 1.0, 1.0, 1.0, 1.0, 1.0, 0.4088816895367362, 1.0, 1.0, 100.0, 100.0, 58.841254649290164, 100.0, 61.319440379958166, 82.86880506867175, 100.0, 100.0, 100.0, 100.0, 100.0]
[1.0, 1.0, 1.0, 1.0, 1.0, 1.0, 1.0, 1.0, 1.0, 1.0, 1.0, 1.0, 1.0, 0.4088816895367362, 1.0, 1.0, 100.0, 100.0, 58.841254649290164, 100.0, 61.319440379958166, 82.86880506867175, 100.0, 100.0, 100.0, 100.0, 100.0]
particle 1 is updating position
due to fitness value of: 
[40.0, 30.0, 20.0, 5.0, 95.0, 5.0, 10.0, 20.0, 30.0, 65.0]
which is less than: 
[40.0, 30.0, 20.0, 5.0, 95.0, 5.0, 10.0, 20.0, 30.0, 65.0]


[1.0, 1.0, 1.0, 1.0, 1.0, 0.5731778707730929, 0.8812590969165904, 1.0, 1.0, 1.0, 1.0, 1.0, 1.0, 0.04853986726207493, 1.0, 1.0, 100.0, 100.0, 59.0858204102543, 0.001, 100.0, 100.0, 100.0, 100.0, 100.0, 100.0, 100.0]
[1.0, 1.0, 1.0, 1.0, 1.0, 0.5731778707730929, 0.8812590969165904, 1.0, 1.0, 1.0, 1.0, 1.0, 1.0, 0.04853986726207493, 1.0, 1.0, 100.0, 100.0, 59.0858204102543, 0.001, 100.0, 100.0, 100.0, 100.0, 100.0, 100.0, 100.0]
particle 2 is updating position
due to fitness value of: 
[40.0, 30.0, 20.0, 5.0, 95.0, 5.0, 10.0, 20.0, 30.0, 65.0]
which is less than: 
[40.0, 30.0, 20.0, 5.0, 95.0, 5.0, 10.0, 20.0, 30.0, 65.0]


[1.0, 1.0, 1.0, 1.0, 1.0, 0.36384687815353633, 0.9693526397179418, 1.0, 1.0, 1.0, 1.0, 1.0, 1.0, 0.800459035857732, 1.0, 1.0, 100.0, 100.0, 100.0, 52.543506435286936, 28.871872129938538, 100.0, 100.0, 65.39969262503163, 100.0, 100.0, 100.0]
[1.0, 1.0, 1.0, 1.0, 1.0, 0.36384687815353633, 0.9693526397179418, 1.0, 1.0, 1.0, 1.0, 1.0, 1.0, 0.800459035857732, 1.0, 1.0, 100.0, 100.0, 100.0, 52.543506435286936, 28.871872129938538, 100.0, 100.0, 65.39969262503163, 100.0, 100.0, 100.0]
particle 3 is updating position
due to fitness value of: 
[40.0, 30.0, 20.0, 5.0, 95.0, 5.0, 10.0, 20.0, 30.0, 65.0]
which is less than: 
[40.0, 30.0, 20.0, 5.0, 95.0, 5.0, 10.0, 20.0, 30.0, 65.0]


[1.0, 1.0, 1.0, 1.0, 1.0, 0.43814324605492233, 0.9178017991221894, 1.0, 1.0, 1.0, 1.0, 0.718923141943139, 1.0, 0.33607071772146185, 1.0, 1.0, 100.0, 100.0, 100.0, 72.06087680657984, 47.794261053960305, 0.001, 100.0, 49.32584027580494, 100.0, 100.0, 100.0]
[1.0, 1.0, 1.0, 1.0, 1.0, 0.43814324605492233, 0.9178017991221894, 1.0, 1.0, 1.0, 1.0, 0.718923141943139, 1.0, 0.33607071772146185, 1.0, 1.0, 100.0, 100.0, 100.0, 72.06087680657984, 47.794261053960305, 0.001, 100.0, 49.32584027580494, 100.0, 100.0, 100.0]
particle 4 is updating position
due to fitness value of: 
[40.0, 30.0, 20.0, 5.0, 95.0, 5.0, 10.0, 20.0, 30.0, 65.0]
which is less than: 
[40.0, 30.0, 20.0, 5.0, 95.0, 5.0, 10.0, 20.0, 30.0, 65.0]


[1.0, 1.0, 1.0, 1.0, 1.0, 0.24338383114618506, 0.6159726211074645, 1.0, 1.0, 1.0, 1.0, 1.0, 1.0, 1.0, 1.0, 1.0, 100.0, 100.0, 0.001, 100.0, 100.0, 72.10387463812071, 100.0, 100.0, 100.0, 100.0, 100.0]
[1.0, 1.0, 1.0, 1.0, 1.0, 0.24338383114618506, 0.6159726211074645, 1.0, 1.0, 1.0, 1.0, 1.0, 1.0, 1.0, 1.0, 1.0, 100.0, 100.0, 0.001, 100.0, 100.0, 72.10387463812071, 100.0, 100.0, 100.0, 100.0, 100.0]
particle 5 is updating position
due to fitness value of: 
[40.0, 30.0, 20.0, 5.0, 95.0, 5.0, 10.0, 20.0, 30.0, 65.0]
which is less than: 
[40.0, 30.0, 20.0, 5.0, 95.0, 5.0, 10.0, 20.0, 30.0, 65.0]


[1.0, 1.0, 1.0, 1.0, 1.0, 1.0, 1.0, 1.0, 1.0, 1.0, 1.0, 0.558320248398039, 1.0, 1.0, 1.0, 1.0, 100.0, 100.0, 100.0, 65.52532188895756, 75.05941517661611, 66.38915588949972, 100.0, 27.998246089138277, 100.0, 100.0, 100.0]
[1.0, 1.0, 1.0, 1.0, 1.0, 1.0, 1.0, 1.0, 1.0, 1.0, 1.0, 0.558320248398039, 1.0, 1.0, 1.0, 1.0, 100.0, 100.0, 100.0, 65.52532188895756, 75.05941517661611, 66.38915588949972, 100.0, 27.998246089138277, 100.0, 100.0, 100.0]
particle 6 is updating position
due to fitness value of: 
[40.0, 30.0, 20.0, 5.0, 95.0, 5.0, 10.0, 20.0, 30.0, 65.0]
which is less than: 
[40.0, 30.0, 20.0, 5.0, 95.0, 5.0, 10.0, 20.0, 30.0, 65.0]


[1.0, 1.0, 1.0, 1.0, 1.0, 0.8536160207103543, 1.0, 1.0, 1.0, 1.0, 1.0, 1.0, 1.0, 0.29792283790504104, 1.0, 1.0, 100.0, 100.0, 75.42783358963851, 35.34394131621963, 100.0, 58.92705597459402, 100.0, 52.098466154216396, 100.0, 100.0, 100.0]
[1.0, 1.0, 1.0, 1.0, 1.0, 0.8536160207103543, 1.0, 1.0, 1.0, 1.0, 1.0, 1.0, 1.0, 0.29792283790504104, 1.0, 1.0, 100.0, 100.0, 75.42783358963851, 35.34394131621963, 100.0, 58.92705597459402, 100.0, 52.098466154216396, 100.0, 100.0, 100.0]
particle 7 is updating position
due to fitness value of: 
[40.0, 30.0, 20.0, 5.0, 95.0, 5.0, 10.0, 20.0, 30.0, 65.0]
which is less than: 
[40.0, 30.0, 20.0, 5.0, 95.0, 5.0, 10.0, 20.0, 30.0, 65.0]


[1.0, 1.0, 1.0, 1.0, 1.0, 0.38489080678077847, 1.0, 1.0, 1.0, 1.0, 1.0, 1.0, 1.0, 0.44747268297775383, 1.0, 1.0, 100.0, 100.0, 100.0, 62.59411239368648, 49.86395434616509, 75.84842557831416, 100.0, 61.15333952361328, 100.0, 100.0, 100.0]
[1.0, 1.0, 1.0, 1.0, 1.0, 0.38489080678077847, 1.0, 1.0, 1.0, 1.0, 1.0, 1.0, 1.0, 0.44747268297775383, 1.0, 1.0, 100.0, 100.0, 100.0, 62.59411239368648, 49.86395434616509, 75.84842557831416, 100.0, 61.15333952361328, 100.0, 100.0, 100.0]
particle 8 is updating position
due to fitness value of: 
[40.0, 30.0, 20.0, 5.0, 95.0, 5.0, 10.0, 20.0, 30.0, 65.0]
which is less than: 
[40.0, 30.0, 20.0, 5.0, 95.0, 5.0, 10.0, 20.0, 30.0, 65.0]


[1.0, 1.0, 1.0, 1.0, 1.0, 0.8773955146686957, 1.0, 1.0, 1.0, 1.0, 1.0, 0.6085480962213139, 1.0, 0.26601259741189853, 1.0, 1.0, 100.0, 100.0, 0.001, 32.340488057428814, 21.852826259618002, 69.72578905235355, 100.0, 100.0, 100.0, 100.0, 100.0]
[1.0, 1.0, 1.0, 1.0, 1.0, 0.8773955146686957, 1.0, 1.0, 1.0, 1.0, 1.0, 0.6085480962213139, 1.0, 0.26601259741189853, 1.0, 1.0, 100.0, 100.0, 0.001, 32.340488057428814, 21.852826259618002, 69.72578905235355, 100.0, 100.0, 100.0, 100.0, 100.0]
particle 9 is updating position
due to fitness value of: 
[40.0, 30.0, 20.0, 5.0, 95.0, 5.0, 10.0, 20.0, 30.0, 65.0]
which is less than: 
[40.0, 30.0, 20.0, 5.0, 95.0, 5.0, 10.0, 20.0, 30.0, 65.0]


[1.0, 1.0, 1.0, 1.0, 1.0, 1.0, 1.0, 1.0, 1.0, 1.0, 1.0, 1.0, 1.0, 0.20382118073742728, 1.0, 1.0, 100.0, 100.0, 100.0, 33.636991456928875, 81.46440337047127, 25.833413164922398, 100.0, 50.37901005391396, 100.0, 100.0, 100.0]
[1.0, 1.0, 1.0, 1.0, 1.0, 1.0, 1.0, 1.0, 1.0, 1.0, 1.0, 1.0, 1.0, 0.20382118073742728, 1.0, 1.0, 100.0, 100.0, 100.0, 33.636991456928875, 81.46440337047127, 25.833413164922398, 100.0, 50.37901005391396, 100.0, 100.0, 100.0]
particle 10 is updating position
due to fitness value of: 
[40.0, 30.0, 20.0, 5.0, 95.0, 5.0, 10.0, 20.0, 30.0, 65.0]
which is less than: 
[40.0, 30.0, 20.0, 5.0, 95.0, 5.0, 10.0, 20.0, 30.0, 65.0]


[1.0, 1.0, 1.0, 1.0, 1.0, 0.8522386775054959, 1.0, 1.0, 1.0, 1.0, 1.0, 0.432112641048131, 1.0, 0.27652535564064046, 1.0, 1.0, 100.0, 100.0, 100.0, 11.316753737864047, 100.0, 69.08715295820464, 100.0, 48.53372832067593, 100.0, 100.0, 100.0]
[1.0, 1.0, 1.0, 1.0, 1.0, 0.8522386775054959, 1.0, 1.0, 1.0, 1.0, 1.0, 0.432112641048131, 1.0, 0.27652535564064046, 1.0, 1.0, 100.0, 100.0, 100.0, 11.316753737864047, 100.0, 69.08715295820464, 100.0, 48.53372832067593, 100.0, 100.0, 100.0]
particle 11 is updating position
due to fitness value of: 
[40.0, 30.0, 20.0, 5.0, 95.0, 5.0, 10.0, 20.0, 30.0, 65.0]
which is less than: 
[40.0, 30.0, 20.0, 5.0, 95.0, 5.0, 10.0, 20.0, 30.0, 65.0]


[1.0, 1.0, 1.0, 1.0, 1.0, 0.9804515507721534, 0.5663999443038857, 1.0, 1.0, 1.0, 1.0, 0.9220324726400105, 1.0, 0.1525038970789354, 1.0, 1.0, 100.0, 100.0, 100.0, 41.240652580927815, 7.026448628193023, 15.070931105469853, 100.0, 45.80334379315908, 100.0, 100.0, 100.0]
[1.0, 1.0, 1.0, 1.0, 1.0, 0.9804515507721534, 0.5663999443038857, 1.0, 1.0, 1.0, 1.0, 0.9220324726400105, 1.0, 0.1525038970789354, 1.0, 1.0, 100.0, 100.0, 100.0, 41.240652580927815, 7.026448628193023, 15.070931105469853, 100.0, 45.80334379315908, 100.0, 100.0, 100.0]
particle 12 is updating position
due to fitness value of: 
[40.0, 30.0, 20.0, 5.0, 95.0, 5.0, 10.0, 20.0, 30.0, 65.0]
which is less than: 
[40.0, 30.0, 20.0, 5.0, 95.0, 5.0, 10.0, 20.0, 30.0, 65.0]


[1.0, 1.0, 1.0, 1.0, 1.0, 1.0, 1.0, 1.0, 1.0, 1.0, 1.0, 1.0, 1.0, 0.12539296435453912, 1.0, 1.0, 100.0, 100.0, 100.0, 67.29221045838563, 100.0, 92.18866929906179, 100.0, 84.18829652497942, 100.0, 100.0, 100.0]
[1.0, 1.0, 1.0, 1.0, 1.0, 1.0, 1.0, 1.0, 1.0, 1.0, 1.0, 1.0, 1.0, 0.12539296435453912, 1.0, 1.0, 100.0, 100.0, 100.0, 67.29221045838563, 100.0, 92.18866929906179, 100.0, 84.18829652497942, 100.0, 100.0, 100.0]
particle 13 is updating position
due to fitness value of: 
[40.0, 30.0, 20.0, 5.0, 95.0, 5.0, 10.0, 20.0, 30.0, 65.0]
which is less than: 
[40.0, 30.0, 20.0, 5.0, 95.0, 5.0, 10.0, 20.0, 30.0, 65.0]


[1.0, 1.0, 1.0, 1.0, 1.0, 1.0, 0.654935935557881, 1.0, 1.0, 1.0, 1.0, 1.0, 1.0, 0.7362906287276821, 1.0, 1.0, 100.0, 100.0, 44.34976491792369, 25.570549583305606, 29.57184778283969, 98.92371172552325, 100.0, 10.663289249159167, 100.0, 100.0, 100.0]
[1.0, 1.0, 1.0, 1.0, 1.0, 1.0, 0.654935935557881, 1.0, 1.0, 1.0, 1.0, 1.0, 1.0, 0.7362906287276821, 1.0, 1.0, 100.0, 100.0, 44.34976491792369, 25.570549583305606, 29.57184778283969, 98.92371172552325, 100.0, 10.663289249159167, 100.0, 100.0, 100.0]
particle 14 is updating position
due to fitness value of: 
[40.0, 30.0, 20.0, 5.0, 95.0, 5.0, 10.0, 20.0, 30.0, 65.0]
which is less than: 
[40.0, 30.0, 20.0, 5.0, 95.0, 5.0, 10.0, 20.0, 30.0, 65.0]


[1.0, 0.9871325723570543, 0.9229896854384945, 1.0, 1.0, 0.6957346399548182, 0.8139320885821535, 1.0, 1.0, 1.0, 1.0, 0.7839152193074992, 1.0, 0.4755079946733768, 1.0, 1.0, 100.0, 100.0, 68.76541678673841, 54.741179135612946, 61.87299919325144, 54.0728137725578, 100.0, 65.18481920099103, 100.0, 100.0, 100.0]
[1.0, 0.9871325723570543, 0.9229896854384945, 1.0, 1.0, 0.6957346399548182, 0.8139320885821535, 1.0, 1.0, 1.0, 1.0, 0.7839152193074992, 1.0, 0.4755079946733768, 1.0, 1.0, 100.0, 100.0, 68.76541678673841, 54.741179135612946, 61.87299919325144, 54.0728137725578, 100.0, 65.18481920099103, 100.0, 100.0, 100.0]
Iteration 4
Best Fitness
[40.0, 30.0, 20.0, 5.0, 95.0, 5.0, 10.0, 20.0, 30.0, 65.0]
Best Position
[1.0, 0.9871325723570543, 0.9229896854384945, 1.0, 1.0, 0.6957346399548182, 0.8139320885821535, 1.0, 1.0, 1.0, 1.0, 0.7839152193074992, 1.0, 0.4755079946733768, 1.0, 1.0, 100.0, 100.0, 68.76541678673841, 54.741179135612946, 61.87299919325144, 54.0728137725578, 100.0, 65.18481920099103, 100.0, 100.0, 100.0]

-------------

Current fitness of particle 0:
 [40.0, 30.0, 20.0, 5.0, 95.0, 5.0, 10.0, 20.0, 30.0, 65.0]

Current fitness of particle 1:
 [40.0, 30.0, 20.0, 5.0, 95.0, 5.0, 10.0, 20.0, 30.0, 65.0]

Current fitness of particle 2:
 [40.0, 30.0, 20.0, 5.0, 95.0, 5.0, 10.0, 20.0, 30.0, 65.0]

Current fitness of particle 3:
 [40.0, 30.0, 20.0, 5.0, 95.0, 5.0, 10.0, 20.0, 30.0, 65.0]

Current fitness of particle 4:
 [40.0, 30.0, 20.0, 5.0, 95.0, 5.0, 10.0, 20.0, 30.0, 65.0]

Current fitness of particle 5:
 [40.0, 30.0, 20.0, 5.0, 95.0, 5.0, 10.0, 20.0, 30.0, 65.0]

Current fitness of particle 6:
 [40.0, 30.0, 20.0, 5.0, 95.0, 5.0, 10.0, 20.0, 30.0, 65.0]

Current fitness of particle 7:
 [40.0, 30.0, 20.0, 5.0, 95.0, 5.0, 10.0, 20.0, 30.0, 65.0]

Current fitness of particle 8:
 [40.0, 30.0, 20.0, 5.0, 95.0, 5.0, 10.0, 20.0, 30.0, 65.0]

Current fitness of particle 9:
 [40.0, 30.0, 20.0, 5.0, 95.0, 5.0, 10.0, 20.0, 30.0, 65.0]

Current fitness of particle 10:
 [40.0, 30.0, 20.0, 5.0, 95.0, 5.0, 10.0, 20.0, 30.0, 65.0]

Current fitness of particle 11:
 [40.0, 30.0, 20.0, 5.0, 95.0, 5.0, 10.0, 20.0, 30.0, 65.0]

Current fitness of particle 12:
 [40.0, 30.0, 20.0, 5.0, 95.0, 5.0, 10.0, 20.0, 30.0, 65.0]

Current fitness of particle 13:
 [40.0, 30.0, 20.0, 5.0, 95.0, 5.0, 10.0, 20.0, 30.0, 65.0]

Current fitness of particle 14:
 [40.0, 30.0, 20.0, 5.0, 95.0, 5.0, 10.0, 20.0, 30.0, 65.0]

[1.0, 0.9871325723570543, 0.9229896854384945, 1.0, 1.0, 0.6957346399548182, 0.8139320885821535, 1.0, 1.0, 1.0, 1.0, 0.7839152193074992, 1.0, 0.4755079946733768, 1.0, 1.0, 100.0, 100.0, 68.76541678673841, 54.741179135612946, 61.87299919325144, 54.0728137725578, 100.0, 65.18481920099103, 100.0, 100.0, 100.0]
[1.0, 0.9871325723570543, 0.9229896854384945, 1.0, 1.0, 0.6957346399548182, 0.8139320885821535, 1.0, 1.0, 1.0, 1.0, 0.7839152193074992, 1.0, 0.4755079946733768, 1.0, 1.0, 100.0, 100.0, 68.76541678673841, 54.741179135612946, 61.87299919325144, 54.0728137725578, 100.0, 65.18481920099103, 100.0, 100.0, 100.0]
[1.0, 0.9871325723570543, 0.9229896854384945, 1.0, 1.0, 0.6957346399548182, 0.8139320885821535, 1.0, 1.0, 1.0, 1.0, 0.7839152193074992, 1.0, 0.4755079946733768, 1.0, 1.0, 100.0, 100.0, 68.76541678673841, 54.741179135612946, 61.87299919325144, 54.0728137725578, 100.0, 65.18481920099103, 100.0, 100.0, 100.0]
[1.0, 0.9871325723570543, 0.9229896854384945, 1.0, 1.0, 0.6957346399548182, 0.8139320885821535, 1.0, 1.0, 1.0, 1.0, 0.7839152193074992, 1.0, 0.4755079946733768, 1.0, 1.0, 100.0, 100.0, 68.76541678673841, 54.741179135612946, 61.87299919325144, 54.0728137725578, 100.0, 65.18481920099103, 100.0, 100.0, 100.0]
[1.0, 0.9871325723570543, 0.9229896854384945, 1.0, 1.0, 0.6957346399548182, 0.8139320885821535, 1.0, 1.0, 1.0, 1.0, 0.7839152193074992, 1.0, 0.4755079946733768, 1.0, 1.0, 100.0, 100.0, 68.76541678673841, 54.741179135612946, 61.87299919325144, 54.0728137725578, 100.0, 65.18481920099103, 100.0, 100.0, 100.0]
[1.0, 0.9871325723570543, 0.9229896854384945, 1.0, 1.0, 0.6957346399548182, 0.8139320885821535, 1.0, 1.0, 1.0, 1.0, 0.7839152193074992, 1.0, 0.4755079946733768, 1.0, 1.0, 100.0, 100.0, 68.76541678673841, 54.741179135612946, 61.87299919325144, 54.0728137725578, 100.0, 65.18481920099103, 100.0, 100.0, 100.0]
[1.0, 0.9871325723570543, 0.9229896854384945, 1.0, 1.0, 0.6957346399548182, 0.8139320885821535, 1.0, 1.0, 1.0, 1.0, 0.7839152193074992, 1.0, 0.4755079946733768, 1.0, 1.0, 100.0, 100.0, 68.76541678673841, 54.741179135612946, 61.87299919325144, 54.0728137725578, 100.0, 65.18481920099103, 100.0, 100.0, 100.0]
[1.0, 0.9871325723570543, 0.9229896854384945, 1.0, 1.0, 0.6957346399548182, 0.8139320885821535, 1.0, 1.0, 1.0, 1.0, 0.7839152193074992, 1.0, 0.4755079946733768, 1.0, 1.0, 100.0, 100.0, 68.76541678673841, 54.741179135612946, 61.87299919325144, 54.0728137725578, 100.0, 65.18481920099103, 100.0, 100.0, 100.0]
[1.0, 0.9871325723570543, 0.9229896854384945, 1.0, 1.0, 0.6957346399548182, 0.8139320885821535, 1.0, 1.0, 1.0, 1.0, 0.7839152193074992, 1.0, 0.4755079946733768, 1.0, 1.0, 100.0, 100.0, 68.76541678673841, 54.741179135612946, 61.87299919325144, 54.0728137725578, 100.0, 65.18481920099103, 100.0, 100.0, 100.0]
[1.0, 0.9871325723570543, 0.9229896854384945, 1.0, 1.0, 0.6957346399548182, 0.8139320885821535, 1.0, 1.0, 1.0, 1.0, 0.7839152193074992, 1.0, 0.4755079946733768, 1.0, 1.0, 100.0, 100.0, 68.76541678673841, 54.741179135612946, 61.87299919325144, 54.0728137725578, 100.0, 65.18481920099103, 100.0, 100.0, 100.0]
[1.0, 0.9871325723570543, 0.9229896854384945, 1.0, 1.0, 0.6957346399548182, 0.8139320885821535, 1.0, 1.0, 1.0, 1.0, 0.7839152193074992, 1.0, 0.4755079946733768, 1.0, 1.0, 100.0, 100.0, 68.76541678673841, 54.741179135612946, 61.87299919325144, 54.0728137725578, 100.0, 65.18481920099103, 100.0, 100.0, 100.0]
[1.0, 0.9871325723570543, 0.9229896854384945, 1.0, 1.0, 0.6957346399548182, 0.8139320885821535, 1.0, 1.0, 1.0, 1.0, 0.7839152193074992, 1.0, 0.4755079946733768, 1.0, 1.0, 100.0, 100.0, 68.76541678673841, 54.741179135612946, 61.87299919325144, 54.0728137725578, 100.0, 65.18481920099103, 100.0, 100.0, 100.0]
[1.0, 0.9871325723570543, 0.9229896854384945, 1.0, 1.0, 0.6957346399548182, 0.8139320885821535, 1.0, 1.0, 1.0, 1.0, 0.7839152193074992, 1.0, 0.4755079946733768, 1.0, 1.0, 100.0, 100.0, 68.76541678673841, 54.741179135612946, 61.87299919325144, 54.0728137725578, 100.0, 65.18481920099103, 100.0, 100.0, 100.0]
[1.0, 0.9871325723570543, 0.9229896854384945, 1.0, 1.0, 0.6957346399548182, 0.8139320885821535, 1.0, 1.0, 1.0, 1.0, 0.7839152193074992, 1.0, 0.4755079946733768, 1.0, 1.0, 100.0, 100.0, 68.76541678673841, 54.741179135612946, 61.87299919325144, 54.0728137725578, 100.0, 65.18481920099103, 100.0, 100.0, 100.0]
[1.0, 0.9871325723570543, 0.9229896854384945, 1.0, 1.0, 0.6957346399548182, 0.8139320885821535, 1.0, 1.0, 1.0, 1.0, 0.7839152193074992, 1.0, 0.4755079946733768, 1.0, 1.0, 100.0, 100.0, 68.76541678673841, 54.741179135612946, 61.87299919325144, 54.0728137725578, 100.0, 65.18481920099103, 100.0, 100.0, 100.0]
[40.0, 30.0, 20.0, 5.0, 95.0, 5.0, 10.0, 20.0, 30.0, 65.0]
[1.0, 0.9871325723570543, 0.9229896854384945, 1.0, 1.0, 0.6957346399548182, 0.8139320885821535, 1.0, 1.0, 1.0, 1.0, 0.7839152193074992, 1.0, 0.4755079946733768, 1.0, 1.0, 100.0, 100.0, 68.76541678673841, 54.741179135612946, 61.87299919325144, 54.0728137725578, 100.0, 65.18481920099103, 100.0, 100.0, 100.0]
