particle 0 is updating position
due to fitness value of: 
[35.283018867924525, 1.132075471698112, 20.0, 5.0, 59.15094339622641, 0.43478260869565233, 28.04347826086957, 20.0, 30.0, 21.52173913043478]
which is less than: 
null


[0.29921504872457017, 0.03684932248928663, 0.5862066795135336, 0.9395107689983792, 0.6426090343802354, 0.6440042354129561, 0.571944837887996, 0.8142367621031342, 0.7528904379185262, 0.7386007398956708, 0.0746616652990909, 0.5031578397532741, 0.6756890245969963, 0.4646362493073508, 0.9878586261697252, 0.029130981251585086, 14.0, 98.0, 30.0, 77.0, 82.0, 37.0, 95.0, 64.0, 35.0, 80.0, 16.0]
[0.29921504872457017, 0.03684932248928663, 0.5862066795135336, 0.9395107689983792, 0.6426090343802354, 0.6440042354129561, 0.571944837887996, 0.8142367621031342, 0.7528904379185262, 0.7386007398956708, 0.0746616652990909, 0.5031578397532741, 0.6756890245969963, 0.4646362493073508, 0.9878586261697252, 0.029130981251585086, 14.0, 98.0, 30.0, 77.0, 82.0, 37.0, 95.0, 64.0, 35.0, 80.0, 16.0]
particle 1 is updating position
due to fitness value of: 
[18.30188679245283, 30.0, 9.245283018867923, 4.056603773584905, 43.113207547169814, 16.73913043478261, 10.0, 5.0, 27.82608695652174, 16.086956521739133]
which is less than: 
[35.283018867924525, 1.132075471698112, 20.0, 5.0, 59.15094339622641, 0.43478260869565233, 28.04347826086957, 20.0, 30.0, 21.52173913043478]


[0.866296519416701, 0.7983542037448436, 0.5567152375611518, 0.38779604847399196, 0.8720412707449751, 0.20268342948615803, 0.6956133871678354, 0.11384915982773125, 0.31224269183364617, 0.1571352752595988, 0.6916971924261427, 0.5313325992298414, 0.5560845567851843, 0.08035140811024122, 0.9269646795847972, 0.7059425375471531, 59.0, 35.0, 26.0, 76.0, 35.0, 34.0, 95.0, 43.0, 8.0, 95.0, 85.0]
[0.866296519416701, 0.7983542037448436, 0.5567152375611518, 0.38779604847399196, 0.8720412707449751, 0.20268342948615803, 0.6956133871678354, 0.11384915982773125, 0.31224269183364617, 0.1571352752595988, 0.6916971924261427, 0.5313325992298414, 0.5560845567851843, 0.08035140811024122, 0.9269646795847972, 0.7059425375471531, 59.0, 35.0, 26.0, 76.0, 35.0, 34.0, 95.0, 43.0, 8.0, 95.0, 85.0]
particle 3 is updating position
due to fitness value of: 
[16.41509433962264, 30.0, 9.245283018867923, 42.16981132075472, 5.0, 16.73913043478261, 10.0, 5.0, 23.260869565217398, 35.0]
which is less than: 
[18.30188679245283, 30.0, 9.245283018867923, 4.056603773584905, 43.113207547169814, 16.73913043478261, 10.0, 5.0, 27.82608695652174, 16.086956521739133]


[0.28730438217281207, 0.08671852424127846, 0.8256166155888651, 0.21305133414816313, 0.4019951594745126, 0.8317084288267769, 0.881230102492931, 0.40079894611342337, 0.4646433757235615, 0.04266291250535614, 0.6311934545418161, 0.4535643260523905, 0.4568961683103402, 0.6380655492189301, 0.9526064504735172, 0.24728840167436017, 96.0, 6.0, 79.0, 50.0, 54.0, 38.0, 3.0, 49.0, 29.0, 57.0, 16.0]
[0.28730438217281207, 0.08671852424127846, 0.8256166155888651, 0.21305133414816313, 0.4019951594745126, 0.8317084288267769, 0.881230102492931, 0.40079894611342337, 0.4646433757235615, 0.04266291250535614, 0.6311934545418161, 0.4535643260523905, 0.4568961683103402, 0.6380655492189301, 0.9526064504735172, 0.24728840167436017, 96.0, 6.0, 79.0, 50.0, 54.0, 38.0, 3.0, 49.0, 29.0, 57.0, 16.0]
particle 5 is updating position
due to fitness value of: 
[37.16981132075472, 30.0, 8.679245283018867, 16.69811320754717, 59.15094339622641, 1.7391304347826089, 10.0, 1.521739130434785, 8.26086956521739, 21.52173913043478]
which is less than: 
[16.41509433962264, 30.0, 9.245283018867923, 42.16981132075472, 5.0, 16.73913043478261, 10.0, 5.0, 23.260869565217398, 35.0]


[0.8198170393403023, 0.7955554989821002, 0.8876511138586514, 0.11320374774668818, 0.2926118582032806, 0.4245656828124845, 0.33568507343426646, 0.4819188695907005, 0.22204754124986226, 0.6714012027686602, 0.18578740820064854, 0.1343156671136383, 0.3611272555722861, 0.27893488320154103, 0.0038183030305569687, 0.15610326239004335, 85.0, 16.0, 80.0, 28.0, 55.0, 61.0, 39.0, 73.0, 13.0, 7.0, 91.0]
[0.8198170393403023, 0.7955554989821002, 0.8876511138586514, 0.11320374774668818, 0.2926118582032806, 0.4245656828124845, 0.33568507343426646, 0.4819188695907005, 0.22204754124986226, 0.6714012027686602, 0.18578740820064854, 0.1343156671136383, 0.3611272555722861, 0.27893488320154103, 0.0038183030305569687, 0.15610326239004335, 85.0, 16.0, 80.0, 28.0, 55.0, 61.0, 39.0, 73.0, 13.0, 7.0, 91.0]
particle 10 is updating position
due to fitness value of: 
[37.16981132075472, 30.0, 1.6981132075471699, 5.0, 70.47169811320755, 1.7391304347826089, 10.0, 0.6521739130434767, 30.0, 41.08695652173914]
which is less than: 
[37.16981132075472, 30.0, 8.679245283018867, 16.69811320754717, 59.15094339622641, 1.7391304347826089, 10.0, 1.521739130434785, 8.26086956521739, 21.52173913043478]


[0.4266402906971226, 0.018358711398095306, 0.0598687116148906, 0.6860823739967347, 0.8672016335555651, 0.20906247376007625, 0.8802203501994618, 0.8180683626945873, 0.9706079373906614, 0.8648125528273319, 0.5585961367824938, 0.911103005672067, 0.8033810836023992, 0.2446206130706049, 0.3222914555725914, 0.3900780974062401, 75.0, 31.0, 68.0, 42.0, 55.0, 35.0, 18.0, 59.0, 6.0, 71.0, 89.0]
[0.4266402906971226, 0.018358711398095306, 0.0598687116148906, 0.6860823739967347, 0.8672016335555651, 0.20906247376007625, 0.8802203501994618, 0.8180683626945873, 0.9706079373906614, 0.8648125528273319, 0.5585961367824938, 0.911103005672067, 0.8033810836023992, 0.2446206130706049, 0.3222914555725914, 0.3900780974062401, 75.0, 31.0, 68.0, 42.0, 55.0, 35.0, 18.0, 59.0, 6.0, 71.0, 89.0]
particle 12 is updating position
due to fitness value of: 
[35.283018867924525, 30.0, 11.132075471698112, 5.0, 59.15094339622641, 0.43478260869565233, 10.0, 18.04347826086957, 30.0, 21.52173913043478]
which is less than: 
[37.16981132075472, 30.0, 1.6981132075471699, 5.0, 70.47169811320755, 1.7391304347826089, 10.0, 0.6521739130434767, 30.0, 41.08695652173914]


[0.6084882816085926, 0.0306304165014758, 0.6762898225326153, 0.499541427990153, 0.16095306257925246, 0.26488651111541894, 0.0012375077620379038, 0.33510593643470565, 0.32308674876547716, 0.5908853395361958, 0.9886691693279621, 0.2809799823276016, 0.8382792714297925, 0.4165423560201885, 0.5571369253749422, 0.057025506742382825, 84.0, 79.0, 2.0, 35.0, 14.0, 71.0, 68.0, 52.0, 22.0, 45.0, 55.0]
[0.6084882816085926, 0.0306304165014758, 0.6762898225326153, 0.499541427990153, 0.16095306257925246, 0.26488651111541894, 0.0012375077620379038, 0.33510593643470565, 0.32308674876547716, 0.5908853395361958, 0.9886691693279621, 0.2809799823276016, 0.8382792714297925, 0.4165423560201885, 0.5571369253749422, 0.057025506742382825, 84.0, 79.0, 2.0, 35.0, 14.0, 71.0, 68.0, 52.0, 22.0, 45.0, 55.0]
particle 13 is updating position
due to fitness value of: 
[7.924528301886795, 30.0, 13.018867924528301, 5.0, 29.905660377358487, 27.608695652173914, 10.0, 12.608695652173914, 30.0, 0.21739130434782794]
which is less than: 
[35.283018867924525, 30.0, 11.132075471698112, 5.0, 59.15094339622641, 0.43478260869565233, 10.0, 18.04347826086957, 30.0, 21.52173913043478]


[0.5761737695588612, 0.3254235122918596, 0.760386648472399, 0.40778910181575545, 0.6046018188553847, 0.2853492278235201, 0.5625585789656258, 0.49198849775969145, 0.5051291077656227, 0.1209566562109603, 0.9445892069236986, 0.24049278382257422, 0.7910175924549652, 0.4667151101015049, 0.23313903892967058, 0.8803304194921143, 62.0, 56.0, 84.0, 23.0, 5.0, 11.0, 46.0, 98.0, 26.0, 44.0, 77.0]
[0.5761737695588612, 0.3254235122918596, 0.760386648472399, 0.40778910181575545, 0.6046018188553847, 0.2853492278235201, 0.5625585789656258, 0.49198849775969145, 0.5051291077656227, 0.1209566562109603, 0.9445892069236986, 0.24049278382257422, 0.7910175924549652, 0.4667151101015049, 0.23313903892967058, 0.8803304194921143, 62.0, 56.0, 84.0, 23.0, 5.0, 11.0, 46.0, 98.0, 26.0, 44.0, 77.0]
Iteration 0
Best Fitness
[7.924528301886795, 30.0, 13.018867924528301, 5.0, 29.905660377358487, 27.608695652173914, 10.0, 12.608695652173914, 30.0, 0.21739130434782794]
Best Position
[0.5761737695588612, 0.3254235122918596, 0.760386648472399, 0.40778910181575545, 0.6046018188553847, 0.2853492278235201, 0.5625585789656258, 0.49198849775969145, 0.5051291077656227, 0.1209566562109603, 0.9445892069236986, 0.24049278382257422, 0.7910175924549652, 0.4667151101015049, 0.23313903892967058, 0.8803304194921143, 62.0, 56.0, 84.0, 23.0, 5.0, 11.0, 46.0, 98.0, 26.0, 44.0, 77.0]

-------------

Current fitness of particle 0:
 [35.283018867924525, 1.132075471698112, 20.0, 5.0, 59.15094339622641, 0.43478260869565233, 28.04347826086957, 20.0, 30.0, 21.52173913043478]

Current fitness of particle 1:
 [18.30188679245283, 30.0, 9.245283018867923, 4.056603773584905, 43.113207547169814, 16.73913043478261, 10.0, 5.0, 27.82608695652174, 16.086956521739133]

Current fitness of particle 2:
 [36.22641509433962, 30.0, 1.6981132075471699, 5.3773584905660385, 59.15094339622641, 1.7391304347826089, 10.0, 0.6521739130434767, 10.434782608695652, 21.52173913043478]

Current fitness of particle 3:
 [16.41509433962264, 30.0, 9.245283018867923, 42.16981132075472, 5.0, 16.73913043478261, 10.0, 5.0, 23.260869565217398, 35.0]

Current fitness of particle 4:
 [36.22641509433962, 30.0, 9.245283018867923, 5.0, 61.98113207547169, 1.7391304347826089, 10.0, 12.608695652173914, 30.0, 29.13043478260869]

Current fitness of particle 5:
 [37.16981132075472, 30.0, 8.679245283018867, 16.69811320754717, 59.15094339622641, 1.7391304347826089, 10.0, 1.521739130434785, 8.26086956521739, 21.52173913043478]

Current fitness of particle 6:
 [35.283018867924525, 30.0, 11.132075471698112, 59.15094339622641, 5.0, 0.43478260869565233, 10.0, 18.04347826086957, 26.52173913043478, 35.0]

Current fitness of particle 7:
 [17.547169811320757, 30.0, 22.452830188679243, 5.0, 5.0, 46.08695652173913, 10.0, 28.913043478260867, 30.0, 35.0]

Current fitness of particle 8:
 [4.150943396226417, 30.0, 20.566037735849058, 18.58490566037736, 5.0, 30.869565217391305, 10.0, 24.565217391304344, 10.434782608695652, 35.0]

Current fitness of particle 9:
 [17.547169811320757, 30.0, 22.452830188679243, 5.0, 5.0, 46.08695652173913, 10.0, 28.913043478260867, 30.0, 35.0]

Current fitness of particle 10:
 [37.16981132075472, 30.0, 1.6981132075471699, 5.0, 70.47169811320755, 1.7391304347826089, 10.0, 0.6521739130434767, 30.0, 41.08695652173914]

Current fitness of particle 11:
 [17.547169811320757, 12.452830188679243, 20.0, 5.0, 5.0, 46.08695652173913, 38.91304347826087, 20.0, 30.0, 35.0]

Current fitness of particle 12:
 [35.283018867924525, 30.0, 11.132075471698112, 5.0, 59.15094339622641, 0.43478260869565233, 10.0, 18.04347826086957, 30.0, 21.52173913043478]

Current fitness of particle 13:
 [7.924528301886795, 30.0, 13.018867924528301, 5.0, 29.905660377358487, 27.608695652173914, 10.0, 12.608695652173914, 30.0, 0.21739130434782794]

Current fitness of particle 14:
 [40.0, 30.0, 20.0, 5.0, 95.0, 5.0, 10.0, 20.0, 30.0, 65.0]

[0.5761737695588612, 0.3254235122918596, 0.760386648472399, 0.40778910181575545, 0.6046018188553847, 0.2853492278235201, 0.5625585789656258, 0.49198849775969145, 0.5051291077656227, 0.1209566562109603, 0.9445892069236986, 0.24049278382257422, 0.7910175924549652, 0.4667151101015049, 0.23313903892967058, 0.8803304194921143, 62.0, 56.0, 84.0, 23.0, 5.0, 11.0, 46.0, 98.0, 26.0, 44.0, 77.0]
[0.5761737695588612, 0.3254235122918596, 0.760386648472399, 0.40778910181575545, 0.6046018188553847, 0.2853492278235201, 0.5625585789656258, 0.49198849775969145, 0.5051291077656227, 0.1209566562109603, 0.9445892069236986, 0.24049278382257422, 0.7910175924549652, 0.4667151101015049, 0.23313903892967058, 0.8803304194921143, 62.0, 56.0, 84.0, 23.0, 5.0, 11.0, 46.0, 98.0, 26.0, 44.0, 77.0]
[0.5761737695588612, 0.3254235122918596, 0.760386648472399, 0.40778910181575545, 0.6046018188553847, 0.2853492278235201, 0.5625585789656258, 0.49198849775969145, 0.5051291077656227, 0.1209566562109603, 0.9445892069236986, 0.24049278382257422, 0.7910175924549652, 0.4667151101015049, 0.23313903892967058, 0.8803304194921143, 62.0, 56.0, 84.0, 23.0, 5.0, 11.0, 46.0, 98.0, 26.0, 44.0, 77.0]
[0.5761737695588612, 0.3254235122918596, 0.760386648472399, 0.40778910181575545, 0.6046018188553847, 0.2853492278235201, 0.5625585789656258, 0.49198849775969145, 0.5051291077656227, 0.1209566562109603, 0.9445892069236986, 0.24049278382257422, 0.7910175924549652, 0.4667151101015049, 0.23313903892967058, 0.8803304194921143, 62.0, 56.0, 84.0, 23.0, 5.0, 11.0, 46.0, 98.0, 26.0, 44.0, 77.0]
[0.5761737695588612, 0.3254235122918596, 0.760386648472399, 0.40778910181575545, 0.6046018188553847, 0.2853492278235201, 0.5625585789656258, 0.49198849775969145, 0.5051291077656227, 0.1209566562109603, 0.9445892069236986, 0.24049278382257422, 0.7910175924549652, 0.4667151101015049, 0.23313903892967058, 0.8803304194921143, 62.0, 56.0, 84.0, 23.0, 5.0, 11.0, 46.0, 98.0, 26.0, 44.0, 77.0]
[0.5761737695588612, 0.3254235122918596, 0.760386648472399, 0.40778910181575545, 0.6046018188553847, 0.2853492278235201, 0.5625585789656258, 0.49198849775969145, 0.5051291077656227, 0.1209566562109603, 0.9445892069236986, 0.24049278382257422, 0.7910175924549652, 0.4667151101015049, 0.23313903892967058, 0.8803304194921143, 62.0, 56.0, 84.0, 23.0, 5.0, 11.0, 46.0, 98.0, 26.0, 44.0, 77.0]
[0.5761737695588612, 0.3254235122918596, 0.760386648472399, 0.40778910181575545, 0.6046018188553847, 0.2853492278235201, 0.5625585789656258, 0.49198849775969145, 0.5051291077656227, 0.1209566562109603, 0.9445892069236986, 0.24049278382257422, 0.7910175924549652, 0.4667151101015049, 0.23313903892967058, 0.8803304194921143, 62.0, 56.0, 84.0, 23.0, 5.0, 11.0, 46.0, 98.0, 26.0, 44.0, 77.0]
[0.5761737695588612, 0.3254235122918596, 0.760386648472399, 0.40778910181575545, 0.6046018188553847, 0.2853492278235201, 0.5625585789656258, 0.49198849775969145, 0.5051291077656227, 0.1209566562109603, 0.9445892069236986, 0.24049278382257422, 0.7910175924549652, 0.4667151101015049, 0.23313903892967058, 0.8803304194921143, 62.0, 56.0, 84.0, 23.0, 5.0, 11.0, 46.0, 98.0, 26.0, 44.0, 77.0]
[0.5761737695588612, 0.3254235122918596, 0.760386648472399, 0.40778910181575545, 0.6046018188553847, 0.2853492278235201, 0.5625585789656258, 0.49198849775969145, 0.5051291077656227, 0.1209566562109603, 0.9445892069236986, 0.24049278382257422, 0.7910175924549652, 0.4667151101015049, 0.23313903892967058, 0.8803304194921143, 62.0, 56.0, 84.0, 23.0, 5.0, 11.0, 46.0, 98.0, 26.0, 44.0, 77.0]
[0.5761737695588612, 0.3254235122918596, 0.760386648472399, 0.40778910181575545, 0.6046018188553847, 0.2853492278235201, 0.5625585789656258, 0.49198849775969145, 0.5051291077656227, 0.1209566562109603, 0.9445892069236986, 0.24049278382257422, 0.7910175924549652, 0.4667151101015049, 0.23313903892967058, 0.8803304194921143, 62.0, 56.0, 84.0, 23.0, 5.0, 11.0, 46.0, 98.0, 26.0, 44.0, 77.0]
[0.5761737695588612, 0.3254235122918596, 0.760386648472399, 0.40778910181575545, 0.6046018188553847, 0.2853492278235201, 0.5625585789656258, 0.49198849775969145, 0.5051291077656227, 0.1209566562109603, 0.9445892069236986, 0.24049278382257422, 0.7910175924549652, 0.4667151101015049, 0.23313903892967058, 0.8803304194921143, 62.0, 56.0, 84.0, 23.0, 5.0, 11.0, 46.0, 98.0, 26.0, 44.0, 77.0]
[0.5761737695588612, 0.3254235122918596, 0.760386648472399, 0.40778910181575545, 0.6046018188553847, 0.2853492278235201, 0.5625585789656258, 0.49198849775969145, 0.5051291077656227, 0.1209566562109603, 0.9445892069236986, 0.24049278382257422, 0.7910175924549652, 0.4667151101015049, 0.23313903892967058, 0.8803304194921143, 62.0, 56.0, 84.0, 23.0, 5.0, 11.0, 46.0, 98.0, 26.0, 44.0, 77.0]
[0.5761737695588612, 0.3254235122918596, 0.760386648472399, 0.40778910181575545, 0.6046018188553847, 0.2853492278235201, 0.5625585789656258, 0.49198849775969145, 0.5051291077656227, 0.1209566562109603, 0.9445892069236986, 0.24049278382257422, 0.7910175924549652, 0.4667151101015049, 0.23313903892967058, 0.8803304194921143, 62.0, 56.0, 84.0, 23.0, 5.0, 11.0, 46.0, 98.0, 26.0, 44.0, 77.0]
[0.5761737695588612, 0.3254235122918596, 0.760386648472399, 0.40778910181575545, 0.6046018188553847, 0.2853492278235201, 0.5625585789656258, 0.49198849775969145, 0.5051291077656227, 0.1209566562109603, 0.9445892069236986, 0.24049278382257422, 0.7910175924549652, 0.4667151101015049, 0.23313903892967058, 0.8803304194921143, 62.0, 56.0, 84.0, 23.0, 5.0, 11.0, 46.0, 98.0, 26.0, 44.0, 77.0]
[0.5761737695588612, 0.3254235122918596, 0.760386648472399, 0.40778910181575545, 0.6046018188553847, 0.2853492278235201, 0.5625585789656258, 0.49198849775969145, 0.5051291077656227, 0.1209566562109603, 0.9445892069236986, 0.24049278382257422, 0.7910175924549652, 0.4667151101015049, 0.23313903892967058, 0.8803304194921143, 62.0, 56.0, 84.0, 23.0, 5.0, 11.0, 46.0, 98.0, 26.0, 44.0, 77.0]
[7.924528301886795, 30.0, 13.018867924528301, 5.0, 29.905660377358487, 27.608695652173914, 10.0, 12.608695652173914, 30.0, 0.21739130434782794]
[0.5761737695588612, 0.3254235122918596, 0.760386648472399, 0.40778910181575545, 0.6046018188553847, 0.2853492278235201, 0.5625585789656258, 0.49198849775969145, 0.5051291077656227, 0.1209566562109603, 0.9445892069236986, 0.24049278382257422, 0.7910175924549652, 0.4667151101015049, 0.23313903892967058, 0.8803304194921143, 62.0, 56.0, 84.0, 23.0, 5.0, 11.0, 46.0, 98.0, 26.0, 44.0, 77.0]
particle 13 is updating position
due to fitness value of: 
[7.924528301886795, 30.0, 13.018867924528301, 5.0, 29.905660377358487, 27.608695652173914, 10.0, 12.608695652173914, 30.0, 0.21739130434782794]
which is less than: 
[7.924528301886795, 30.0, 13.018867924528301, 5.0, 29.905660377358487, 27.608695652173914, 10.0, 12.608695652173914, 30.0, 0.21739130434782794]


[0.5761737695588612, 0.3254235122918596, 0.760386648472399, 0.40778910181575545, 0.6046018188553847, 0.2853492278235201, 0.5625585789656258, 0.49198849775969145, 0.5051291077656227, 0.1209566562109603, 0.9445892069236986, 0.24049278382257422, 0.7910175924549652, 0.4667151101015049, 0.23313903892967058, 0.8803304194921143, 62.0, 56.0, 84.0, 23.0, 5.0, 11.0, 46.0, 98.0, 26.0, 44.0, 77.0]
[0.5761737695588612, 0.3254235122918596, 0.760386648472399, 0.40778910181575545, 0.6046018188553847, 0.2853492278235201, 0.5625585789656258, 0.49198849775969145, 0.5051291077656227, 0.1209566562109603, 0.9445892069236986, 0.24049278382257422, 0.7910175924549652, 0.4667151101015049, 0.23313903892967058, 0.8803304194921143, 62.0, 56.0, 84.0, 23.0, 5.0, 11.0, 46.0, 98.0, 26.0, 44.0, 77.0]
Iteration 1
Best Fitness
[7.924528301886795, 30.0, 13.018867924528301, 5.0, 29.905660377358487, 27.608695652173914, 10.0, 12.608695652173914, 30.0, 0.21739130434782794]
Best Position
[0.5761737695588612, 0.3254235122918596, 0.760386648472399, 0.40778910181575545, 0.6046018188553847, 0.2853492278235201, 0.5625585789656258, 0.49198849775969145, 0.5051291077656227, 0.1209566562109603, 0.9445892069236986, 0.24049278382257422, 0.7910175924549652, 0.4667151101015049, 0.23313903892967058, 0.8803304194921143, 62.0, 56.0, 84.0, 23.0, 5.0, 11.0, 46.0, 98.0, 26.0, 44.0, 77.0]

-------------

Current fitness of particle 0:
 [40.0, 30.0, 20.0, 20.471698113207548, 69.52830188679245, 5.0, 10.0, 20.0, 6.086956521739129, 41.08695652173914]

Current fitness of particle 1:
 [40.0, 30.0, 20.0, 5.0, 95.0, 5.0, 10.0, 20.0, 30.0, 65.0]

Current fitness of particle 2:
 [40.0, 30.0, 20.0, 5.0, 95.0, 5.0, 10.0, 20.0, 30.0, 65.0]

Current fitness of particle 3:
 [37.16981132075472, 30.0, 1.6981132075471699, 4.056603773584905, 69.52830188679245, 1.7391304347826089, 10.0, 0.6521739130434767, 30.0, 41.08695652173914]

Current fitness of particle 4:
 [40.0, 30.0, 20.0, 5.0, 95.0, 5.0, 10.0, 20.0, 30.0, 65.0]

Current fitness of particle 5:
 [40.0, 30.0, 20.0, 5.0, 95.0, 5.0, 10.0, 20.0, 30.0, 65.0]

Current fitness of particle 6:
 [40.0, 30.0, 19.056603773584907, 29.905660377358487, 59.15094339622641, 5.0, 10.0, 20.0, 13.478260869565219, 21.52173913043478]

Current fitness of particle 7:
 [39.056603773584904, 30.0, 10.566037735849056, 9.150943396226415, 70.47169811320755, 2.8260869565217392, 10.0, 15.652173913043478, 12.608695652173914, 41.08695652173914]

Current fitness of particle 8:
 [37.16981132075472, 30.0, 1.6981132075471699, 5.0, 70.47169811320755, 1.7391304347826089, 10.0, 0.6521739130434767, 30.0, 41.08695652173914]

Current fitness of particle 9:
 [36.22641509433962, 30.0, 1.6981132075471699, 5.3773584905660385, 59.15094339622641, 1.7391304347826089, 10.0, 0.6521739130434767, 10.434782608695652, 21.52173913043478]

Current fitness of particle 10:
 [40.0, 30.0, 20.0, 95.0, 5.0, 5.0, 10.0, 20.0, 70.0, 35.0]

Current fitness of particle 11:
 [17.358490566037734, 30.0, 9.245283018867923, 5.0, 43.113207547169814, 16.73913043478261, 10.0, 5.0, 30.0, 18.260869565217398]

Current fitness of particle 12:
 [40.0, 30.0, 20.0, 30.849056603773583, 59.15094339622641, 5.0, 10.0, 20.0, 13.478260869565219, 21.52173913043478]

Current fitness of particle 13:
 [7.924528301886795, 30.0, 13.018867924528301, 5.0, 29.905660377358487, 27.608695652173914, 10.0, 12.608695652173914, 30.0, 0.21739130434782794]

Current fitness of particle 14:
 [40.0, 30.0, 20.0, 5.0, 95.0, 5.0, 10.0, 20.0, 30.0, 65.0]

[0.5761737695588612, 0.3254235122918596, 0.760386648472399, 0.40778910181575545, 0.6046018188553847, 0.2853492278235201, 0.5625585789656258, 0.49198849775969145, 0.5051291077656227, 0.1209566562109603, 0.9445892069236986, 0.24049278382257422, 0.7910175924549652, 0.4667151101015049, 0.23313903892967058, 0.8803304194921143, 62.0, 56.0, 84.0, 23.0, 5.0, 11.0, 46.0, 98.0, 26.0, 44.0, 77.0]
[0.5761737695588612, 0.3254235122918596, 0.760386648472399, 0.40778910181575545, 0.6046018188553847, 0.2853492278235201, 0.5625585789656258, 0.49198849775969145, 0.5051291077656227, 0.1209566562109603, 0.9445892069236986, 0.24049278382257422, 0.7910175924549652, 0.4667151101015049, 0.23313903892967058, 0.8803304194921143, 62.0, 56.0, 84.0, 23.0, 5.0, 11.0, 46.0, 98.0, 26.0, 44.0, 77.0]
[0.5761737695588612, 0.3254235122918596, 0.760386648472399, 0.40778910181575545, 0.6046018188553847, 0.2853492278235201, 0.5625585789656258, 0.49198849775969145, 0.5051291077656227, 0.1209566562109603, 0.9445892069236986, 0.24049278382257422, 0.7910175924549652, 0.4667151101015049, 0.23313903892967058, 0.8803304194921143, 62.0, 56.0, 84.0, 23.0, 5.0, 11.0, 46.0, 98.0, 26.0, 44.0, 77.0]
[0.5761737695588612, 0.3254235122918596, 0.760386648472399, 0.40778910181575545, 0.6046018188553847, 0.2853492278235201, 0.5625585789656258, 0.49198849775969145, 0.5051291077656227, 0.1209566562109603, 0.9445892069236986, 0.24049278382257422, 0.7910175924549652, 0.4667151101015049, 0.23313903892967058, 0.8803304194921143, 62.0, 56.0, 84.0, 23.0, 5.0, 11.0, 46.0, 98.0, 26.0, 44.0, 77.0]
[0.5761737695588612, 0.3254235122918596, 0.760386648472399, 0.40778910181575545, 0.6046018188553847, 0.2853492278235201, 0.5625585789656258, 0.49198849775969145, 0.5051291077656227, 0.1209566562109603, 0.9445892069236986, 0.24049278382257422, 0.7910175924549652, 0.4667151101015049, 0.23313903892967058, 0.8803304194921143, 62.0, 56.0, 84.0, 23.0, 5.0, 11.0, 46.0, 98.0, 26.0, 44.0, 77.0]
[0.5761737695588612, 0.3254235122918596, 0.760386648472399, 0.40778910181575545, 0.6046018188553847, 0.2853492278235201, 0.5625585789656258, 0.49198849775969145, 0.5051291077656227, 0.1209566562109603, 0.9445892069236986, 0.24049278382257422, 0.7910175924549652, 0.4667151101015049, 0.23313903892967058, 0.8803304194921143, 62.0, 56.0, 84.0, 23.0, 5.0, 11.0, 46.0, 98.0, 26.0, 44.0, 77.0]
[0.5761737695588612, 0.3254235122918596, 0.760386648472399, 0.40778910181575545, 0.6046018188553847, 0.2853492278235201, 0.5625585789656258, 0.49198849775969145, 0.5051291077656227, 0.1209566562109603, 0.9445892069236986, 0.24049278382257422, 0.7910175924549652, 0.4667151101015049, 0.23313903892967058, 0.8803304194921143, 62.0, 56.0, 84.0, 23.0, 5.0, 11.0, 46.0, 98.0, 26.0, 44.0, 77.0]
[0.5761737695588612, 0.3254235122918596, 0.760386648472399, 0.40778910181575545, 0.6046018188553847, 0.2853492278235201, 0.5625585789656258, 0.49198849775969145, 0.5051291077656227, 0.1209566562109603, 0.9445892069236986, 0.24049278382257422, 0.7910175924549652, 0.4667151101015049, 0.23313903892967058, 0.8803304194921143, 62.0, 56.0, 84.0, 23.0, 5.0, 11.0, 46.0, 98.0, 26.0, 44.0, 77.0]
[0.5761737695588612, 0.3254235122918596, 0.760386648472399, 0.40778910181575545, 0.6046018188553847, 0.2853492278235201, 0.5625585789656258, 0.49198849775969145, 0.5051291077656227, 0.1209566562109603, 0.9445892069236986, 0.24049278382257422, 0.7910175924549652, 0.4667151101015049, 0.23313903892967058, 0.8803304194921143, 62.0, 56.0, 84.0, 23.0, 5.0, 11.0, 46.0, 98.0, 26.0, 44.0, 77.0]
[0.5761737695588612, 0.3254235122918596, 0.760386648472399, 0.40778910181575545, 0.6046018188553847, 0.2853492278235201, 0.5625585789656258, 0.49198849775969145, 0.5051291077656227, 0.1209566562109603, 0.9445892069236986, 0.24049278382257422, 0.7910175924549652, 0.4667151101015049, 0.23313903892967058, 0.8803304194921143, 62.0, 56.0, 84.0, 23.0, 5.0, 11.0, 46.0, 98.0, 26.0, 44.0, 77.0]
[0.5761737695588612, 0.3254235122918596, 0.760386648472399, 0.40778910181575545, 0.6046018188553847, 0.2853492278235201, 0.5625585789656258, 0.49198849775969145, 0.5051291077656227, 0.1209566562109603, 0.9445892069236986, 0.24049278382257422, 0.7910175924549652, 0.4667151101015049, 0.23313903892967058, 0.8803304194921143, 62.0, 56.0, 84.0, 23.0, 5.0, 11.0, 46.0, 98.0, 26.0, 44.0, 77.0]
[0.5761737695588612, 0.3254235122918596, 0.760386648472399, 0.40778910181575545, 0.6046018188553847, 0.2853492278235201, 0.5625585789656258, 0.49198849775969145, 0.5051291077656227, 0.1209566562109603, 0.9445892069236986, 0.24049278382257422, 0.7910175924549652, 0.4667151101015049, 0.23313903892967058, 0.8803304194921143, 62.0, 56.0, 84.0, 23.0, 5.0, 11.0, 46.0, 98.0, 26.0, 44.0, 77.0]
[0.5761737695588612, 0.3254235122918596, 0.760386648472399, 0.40778910181575545, 0.6046018188553847, 0.2853492278235201, 0.5625585789656258, 0.49198849775969145, 0.5051291077656227, 0.1209566562109603, 0.9445892069236986, 0.24049278382257422, 0.7910175924549652, 0.4667151101015049, 0.23313903892967058, 0.8803304194921143, 62.0, 56.0, 84.0, 23.0, 5.0, 11.0, 46.0, 98.0, 26.0, 44.0, 77.0]
[0.5761737695588612, 0.3254235122918596, 0.760386648472399, 0.40778910181575545, 0.6046018188553847, 0.2853492278235201, 0.5625585789656258, 0.49198849775969145, 0.5051291077656227, 0.1209566562109603, 0.9445892069236986, 0.24049278382257422, 0.7910175924549652, 0.4667151101015049, 0.23313903892967058, 0.8803304194921143, 62.0, 56.0, 84.0, 23.0, 5.0, 11.0, 46.0, 98.0, 26.0, 44.0, 77.0]
[0.5761737695588612, 0.3254235122918596, 0.760386648472399, 0.40778910181575545, 0.6046018188553847, 0.2853492278235201, 0.5625585789656258, 0.49198849775969145, 0.5051291077656227, 0.1209566562109603, 0.9445892069236986, 0.24049278382257422, 0.7910175924549652, 0.4667151101015049, 0.23313903892967058, 0.8803304194921143, 62.0, 56.0, 84.0, 23.0, 5.0, 11.0, 46.0, 98.0, 26.0, 44.0, 77.0]
[7.924528301886795, 30.0, 13.018867924528301, 5.0, 29.905660377358487, 27.608695652173914, 10.0, 12.608695652173914, 30.0, 0.21739130434782794]
[0.5761737695588612, 0.3254235122918596, 0.760386648472399, 0.40778910181575545, 0.6046018188553847, 0.2853492278235201, 0.5625585789656258, 0.49198849775969145, 0.5051291077656227, 0.1209566562109603, 0.9445892069236986, 0.24049278382257422, 0.7910175924549652, 0.4667151101015049, 0.23313903892967058, 0.8803304194921143, 62.0, 56.0, 84.0, 23.0, 5.0, 11.0, 46.0, 98.0, 26.0, 44.0, 77.0]
particle 13 is updating position
due to fitness value of: 
[7.924528301886795, 30.0, 13.018867924528301, 5.0, 29.905660377358487, 27.608695652173914, 10.0, 12.608695652173914, 30.0, 0.21739130434782794]
which is less than: 
[7.924528301886795, 30.0, 13.018867924528301, 5.0, 29.905660377358487, 27.608695652173914, 10.0, 12.608695652173914, 30.0, 0.21739130434782794]


[0.5761737695588612, 0.3254235122918596, 0.760386648472399, 0.40778910181575545, 0.6046018188553847, 0.2853492278235201, 0.5625585789656258, 0.49198849775969145, 0.5051291077656227, 0.1209566562109603, 0.9445892069236986, 0.24049278382257422, 0.7910175924549652, 0.4667151101015049, 0.23313903892967058, 0.8803304194921143, 62.0, 56.0, 84.0, 23.0, 5.0, 11.0, 46.0, 98.0, 26.0, 44.0, 77.0]
[0.5761737695588612, 0.3254235122918596, 0.760386648472399, 0.40778910181575545, 0.6046018188553847, 0.2853492278235201, 0.5625585789656258, 0.49198849775969145, 0.5051291077656227, 0.1209566562109603, 0.9445892069236986, 0.24049278382257422, 0.7910175924549652, 0.4667151101015049, 0.23313903892967058, 0.8803304194921143, 62.0, 56.0, 84.0, 23.0, 5.0, 11.0, 46.0, 98.0, 26.0, 44.0, 77.0]
Iteration 2
Best Fitness
[7.924528301886795, 30.0, 13.018867924528301, 5.0, 29.905660377358487, 27.608695652173914, 10.0, 12.608695652173914, 30.0, 0.21739130434782794]
Best Position
[0.5761737695588612, 0.3254235122918596, 0.760386648472399, 0.40778910181575545, 0.6046018188553847, 0.2853492278235201, 0.5625585789656258, 0.49198849775969145, 0.5051291077656227, 0.1209566562109603, 0.9445892069236986, 0.24049278382257422, 0.7910175924549652, 0.4667151101015049, 0.23313903892967058, 0.8803304194921143, 62.0, 56.0, 84.0, 23.0, 5.0, 11.0, 46.0, 98.0, 26.0, 44.0, 77.0]

-------------

Current fitness of particle 0:
 [17.547169811320757, 12.452830188679243, 20.0, 5.0, 5.0, 46.08695652173913, 38.91304347826087, 20.0, 30.0, 35.0]

Current fitness of particle 1:
 [40.0, 30.0, 20.0, 5.0, 95.0, 5.0, 10.0, 20.0, 30.0, 65.0]

Current fitness of particle 2:
 [40.0, 30.0, 20.0, 5.0, 95.0, 5.0, 10.0, 20.0, 30.0, 65.0]

Current fitness of particle 3:
 [40.0, 30.0, 20.0, 5.0, 95.0, 5.0, 10.0, 20.0, 30.0, 65.0]

Current fitness of particle 4:
 [40.0, 30.0, 20.0, 5.0, 95.0, 5.0, 10.0, 20.0, 30.0, 65.0]

Current fitness of particle 5:
 [40.0, 30.0, 20.0, 95.0, 5.0, 5.0, 10.0, 20.0, 70.0, 35.0]

Current fitness of particle 6:
 [36.22641509433962, 30.0, 11.132075471698112, 4.056603773584905, 59.15094339622641, 0.43478260869565233, 10.0, 18.04347826086957, 30.0, 21.52173913043478]

Current fitness of particle 7:
 [40.0, 30.0, 20.0, 5.0, 95.0, 5.0, 10.0, 20.0, 30.0, 65.0]

Current fitness of particle 8:
 [17.547169811320757, 30.0, 22.452830188679243, 5.0, 5.0, 46.08695652173913, 10.0, 28.913043478260867, 30.0, 35.0]

Current fitness of particle 9:
 [36.22641509433962, 30.0, 1.6981132075471699, 5.3773584905660385, 59.15094339622641, 1.7391304347826089, 10.0, 0.6521739130434767, 10.434782608695652, 21.52173913043478]

Current fitness of particle 10:
 [18.30188679245283, 30.0, 9.245283018867923, 44.056603773584904, 5.0, 16.73913043478261, 10.0, 5.0, 23.260869565217398, 35.0]

Current fitness of particle 11:
 [40.0, 30.0, 20.0, 30.849056603773583, 59.15094339622641, 5.0, 10.0, 18.91304347826087, 12.391304347826086, 21.52173913043478]

Current fitness of particle 12:
 [40.0, 30.0, 20.0, 5.0, 95.0, 5.0, 10.0, 20.0, 30.0, 65.0]

Current fitness of particle 13:
 [7.924528301886795, 30.0, 13.018867924528301, 5.0, 29.905660377358487, 27.608695652173914, 10.0, 12.608695652173914, 30.0, 0.21739130434782794]

Current fitness of particle 14:
 [40.0, 30.0, 20.0, 5.0, 95.0, 5.0, 10.0, 20.0, 30.0, 65.0]

[0.5761737695588612, 0.3254235122918596, 0.760386648472399, 0.40778910181575545, 0.6046018188553847, 0.2853492278235201, 0.5625585789656258, 0.49198849775969145, 0.5051291077656227, 0.1209566562109603, 0.9445892069236986, 0.24049278382257422, 0.7910175924549652, 0.4667151101015049, 0.23313903892967058, 0.8803304194921143, 62.0, 56.0, 84.0, 23.0, 5.0, 11.0, 46.0, 98.0, 26.0, 44.0, 77.0]
[0.5761737695588612, 0.3254235122918596, 0.760386648472399, 0.40778910181575545, 0.6046018188553847, 0.2853492278235201, 0.5625585789656258, 0.49198849775969145, 0.5051291077656227, 0.1209566562109603, 0.9445892069236986, 0.24049278382257422, 0.7910175924549652, 0.4667151101015049, 0.23313903892967058, 0.8803304194921143, 62.0, 56.0, 84.0, 23.0, 5.0, 11.0, 46.0, 98.0, 26.0, 44.0, 77.0]
[0.5761737695588612, 0.3254235122918596, 0.760386648472399, 0.40778910181575545, 0.6046018188553847, 0.2853492278235201, 0.5625585789656258, 0.49198849775969145, 0.5051291077656227, 0.1209566562109603, 0.9445892069236986, 0.24049278382257422, 0.7910175924549652, 0.4667151101015049, 0.23313903892967058, 0.8803304194921143, 62.0, 56.0, 84.0, 23.0, 5.0, 11.0, 46.0, 98.0, 26.0, 44.0, 77.0]
[0.5761737695588612, 0.3254235122918596, 0.760386648472399, 0.40778910181575545, 0.6046018188553847, 0.2853492278235201, 0.5625585789656258, 0.49198849775969145, 0.5051291077656227, 0.1209566562109603, 0.9445892069236986, 0.24049278382257422, 0.7910175924549652, 0.4667151101015049, 0.23313903892967058, 0.8803304194921143, 62.0, 56.0, 84.0, 23.0, 5.0, 11.0, 46.0, 98.0, 26.0, 44.0, 77.0]
[0.5761737695588612, 0.3254235122918596, 0.760386648472399, 0.40778910181575545, 0.6046018188553847, 0.2853492278235201, 0.5625585789656258, 0.49198849775969145, 0.5051291077656227, 0.1209566562109603, 0.9445892069236986, 0.24049278382257422, 0.7910175924549652, 0.4667151101015049, 0.23313903892967058, 0.8803304194921143, 62.0, 56.0, 84.0, 23.0, 5.0, 11.0, 46.0, 98.0, 26.0, 44.0, 77.0]
[0.5761737695588612, 0.3254235122918596, 0.760386648472399, 0.40778910181575545, 0.6046018188553847, 0.2853492278235201, 0.5625585789656258, 0.49198849775969145, 0.5051291077656227, 0.1209566562109603, 0.9445892069236986, 0.24049278382257422, 0.7910175924549652, 0.4667151101015049, 0.23313903892967058, 0.8803304194921143, 62.0, 56.0, 84.0, 23.0, 5.0, 11.0, 46.0, 98.0, 26.0, 44.0, 77.0]
[0.5761737695588612, 0.3254235122918596, 0.760386648472399, 0.40778910181575545, 0.6046018188553847, 0.2853492278235201, 0.5625585789656258, 0.49198849775969145, 0.5051291077656227, 0.1209566562109603, 0.9445892069236986, 0.24049278382257422, 0.7910175924549652, 0.4667151101015049, 0.23313903892967058, 0.8803304194921143, 62.0, 56.0, 84.0, 23.0, 5.0, 11.0, 46.0, 98.0, 26.0, 44.0, 77.0]
[0.5761737695588612, 0.3254235122918596, 0.760386648472399, 0.40778910181575545, 0.6046018188553847, 0.2853492278235201, 0.5625585789656258, 0.49198849775969145, 0.5051291077656227, 0.1209566562109603, 0.9445892069236986, 0.24049278382257422, 0.7910175924549652, 0.4667151101015049, 0.23313903892967058, 0.8803304194921143, 62.0, 56.0, 84.0, 23.0, 5.0, 11.0, 46.0, 98.0, 26.0, 44.0, 77.0]
[0.5761737695588612, 0.3254235122918596, 0.760386648472399, 0.40778910181575545, 0.6046018188553847, 0.2853492278235201, 0.5625585789656258, 0.49198849775969145, 0.5051291077656227, 0.1209566562109603, 0.9445892069236986, 0.24049278382257422, 0.7910175924549652, 0.4667151101015049, 0.23313903892967058, 0.8803304194921143, 62.0, 56.0, 84.0, 23.0, 5.0, 11.0, 46.0, 98.0, 26.0, 44.0, 77.0]
[0.5761737695588612, 0.3254235122918596, 0.760386648472399, 0.40778910181575545, 0.6046018188553847, 0.2853492278235201, 0.5625585789656258, 0.49198849775969145, 0.5051291077656227, 0.1209566562109603, 0.9445892069236986, 0.24049278382257422, 0.7910175924549652, 0.4667151101015049, 0.23313903892967058, 0.8803304194921143, 62.0, 56.0, 84.0, 23.0, 5.0, 11.0, 46.0, 98.0, 26.0, 44.0, 77.0]
[0.5761737695588612, 0.3254235122918596, 0.760386648472399, 0.40778910181575545, 0.6046018188553847, 0.2853492278235201, 0.5625585789656258, 0.49198849775969145, 0.5051291077656227, 0.1209566562109603, 0.9445892069236986, 0.24049278382257422, 0.7910175924549652, 0.4667151101015049, 0.23313903892967058, 0.8803304194921143, 62.0, 56.0, 84.0, 23.0, 5.0, 11.0, 46.0, 98.0, 26.0, 44.0, 77.0]
[0.5761737695588612, 0.3254235122918596, 0.760386648472399, 0.40778910181575545, 0.6046018188553847, 0.2853492278235201, 0.5625585789656258, 0.49198849775969145, 0.5051291077656227, 0.1209566562109603, 0.9445892069236986, 0.24049278382257422, 0.7910175924549652, 0.4667151101015049, 0.23313903892967058, 0.8803304194921143, 62.0, 56.0, 84.0, 23.0, 5.0, 11.0, 46.0, 98.0, 26.0, 44.0, 77.0]
[0.5761737695588612, 0.3254235122918596, 0.760386648472399, 0.40778910181575545, 0.6046018188553847, 0.2853492278235201, 0.5625585789656258, 0.49198849775969145, 0.5051291077656227, 0.1209566562109603, 0.9445892069236986, 0.24049278382257422, 0.7910175924549652, 0.4667151101015049, 0.23313903892967058, 0.8803304194921143, 62.0, 56.0, 84.0, 23.0, 5.0, 11.0, 46.0, 98.0, 26.0, 44.0, 77.0]
[0.5761737695588612, 0.3254235122918596, 0.760386648472399, 0.40778910181575545, 0.6046018188553847, 0.2853492278235201, 0.5625585789656258, 0.49198849775969145, 0.5051291077656227, 0.1209566562109603, 0.9445892069236986, 0.24049278382257422, 0.7910175924549652, 0.4667151101015049, 0.23313903892967058, 0.8803304194921143, 62.0, 56.0, 84.0, 23.0, 5.0, 11.0, 46.0, 98.0, 26.0, 44.0, 77.0]
[0.5761737695588612, 0.3254235122918596, 0.760386648472399, 0.40778910181575545, 0.6046018188553847, 0.2853492278235201, 0.5625585789656258, 0.49198849775969145, 0.5051291077656227, 0.1209566562109603, 0.9445892069236986, 0.24049278382257422, 0.7910175924549652, 0.4667151101015049, 0.23313903892967058, 0.8803304194921143, 62.0, 56.0, 84.0, 23.0, 5.0, 11.0, 46.0, 98.0, 26.0, 44.0, 77.0]
[7.924528301886795, 30.0, 13.018867924528301, 5.0, 29.905660377358487, 27.608695652173914, 10.0, 12.608695652173914, 30.0, 0.21739130434782794]
[0.5761737695588612, 0.3254235122918596, 0.760386648472399, 0.40778910181575545, 0.6046018188553847, 0.2853492278235201, 0.5625585789656258, 0.49198849775969145, 0.5051291077656227, 0.1209566562109603, 0.9445892069236986, 0.24049278382257422, 0.7910175924549652, 0.4667151101015049, 0.23313903892967058, 0.8803304194921143, 62.0, 56.0, 84.0, 23.0, 5.0, 11.0, 46.0, 98.0, 26.0, 44.0, 77.0]
particle 3 is updating position
due to fitness value of: 
[4.150943396226417, 30.0, 6.7924528301886795, 45.943396226415096, 5.0, 24.347826086956523, 10.0, 3.913043478260871, 16.73913043478261, 35.0]
which is less than: 
[7.924528301886795, 30.0, 13.018867924528301, 5.0, 29.905660377358487, 27.608695652173914, 10.0, 12.608695652173914, 30.0, 0.21739130434782794]


[1.0, 0.5148345367787758, 0.5916707531777007, 0.5806992501089292, 1.0, 0.001, 0.5871762139453647, 0.4767688650237937, 0.17778926712224297, 0.001, 1.0, 0.7852585112633188, 1.0, 0.7722791319665524, 0.001, 1.0, 36.50002976580484, 100.0, 100.0, 33.87440625912471, 0.001, 1.2723349222743394, 81.76136224382292, 100.0, 52.74724068418361, 25.398110554249218, 100.0]
[1.0, 0.5148345367787758, 0.5916707531777007, 0.5806992501089292, 1.0, 0.001, 0.5871762139453647, 0.4767688650237937, 0.17778926712224297, 0.001, 1.0, 0.7852585112633188, 1.0, 0.7722791319665524, 0.001, 1.0, 36.50002976580484, 100.0, 100.0, 33.87440625912471, 0.001, 1.2723349222743394, 81.76136224382292, 100.0, 52.74724068418361, 25.398110554249218, 100.0]
particle 5 is updating position
due to fitness value of: 
[4.150943396226417, 30.0, 6.7924528301886795, 5.0, 45.943396226415096, 24.347826086956523, 10.0, 3.913043478260871, 30.0, 11.73913043478261]
which is less than: 
[4.150943396226417, 30.0, 6.7924528301886795, 45.943396226415096, 5.0, 24.347826086956523, 10.0, 3.913043478260871, 16.73913043478261, 35.0]


[0.8737405997614394, 0.010603821688290327, 1.0, 0.49747032571479294, 1.0, 0.001, 0.7346821410111535, 0.6790340366654237, 1.0, 0.001, 1.0, 0.4455534025560587, 1.0, 0.8822463882526317, 0.003690635029067968, 1.0, 39.09693336300679, 77.0753037596473, 100.0, 7.8866218050354036, 0.001, 0.001, 43.46924871368261, 100.0, 100.0, 64.56308884278977, 88.36076351935537]
[0.8737405997614394, 0.010603821688290327, 1.0, 0.49747032571479294, 1.0, 0.001, 0.7346821410111535, 0.6790340366654237, 1.0, 0.001, 1.0, 0.4455534025560587, 1.0, 0.8822463882526317, 0.003690635029067968, 1.0, 39.09693336300679, 77.0753037596473, 100.0, 7.8866218050354036, 0.001, 0.001, 43.46924871368261, 100.0, 100.0, 64.56308884278977, 88.36076351935537]
Iteration 3
Best Fitness
[4.150943396226417, 30.0, 6.7924528301886795, 5.0, 45.943396226415096, 24.347826086956523, 10.0, 3.913043478260871, 30.0, 11.73913043478261]
Best Position
[0.8737405997614394, 0.010603821688290327, 1.0, 0.49747032571479294, 1.0, 0.001, 0.7346821410111535, 0.6790340366654237, 1.0, 0.001, 1.0, 0.4455534025560587, 1.0, 0.8822463882526317, 0.003690635029067968, 1.0, 39.09693336300679, 77.0753037596473, 100.0, 7.8866218050354036, 0.001, 0.001, 43.46924871368261, 100.0, 100.0, 64.56308884278977, 88.36076351935537]

-------------

Current fitness of particle 0:
 [40.0, 30.0, 20.0, 5.0, 95.0, 5.0, 10.0, 20.0, 30.0, 65.0]

Current fitness of particle 1:
 [35.283018867924525, 30.0, 11.132075471698112, 5.0, 59.15094339622641, 0.43478260869565233, 10.0, 16.95652173913043, 30.0, 22.608695652173914]

Current fitness of particle 2:
 [17.547169811320757, 8.30188679245283, 0.7547169811320771, 5.0, 5.0, 46.08695652173913, 10.652173913043477, 8.26086956521739, 30.0, 35.0]

Current fitness of particle 3:
 [4.150943396226417, 30.0, 6.7924528301886795, 45.943396226415096, 5.0, 24.347826086956523, 10.0, 3.913043478260871, 16.73913043478261, 35.0]

Current fitness of particle 4:
 [40.0, 30.0, 20.0, 95.0, 5.0, 5.0, 10.0, 20.0, 70.0, 35.0]

Current fitness of particle 5:
 [4.150943396226417, 30.0, 6.7924528301886795, 5.0, 45.943396226415096, 24.347826086956523, 10.0, 3.913043478260871, 30.0, 11.73913043478261]

Current fitness of particle 6:
 [17.547169811320757, 0.7547169811320771, 6.7924528301886795, 5.0, 5.0, 46.08695652173913, 15.0, 3.913043478260871, 30.0, 35.0]

Current fitness of particle 7:
 [39.056603773584904, 30.0, 20.0, 5.0, 94.05660377358491, 3.9130434782608696, 8.91304347826087, 20.0, 30.0, 62.826086956521735]

Current fitness of particle 8:
 [40.0, 30.0, 20.0, 5.0, 95.0, 5.0, 10.0, 20.0, 30.0, 65.0]

Current fitness of particle 9:
 [16.60377358490566, 30.0, 22.452830188679243, 4.056603773584905, 5.0, 46.08695652173913, 10.0, 28.913043478260867, 30.0, 35.0]

Current fitness of particle 10:
 [15.471698113207548, 30.0, 18.679245283018872, 31.79245283018868, 5.0, 18.91304347826087, 10.0, 22.391304347826086, 3.6956521739130466, 35.0]

Current fitness of particle 11:
 [17.547169811320757, 30.0, 22.452830188679243, 5.0, 5.0, 46.08695652173913, 10.0, 28.913043478260867, 30.0, 35.0]

Current fitness of particle 12:
 [39.056603773584904, 30.0, 10.566037735849056, 32.735849056603776, 46.886792452830186, 2.8260869565217392, 10.0, 2.608695652173914, 3.6956521739130466, 11.73913043478261]

Current fitness of particle 13:
 [7.924528301886795, 30.0, 13.018867924528301, 5.0, 29.905660377358487, 27.608695652173914, 10.0, 12.608695652173914, 30.0, 0.21739130434782794]

Current fitness of particle 14:
 [17.358490566037734, 0.7547169811320771, 20.0, 5.0, 43.113207547169814, 16.73913043478261, 15.0, 20.0, 30.0, 18.260869565217398]

[0.8737405997614394, 0.010603821688290327, 1.0, 0.49747032571479294, 1.0, 0.001, 0.7346821410111535, 0.6790340366654237, 1.0, 0.001, 1.0, 0.4455534025560587, 1.0, 0.8822463882526317, 0.003690635029067968, 1.0, 39.09693336300679, 77.0753037596473, 100.0, 7.8866218050354036, 0.001, 0.001, 43.46924871368261, 100.0, 100.0, 64.56308884278977, 88.36076351935537]
[0.8737405997614394, 0.010603821688290327, 1.0, 0.49747032571479294, 1.0, 0.001, 0.7346821410111535, 0.6790340366654237, 1.0, 0.001, 1.0, 0.4455534025560587, 1.0, 0.8822463882526317, 0.003690635029067968, 1.0, 39.09693336300679, 77.0753037596473, 100.0, 7.8866218050354036, 0.001, 0.001, 43.46924871368261, 100.0, 100.0, 64.56308884278977, 88.36076351935537]
[0.8737405997614394, 0.010603821688290327, 1.0, 0.49747032571479294, 1.0, 0.001, 0.7346821410111535, 0.6790340366654237, 1.0, 0.001, 1.0, 0.4455534025560587, 1.0, 0.8822463882526317, 0.003690635029067968, 1.0, 39.09693336300679, 77.0753037596473, 100.0, 7.8866218050354036, 0.001, 0.001, 43.46924871368261, 100.0, 100.0, 64.56308884278977, 88.36076351935537]
[0.8737405997614394, 0.010603821688290327, 1.0, 0.49747032571479294, 1.0, 0.001, 0.7346821410111535, 0.6790340366654237, 1.0, 0.001, 1.0, 0.4455534025560587, 1.0, 0.8822463882526317, 0.003690635029067968, 1.0, 39.09693336300679, 77.0753037596473, 100.0, 7.8866218050354036, 0.001, 0.001, 43.46924871368261, 100.0, 100.0, 64.56308884278977, 88.36076351935537]
[0.8737405997614394, 0.010603821688290327, 1.0, 0.49747032571479294, 1.0, 0.001, 0.7346821410111535, 0.6790340366654237, 1.0, 0.001, 1.0, 0.4455534025560587, 1.0, 0.8822463882526317, 0.003690635029067968, 1.0, 39.09693336300679, 77.0753037596473, 100.0, 7.8866218050354036, 0.001, 0.001, 43.46924871368261, 100.0, 100.0, 64.56308884278977, 88.36076351935537]
[0.8737405997614394, 0.010603821688290327, 1.0, 0.49747032571479294, 1.0, 0.001, 0.7346821410111535, 0.6790340366654237, 1.0, 0.001, 1.0, 0.4455534025560587, 1.0, 0.8822463882526317, 0.003690635029067968, 1.0, 39.09693336300679, 77.0753037596473, 100.0, 7.8866218050354036, 0.001, 0.001, 43.46924871368261, 100.0, 100.0, 64.56308884278977, 88.36076351935537]
[0.8737405997614394, 0.010603821688290327, 1.0, 0.49747032571479294, 1.0, 0.001, 0.7346821410111535, 0.6790340366654237, 1.0, 0.001, 1.0, 0.4455534025560587, 1.0, 0.8822463882526317, 0.003690635029067968, 1.0, 39.09693336300679, 77.0753037596473, 100.0, 7.8866218050354036, 0.001, 0.001, 43.46924871368261, 100.0, 100.0, 64.56308884278977, 88.36076351935537]
[0.8737405997614394, 0.010603821688290327, 1.0, 0.49747032571479294, 1.0, 0.001, 0.7346821410111535, 0.6790340366654237, 1.0, 0.001, 1.0, 0.4455534025560587, 1.0, 0.8822463882526317, 0.003690635029067968, 1.0, 39.09693336300679, 77.0753037596473, 100.0, 7.8866218050354036, 0.001, 0.001, 43.46924871368261, 100.0, 100.0, 64.56308884278977, 88.36076351935537]
[0.8737405997614394, 0.010603821688290327, 1.0, 0.49747032571479294, 1.0, 0.001, 0.7346821410111535, 0.6790340366654237, 1.0, 0.001, 1.0, 0.4455534025560587, 1.0, 0.8822463882526317, 0.003690635029067968, 1.0, 39.09693336300679, 77.0753037596473, 100.0, 7.8866218050354036, 0.001, 0.001, 43.46924871368261, 100.0, 100.0, 64.56308884278977, 88.36076351935537]
[0.8737405997614394, 0.010603821688290327, 1.0, 0.49747032571479294, 1.0, 0.001, 0.7346821410111535, 0.6790340366654237, 1.0, 0.001, 1.0, 0.4455534025560587, 1.0, 0.8822463882526317, 0.003690635029067968, 1.0, 39.09693336300679, 77.0753037596473, 100.0, 7.8866218050354036, 0.001, 0.001, 43.46924871368261, 100.0, 100.0, 64.56308884278977, 88.36076351935537]
[0.8737405997614394, 0.010603821688290327, 1.0, 0.49747032571479294, 1.0, 0.001, 0.7346821410111535, 0.6790340366654237, 1.0, 0.001, 1.0, 0.4455534025560587, 1.0, 0.8822463882526317, 0.003690635029067968, 1.0, 39.09693336300679, 77.0753037596473, 100.0, 7.8866218050354036, 0.001, 0.001, 43.46924871368261, 100.0, 100.0, 64.56308884278977, 88.36076351935537]
[0.8737405997614394, 0.010603821688290327, 1.0, 0.49747032571479294, 1.0, 0.001, 0.7346821410111535, 0.6790340366654237, 1.0, 0.001, 1.0, 0.4455534025560587, 1.0, 0.8822463882526317, 0.003690635029067968, 1.0, 39.09693336300679, 77.0753037596473, 100.0, 7.8866218050354036, 0.001, 0.001, 43.46924871368261, 100.0, 100.0, 64.56308884278977, 88.36076351935537]
[0.8737405997614394, 0.010603821688290327, 1.0, 0.49747032571479294, 1.0, 0.001, 0.7346821410111535, 0.6790340366654237, 1.0, 0.001, 1.0, 0.4455534025560587, 1.0, 0.8822463882526317, 0.003690635029067968, 1.0, 39.09693336300679, 77.0753037596473, 100.0, 7.8866218050354036, 0.001, 0.001, 43.46924871368261, 100.0, 100.0, 64.56308884278977, 88.36076351935537]
[0.8737405997614394, 0.010603821688290327, 1.0, 0.49747032571479294, 1.0, 0.001, 0.7346821410111535, 0.6790340366654237, 1.0, 0.001, 1.0, 0.4455534025560587, 1.0, 0.8822463882526317, 0.003690635029067968, 1.0, 39.09693336300679, 77.0753037596473, 100.0, 7.8866218050354036, 0.001, 0.001, 43.46924871368261, 100.0, 100.0, 64.56308884278977, 88.36076351935537]
[0.8737405997614394, 0.010603821688290327, 1.0, 0.49747032571479294, 1.0, 0.001, 0.7346821410111535, 0.6790340366654237, 1.0, 0.001, 1.0, 0.4455534025560587, 1.0, 0.8822463882526317, 0.003690635029067968, 1.0, 39.09693336300679, 77.0753037596473, 100.0, 7.8866218050354036, 0.001, 0.001, 43.46924871368261, 100.0, 100.0, 64.56308884278977, 88.36076351935537]
[4.150943396226417, 30.0, 6.7924528301886795, 5.0, 45.943396226415096, 24.347826086956523, 10.0, 3.913043478260871, 30.0, 11.73913043478261]
[0.8737405997614394, 0.010603821688290327, 1.0, 0.49747032571479294, 1.0, 0.001, 0.7346821410111535, 0.6790340366654237, 1.0, 0.001, 1.0, 0.4455534025560587, 1.0, 0.8822463882526317, 0.003690635029067968, 1.0, 39.09693336300679, 77.0753037596473, 100.0, 7.8866218050354036, 0.001, 0.001, 43.46924871368261, 100.0, 100.0, 64.56308884278977, 88.36076351935537]
particle 5 is updating position
due to fitness value of: 
[4.150943396226417, 30.0, 6.7924528301886795, 5.0, 45.943396226415096, 24.347826086956523, 10.0, 3.913043478260871, 30.0, 11.73913043478261]
which is less than: 
[4.150943396226417, 30.0, 6.7924528301886795, 5.0, 45.943396226415096, 24.347826086956523, 10.0, 3.913043478260871, 30.0, 11.73913043478261]


[0.8737405997614394, 0.010603821688290327, 1.0, 0.49747032571479294, 1.0, 0.001, 0.7346821410111535, 0.6790340366654237, 1.0, 0.001, 1.0, 0.4455534025560587, 1.0, 0.8822463882526317, 0.003690635029067968, 1.0, 39.09693336300679, 77.0753037596473, 100.0, 7.8866218050354036, 0.001, 0.001, 43.46924871368261, 100.0, 100.0, 64.56308884278977, 88.36076351935537]
[0.8737405997614394, 0.010603821688290327, 1.0, 0.49747032571479294, 1.0, 0.001, 0.7346821410111535, 0.6790340366654237, 1.0, 0.001, 1.0, 0.4455534025560587, 1.0, 0.8822463882526317, 0.003690635029067968, 1.0, 39.09693336300679, 77.0753037596473, 100.0, 7.8866218050354036, 0.001, 0.001, 43.46924871368261, 100.0, 100.0, 64.56308884278977, 88.36076351935537]
particle 14 is updating position
due to fitness value of: 
[6.037735849056602, 30.0, 6.7924528301886795, 5.0, 47.83018867924528, 24.347826086956523, 10.0, 3.913043478260871, 30.0, 11.73913043478261]
which is less than: 
[4.150943396226417, 30.0, 6.7924528301886795, 5.0, 45.943396226415096, 24.347826086956523, 10.0, 3.913043478260871, 30.0, 11.73913043478261]


[0.7254811797820513, 0.001, 1.0, 0.3374609091378106, 0.8119610137590335, 0.001, 1.0, 0.8336674958147481, 1.0, 0.001, 1.0, 0.001, 0.8923721251833423, 0.2770605692384287, 0.001, 0.8465980564136953, 0.001, 100.0, 100.0, 0.001, 0.001, 0.001, 42.052753600365946, 100.0, 100.0, 17.522830722991017, 84.40155029078612]
[0.7254811797820513, 0.001, 1.0, 0.3374609091378106, 0.8119610137590335, 0.001, 1.0, 0.8336674958147481, 1.0, 0.001, 1.0, 0.001, 0.8923721251833423, 0.2770605692384287, 0.001, 0.8465980564136953, 0.001, 100.0, 100.0, 0.001, 0.001, 0.001, 42.052753600365946, 100.0, 100.0, 17.522830722991017, 84.40155029078612]
Iteration 4
Best Fitness
[6.037735849056602, 30.0, 6.7924528301886795, 5.0, 47.83018867924528, 24.347826086956523, 10.0, 3.913043478260871, 30.0, 11.73913043478261]
Best Position
[0.7254811797820513, 0.001, 1.0, 0.3374609091378106, 0.8119610137590335, 0.001, 1.0, 0.8336674958147481, 1.0, 0.001, 1.0, 0.001, 0.8923721251833423, 0.2770605692384287, 0.001, 0.8465980564136953, 0.001, 100.0, 100.0, 0.001, 0.001, 0.001, 42.052753600365946, 100.0, 100.0, 17.522830722991017, 84.40155029078612]

-------------

Current fitness of particle 0:
 [40.0, 30.0, 20.0, 5.0, 95.0, 5.0, 10.0, 20.0, 30.0, 65.0]

Current fitness of particle 1:
 [40.0, 30.0, 20.0, 5.0, 95.0, 5.0, 10.0, 20.0, 30.0, 65.0]

Current fitness of particle 2:
 [16.41509433962264, 30.0, 9.245283018867923, 5.0, 42.16981132075472, 16.73913043478261, 10.0, 5.0, 30.0, 18.260869565217398]

Current fitness of particle 3:
 [17.547169811320757, 30.0, 22.452830188679243, 5.0, 5.0, 46.08695652173913, 10.0, 28.913043478260867, 30.0, 35.0]

Current fitness of particle 4:
 [39.056603773584904, 30.0, 20.0, 94.05660377358491, 5.0, 3.9130434782608696, 10.0, 18.91304347826087, 67.82608695652173, 35.0]

Current fitness of particle 5:
 [4.150943396226417, 30.0, 6.7924528301886795, 5.0, 45.943396226415096, 24.347826086956523, 10.0, 3.913043478260871, 30.0, 11.73913043478261]

Current fitness of particle 6:
 [5.094339622641513, 16.79245283018868, 20.0, 5.0, 46.886792452830186, 24.347826086956523, 13.913043478260871, 20.0, 30.0, 11.73913043478261]

Current fitness of particle 7:
 [40.0, 30.0, 20.0, 5.0, 95.0, 5.0, 10.0, 20.0, 30.0, 65.0]

Current fitness of particle 8:
 [40.0, 30.0, 20.0, 5.0, 95.0, 5.0, 10.0, 20.0, 30.0, 65.0]

Current fitness of particle 9:
 [16.60377358490566, 12.452830188679243, 20.0, 5.0, 4.056603773584905, 46.08695652173913, 38.91304347826087, 20.0, 30.0, 35.0]

Current fitness of particle 10:
 [8.113207547169814, 30.0, 20.0, 5.0, 46.886792452830186, 48.2608695652174, 10.0, 20.0, 30.0, 11.73913043478261]

Current fitness of particle 11:
 [17.547169811320757, 0.7547169811320771, 6.7924528301886795, 5.0, 5.0, 46.08695652173913, 15.0, 3.913043478260871, 30.0, 35.0]

Current fitness of particle 12:
 [40.0, 30.0, 20.0, 5.0, 95.0, 5.0, 10.0, 20.0, 30.0, 65.0]

Current fitness of particle 13:
 [40.0, 30.0, 14.339622641509433, 89.33962264150944, 5.0, 3.9130434782608696, 10.0, 18.91304347826087, 67.82608695652173, 35.0]

Current fitness of particle 14:
 [6.037735849056602, 30.0, 6.7924528301886795, 5.0, 47.83018867924528, 24.347826086956523, 10.0, 3.913043478260871, 30.0, 11.73913043478261]

[0.7254811797820513, 0.001, 1.0, 0.3374609091378106, 0.8119610137590335, 0.001, 1.0, 0.8336674958147481, 1.0, 0.001, 1.0, 0.001, 0.8923721251833423, 0.2770605692384287, 0.001, 0.8465980564136953, 0.001, 100.0, 100.0, 0.001, 0.001, 0.001, 42.052753600365946, 100.0, 100.0, 17.522830722991017, 84.40155029078612]
[0.7254811797820513, 0.001, 1.0, 0.3374609091378106, 0.8119610137590335, 0.001, 1.0, 0.8336674958147481, 1.0, 0.001, 1.0, 0.001, 0.8923721251833423, 0.2770605692384287, 0.001, 0.8465980564136953, 0.001, 100.0, 100.0, 0.001, 0.001, 0.001, 42.052753600365946, 100.0, 100.0, 17.522830722991017, 84.40155029078612]
[0.7254811797820513, 0.001, 1.0, 0.3374609091378106, 0.8119610137590335, 0.001, 1.0, 0.8336674958147481, 1.0, 0.001, 1.0, 0.001, 0.8923721251833423, 0.2770605692384287, 0.001, 0.8465980564136953, 0.001, 100.0, 100.0, 0.001, 0.001, 0.001, 42.052753600365946, 100.0, 100.0, 17.522830722991017, 84.40155029078612]
[0.7254811797820513, 0.001, 1.0, 0.3374609091378106, 0.8119610137590335, 0.001, 1.0, 0.8336674958147481, 1.0, 0.001, 1.0, 0.001, 0.8923721251833423, 0.2770605692384287, 0.001, 0.8465980564136953, 0.001, 100.0, 100.0, 0.001, 0.001, 0.001, 42.052753600365946, 100.0, 100.0, 17.522830722991017, 84.40155029078612]
[0.7254811797820513, 0.001, 1.0, 0.3374609091378106, 0.8119610137590335, 0.001, 1.0, 0.8336674958147481, 1.0, 0.001, 1.0, 0.001, 0.8923721251833423, 0.2770605692384287, 0.001, 0.8465980564136953, 0.001, 100.0, 100.0, 0.001, 0.001, 0.001, 42.052753600365946, 100.0, 100.0, 17.522830722991017, 84.40155029078612]
[0.7254811797820513, 0.001, 1.0, 0.3374609091378106, 0.8119610137590335, 0.001, 1.0, 0.8336674958147481, 1.0, 0.001, 1.0, 0.001, 0.8923721251833423, 0.2770605692384287, 0.001, 0.8465980564136953, 0.001, 100.0, 100.0, 0.001, 0.001, 0.001, 42.052753600365946, 100.0, 100.0, 17.522830722991017, 84.40155029078612]
[0.7254811797820513, 0.001, 1.0, 0.3374609091378106, 0.8119610137590335, 0.001, 1.0, 0.8336674958147481, 1.0, 0.001, 1.0, 0.001, 0.8923721251833423, 0.2770605692384287, 0.001, 0.8465980564136953, 0.001, 100.0, 100.0, 0.001, 0.001, 0.001, 42.052753600365946, 100.0, 100.0, 17.522830722991017, 84.40155029078612]
[0.7254811797820513, 0.001, 1.0, 0.3374609091378106, 0.8119610137590335, 0.001, 1.0, 0.8336674958147481, 1.0, 0.001, 1.0, 0.001, 0.8923721251833423, 0.2770605692384287, 0.001, 0.8465980564136953, 0.001, 100.0, 100.0, 0.001, 0.001, 0.001, 42.052753600365946, 100.0, 100.0, 17.522830722991017, 84.40155029078612]
[0.7254811797820513, 0.001, 1.0, 0.3374609091378106, 0.8119610137590335, 0.001, 1.0, 0.8336674958147481, 1.0, 0.001, 1.0, 0.001, 0.8923721251833423, 0.2770605692384287, 0.001, 0.8465980564136953, 0.001, 100.0, 100.0, 0.001, 0.001, 0.001, 42.052753600365946, 100.0, 100.0, 17.522830722991017, 84.40155029078612]
[0.7254811797820513, 0.001, 1.0, 0.3374609091378106, 0.8119610137590335, 0.001, 1.0, 0.8336674958147481, 1.0, 0.001, 1.0, 0.001, 0.8923721251833423, 0.2770605692384287, 0.001, 0.8465980564136953, 0.001, 100.0, 100.0, 0.001, 0.001, 0.001, 42.052753600365946, 100.0, 100.0, 17.522830722991017, 84.40155029078612]
[0.7254811797820513, 0.001, 1.0, 0.3374609091378106, 0.8119610137590335, 0.001, 1.0, 0.8336674958147481, 1.0, 0.001, 1.0, 0.001, 0.8923721251833423, 0.2770605692384287, 0.001, 0.8465980564136953, 0.001, 100.0, 100.0, 0.001, 0.001, 0.001, 42.052753600365946, 100.0, 100.0, 17.522830722991017, 84.40155029078612]
[0.7254811797820513, 0.001, 1.0, 0.3374609091378106, 0.8119610137590335, 0.001, 1.0, 0.8336674958147481, 1.0, 0.001, 1.0, 0.001, 0.8923721251833423, 0.2770605692384287, 0.001, 0.8465980564136953, 0.001, 100.0, 100.0, 0.001, 0.001, 0.001, 42.052753600365946, 100.0, 100.0, 17.522830722991017, 84.40155029078612]
[0.7254811797820513, 0.001, 1.0, 0.3374609091378106, 0.8119610137590335, 0.001, 1.0, 0.8336674958147481, 1.0, 0.001, 1.0, 0.001, 0.8923721251833423, 0.2770605692384287, 0.001, 0.8465980564136953, 0.001, 100.0, 100.0, 0.001, 0.001, 0.001, 42.052753600365946, 100.0, 100.0, 17.522830722991017, 84.40155029078612]
[0.7254811797820513, 0.001, 1.0, 0.3374609091378106, 0.8119610137590335, 0.001, 1.0, 0.8336674958147481, 1.0, 0.001, 1.0, 0.001, 0.8923721251833423, 0.2770605692384287, 0.001, 0.8465980564136953, 0.001, 100.0, 100.0, 0.001, 0.001, 0.001, 42.052753600365946, 100.0, 100.0, 17.522830722991017, 84.40155029078612]
[0.7254811797820513, 0.001, 1.0, 0.3374609091378106, 0.8119610137590335, 0.001, 1.0, 0.8336674958147481, 1.0, 0.001, 1.0, 0.001, 0.8923721251833423, 0.2770605692384287, 0.001, 0.8465980564136953, 0.001, 100.0, 100.0, 0.001, 0.001, 0.001, 42.052753600365946, 100.0, 100.0, 17.522830722991017, 84.40155029078612]
[6.037735849056602, 30.0, 6.7924528301886795, 5.0, 47.83018867924528, 24.347826086956523, 10.0, 3.913043478260871, 30.0, 11.73913043478261]
[0.7254811797820513, 0.001, 1.0, 0.3374609091378106, 0.8119610137590335, 0.001, 1.0, 0.8336674958147481, 1.0, 0.001, 1.0, 0.001, 0.8923721251833423, 0.2770605692384287, 0.001, 0.8465980564136953, 0.001, 100.0, 100.0, 0.001, 0.001, 0.001, 42.052753600365946, 100.0, 100.0, 17.522830722991017, 84.40155029078612]
