particle 0 is updating position
due to fitness value of: 
[40.0, 28.591549295774648, 18.591549295774648, 9.084507042253522, 78.09859154929578, 3.6842105263157894, 7.368421052631579, 16.05263157894737, 18.157894736842106, 45.26315789473685]
which is less than: 
null


[0.9574172239639249, 0.04554490256078847, 0.4448233928941181, 0.8173453984898565, 0.7033396301705077, 0.2876617779518459, 0.5617680442829592, 0.22264527166937342, 0.9677123629992125, 0.7965839354613202, 0.7755933168632062, 0.6085178840066179, 0.5770767602443497, 0.6481432850548383, 0.11251938182126175, 0.23447243659539607, 30.0, 5.0, 61.0, 83.0, 68.0, 41.0, 16.0, 69.0, 48.0, 95.0, 51.0]
[0.9574172239639249, 0.04554490256078847, 0.4448233928941181, 0.8173453984898565, 0.7033396301705077, 0.2876617779518459, 0.5617680442829592, 0.22264527166937342, 0.9677123629992125, 0.7965839354613202, 0.7755933168632062, 0.6085178840066179, 0.5770767602443497, 0.6481432850548383, 0.11251938182126175, 0.23447243659539607, 30.0, 5.0, 61.0, 83.0, 68.0, 41.0, 16.0, 69.0, 48.0, 95.0, 51.0]
Iteration 0
Best Fitness
[40.0, 28.591549295774648, 18.591549295774648, 9.084507042253522, 78.09859154929578, 3.6842105263157894, 7.368421052631579, 16.05263157894737, 18.157894736842106, 45.26315789473685]
Best Position
[0.9574172239639249, 0.04554490256078847, 0.4448233928941181, 0.8173453984898565, 0.7033396301705077, 0.2876617779518459, 0.5617680442829592, 0.22264527166937342, 0.9677123629992125, 0.7965839354613202, 0.7755933168632062, 0.6085178840066179, 0.5770767602443497, 0.6481432850548383, 0.11251938182126175, 0.23447243659539607, 30.0, 5.0, 61.0, 83.0, 68.0, 41.0, 16.0, 69.0, 48.0, 95.0, 51.0]

-------------

Current fitness of particle 0:
 [40.0, 28.591549295774648, 18.591549295774648, 9.084507042253522, 78.09859154929578, 3.6842105263157894, 7.368421052631579, 16.05263157894737, 18.157894736842106, 45.26315789473685]

Current fitness of particle 1:
 [40.0, 30.0, 20.0, 5.0, 95.0, 5.0, 10.0, 20.0, 30.0, 65.0]

Current fitness of particle 2:
 [31.549295774647888, 30.0, 17.183098591549296, 5.0, 83.73239436619718, 9.473684210526317, 10.0, 14.736842105263158, 30.0, 45.26315789473685]

Current fitness of particle 3:
 [31.549295774647888, 28.591549295774648, 18.591549295774648, 75.28169014084507, 3.450704225352112, 9.473684210526317, 8.68421052631579, 16.05263157894737, 43.68421052631578, 28.42105263157895]

Current fitness of particle 4:
 [30.140845070422536, 30.0, 18.591549295774648, 0.774647887323944, 79.50704225352112, 12.105263157894736, 10.0, 17.36842105263158, 26.05263157894737, 41.31578947368422]

Current fitness of particle 5:
 [7.605633802816897, 28.591549295774648, 17.183098591549296, 5.0, 58.38028169014085, 34.473684210526315, 6.052631578947368, 18.68421052631579, 30.0, 20.26315789473685]

Current fitness of particle 6:
 [40.0, 30.0, 20.0, 5.0, 95.0, 5.0, 8.68421052631579, 20.0, 30.0, 63.68421052631578]

Current fitness of particle 7:
 [30.140845070422536, 30.0, 18.591549295774648, 83.73239436619718, 5.0, 12.105263157894736, 10.0, 17.36842105263158, 50.26315789473685, 35.0]

Current fitness of particle 8:
 [40.0, 28.591549295774648, 20.0, 5.0, 93.59154929577466, 5.0, 8.68421052631579, 18.68421052631579, 30.0, 62.368421052631575]

Current fitness of particle 9:
 [40.28169014084507, 30.0, 0.2816901408450718, 5.0, 5.0, 83.1578947368421, 10.0, 8.157894736842106, 30.0, 35.0]

Current fitness of particle 10:
 [38.59154929577465, 30.0, 11.549295774647888, 5.0, 85.14084507042254, 3.6842105263157894, 10.0, 12.105263157894736, 30.0, 55.789473684210535]

Current fitness of particle 11:
 [40.0, 30.0, 20.0, 93.59154929577466, 3.591549295774648, 5.0, 10.0, 20.0, 70.0, 35.0]

Current fitness of particle 12:
 [40.0, 30.0, 20.0, 3.591549295774648, 93.59154929577466, 5.0, 10.0, 18.68421052631579, 28.68421052631579, 62.368421052631575]

Current fitness of particle 13:
 [40.0, 30.0, 20.0, 5.0, 95.0, 5.0, 10.0, 20.0, 30.0, 65.0]

Current fitness of particle 14:
 [40.0, 30.0, 18.591549295774648, 5.0, 93.59154929577466, 5.0, 10.0, 20.0, 30.0, 65.0]

[0.9574172239639249, 0.04554490256078847, 0.4448233928941181, 0.8173453984898565, 0.7033396301705077, 0.2876617779518459, 0.5617680442829592, 0.22264527166937342, 0.9677123629992125, 0.7965839354613202, 0.7755933168632062, 0.6085178840066179, 0.5770767602443497, 0.6481432850548383, 0.11251938182126175, 0.23447243659539607, 30.0, 5.0, 61.0, 83.0, 68.0, 41.0, 16.0, 69.0, 48.0, 95.0, 51.0]
[0.9574172239639249, 0.04554490256078847, 0.4448233928941181, 0.8173453984898565, 0.7033396301705077, 0.2876617779518459, 0.5617680442829592, 0.22264527166937342, 0.9677123629992125, 0.7965839354613202, 0.7755933168632062, 0.6085178840066179, 0.5770767602443497, 0.6481432850548383, 0.11251938182126175, 0.23447243659539607, 30.0, 5.0, 61.0, 83.0, 68.0, 41.0, 16.0, 69.0, 48.0, 95.0, 51.0]
[0.9574172239639249, 0.04554490256078847, 0.4448233928941181, 0.8173453984898565, 0.7033396301705077, 0.2876617779518459, 0.5617680442829592, 0.22264527166937342, 0.9677123629992125, 0.7965839354613202, 0.7755933168632062, 0.6085178840066179, 0.5770767602443497, 0.6481432850548383, 0.11251938182126175, 0.23447243659539607, 30.0, 5.0, 61.0, 83.0, 68.0, 41.0, 16.0, 69.0, 48.0, 95.0, 51.0]
[0.9574172239639249, 0.04554490256078847, 0.4448233928941181, 0.8173453984898565, 0.7033396301705077, 0.2876617779518459, 0.5617680442829592, 0.22264527166937342, 0.9677123629992125, 0.7965839354613202, 0.7755933168632062, 0.6085178840066179, 0.5770767602443497, 0.6481432850548383, 0.11251938182126175, 0.23447243659539607, 30.0, 5.0, 61.0, 83.0, 68.0, 41.0, 16.0, 69.0, 48.0, 95.0, 51.0]
[0.9574172239639249, 0.04554490256078847, 0.4448233928941181, 0.8173453984898565, 0.7033396301705077, 0.2876617779518459, 0.5617680442829592, 0.22264527166937342, 0.9677123629992125, 0.7965839354613202, 0.7755933168632062, 0.6085178840066179, 0.5770767602443497, 0.6481432850548383, 0.11251938182126175, 0.23447243659539607, 30.0, 5.0, 61.0, 83.0, 68.0, 41.0, 16.0, 69.0, 48.0, 95.0, 51.0]
[0.9574172239639249, 0.04554490256078847, 0.4448233928941181, 0.8173453984898565, 0.7033396301705077, 0.2876617779518459, 0.5617680442829592, 0.22264527166937342, 0.9677123629992125, 0.7965839354613202, 0.7755933168632062, 0.6085178840066179, 0.5770767602443497, 0.6481432850548383, 0.11251938182126175, 0.23447243659539607, 30.0, 5.0, 61.0, 83.0, 68.0, 41.0, 16.0, 69.0, 48.0, 95.0, 51.0]
[0.9574172239639249, 0.04554490256078847, 0.4448233928941181, 0.8173453984898565, 0.7033396301705077, 0.2876617779518459, 0.5617680442829592, 0.22264527166937342, 0.9677123629992125, 0.7965839354613202, 0.7755933168632062, 0.6085178840066179, 0.5770767602443497, 0.6481432850548383, 0.11251938182126175, 0.23447243659539607, 30.0, 5.0, 61.0, 83.0, 68.0, 41.0, 16.0, 69.0, 48.0, 95.0, 51.0]
[0.9574172239639249, 0.04554490256078847, 0.4448233928941181, 0.8173453984898565, 0.7033396301705077, 0.2876617779518459, 0.5617680442829592, 0.22264527166937342, 0.9677123629992125, 0.7965839354613202, 0.7755933168632062, 0.6085178840066179, 0.5770767602443497, 0.6481432850548383, 0.11251938182126175, 0.23447243659539607, 30.0, 5.0, 61.0, 83.0, 68.0, 41.0, 16.0, 69.0, 48.0, 95.0, 51.0]
[0.9574172239639249, 0.04554490256078847, 0.4448233928941181, 0.8173453984898565, 0.7033396301705077, 0.2876617779518459, 0.5617680442829592, 0.22264527166937342, 0.9677123629992125, 0.7965839354613202, 0.7755933168632062, 0.6085178840066179, 0.5770767602443497, 0.6481432850548383, 0.11251938182126175, 0.23447243659539607, 30.0, 5.0, 61.0, 83.0, 68.0, 41.0, 16.0, 69.0, 48.0, 95.0, 51.0]
[0.9574172239639249, 0.04554490256078847, 0.4448233928941181, 0.8173453984898565, 0.7033396301705077, 0.2876617779518459, 0.5617680442829592, 0.22264527166937342, 0.9677123629992125, 0.7965839354613202, 0.7755933168632062, 0.6085178840066179, 0.5770767602443497, 0.6481432850548383, 0.11251938182126175, 0.23447243659539607, 30.0, 5.0, 61.0, 83.0, 68.0, 41.0, 16.0, 69.0, 48.0, 95.0, 51.0]
[0.9574172239639249, 0.04554490256078847, 0.4448233928941181, 0.8173453984898565, 0.7033396301705077, 0.2876617779518459, 0.5617680442829592, 0.22264527166937342, 0.9677123629992125, 0.7965839354613202, 0.7755933168632062, 0.6085178840066179, 0.5770767602443497, 0.6481432850548383, 0.11251938182126175, 0.23447243659539607, 30.0, 5.0, 61.0, 83.0, 68.0, 41.0, 16.0, 69.0, 48.0, 95.0, 51.0]
[0.9574172239639249, 0.04554490256078847, 0.4448233928941181, 0.8173453984898565, 0.7033396301705077, 0.2876617779518459, 0.5617680442829592, 0.22264527166937342, 0.9677123629992125, 0.7965839354613202, 0.7755933168632062, 0.6085178840066179, 0.5770767602443497, 0.6481432850548383, 0.11251938182126175, 0.23447243659539607, 30.0, 5.0, 61.0, 83.0, 68.0, 41.0, 16.0, 69.0, 48.0, 95.0, 51.0]
[0.9574172239639249, 0.04554490256078847, 0.4448233928941181, 0.8173453984898565, 0.7033396301705077, 0.2876617779518459, 0.5617680442829592, 0.22264527166937342, 0.9677123629992125, 0.7965839354613202, 0.7755933168632062, 0.6085178840066179, 0.5770767602443497, 0.6481432850548383, 0.11251938182126175, 0.23447243659539607, 30.0, 5.0, 61.0, 83.0, 68.0, 41.0, 16.0, 69.0, 48.0, 95.0, 51.0]
[0.9574172239639249, 0.04554490256078847, 0.4448233928941181, 0.8173453984898565, 0.7033396301705077, 0.2876617779518459, 0.5617680442829592, 0.22264527166937342, 0.9677123629992125, 0.7965839354613202, 0.7755933168632062, 0.6085178840066179, 0.5770767602443497, 0.6481432850548383, 0.11251938182126175, 0.23447243659539607, 30.0, 5.0, 61.0, 83.0, 68.0, 41.0, 16.0, 69.0, 48.0, 95.0, 51.0]
[0.9574172239639249, 0.04554490256078847, 0.4448233928941181, 0.8173453984898565, 0.7033396301705077, 0.2876617779518459, 0.5617680442829592, 0.22264527166937342, 0.9677123629992125, 0.7965839354613202, 0.7755933168632062, 0.6085178840066179, 0.5770767602443497, 0.6481432850548383, 0.11251938182126175, 0.23447243659539607, 30.0, 5.0, 61.0, 83.0, 68.0, 41.0, 16.0, 69.0, 48.0, 95.0, 51.0]
[40.0, 28.591549295774648, 18.591549295774648, 9.084507042253522, 78.09859154929578, 3.6842105263157894, 7.368421052631579, 16.05263157894737, 18.157894736842106, 45.26315789473685]
[0.9574172239639249, 0.04554490256078847, 0.4448233928941181, 0.8173453984898565, 0.7033396301705077, 0.2876617779518459, 0.5617680442829592, 0.22264527166937342, 0.9677123629992125, 0.7965839354613202, 0.7755933168632062, 0.6085178840066179, 0.5770767602443497, 0.6481432850548383, 0.11251938182126175, 0.23447243659539607, 30.0, 5.0, 61.0, 83.0, 68.0, 41.0, 16.0, 69.0, 48.0, 95.0, 51.0]
particle 0 is updating position
due to fitness value of: 
[40.0, 28.591549295774648, 18.591549295774648, 9.084507042253522, 78.09859154929578, 3.6842105263157894, 7.368421052631579, 16.05263157894737, 18.157894736842106, 45.26315789473685]
which is less than: 
[40.0, 28.591549295774648, 18.591549295774648, 9.084507042253522, 78.09859154929578, 3.6842105263157894, 7.368421052631579, 16.05263157894737, 18.157894736842106, 45.26315789473685]


[0.9574172239639249, 0.04554490256078847, 0.4448233928941181, 0.8173453984898565, 0.7033396301705077, 0.2876617779518459, 0.5617680442829592, 0.22264527166937342, 0.9677123629992125, 0.7965839354613202, 0.7755933168632062, 0.6085178840066179, 0.5770767602443497, 0.6481432850548383, 0.11251938182126175, 0.23447243659539607, 30.0, 5.0, 61.0, 83.0, 68.0, 41.0, 16.0, 69.0, 48.0, 95.0, 51.0]
[0.9574172239639249, 0.04554490256078847, 0.4448233928941181, 0.8173453984898565, 0.7033396301705077, 0.2876617779518459, 0.5617680442829592, 0.22264527166937342, 0.9677123629992125, 0.7965839354613202, 0.7755933168632062, 0.6085178840066179, 0.5770767602443497, 0.6481432850548383, 0.11251938182126175, 0.23447243659539607, 30.0, 5.0, 61.0, 83.0, 68.0, 41.0, 16.0, 69.0, 48.0, 95.0, 51.0]
Iteration 1
Best Fitness
[40.0, 28.591549295774648, 18.591549295774648, 9.084507042253522, 78.09859154929578, 3.6842105263157894, 7.368421052631579, 16.05263157894737, 18.157894736842106, 45.26315789473685]
Best Position
[0.9574172239639249, 0.04554490256078847, 0.4448233928941181, 0.8173453984898565, 0.7033396301705077, 0.2876617779518459, 0.5617680442829592, 0.22264527166937342, 0.9677123629992125, 0.7965839354613202, 0.7755933168632062, 0.6085178840066179, 0.5770767602443497, 0.6481432850548383, 0.11251938182126175, 0.23447243659539607, 30.0, 5.0, 61.0, 83.0, 68.0, 41.0, 16.0, 69.0, 48.0, 95.0, 51.0]

-------------

Current fitness of particle 0:
 [40.0, 28.591549295774648, 18.591549295774648, 9.084507042253522, 78.09859154929578, 3.6842105263157894, 7.368421052631579, 16.05263157894737, 18.157894736842106, 45.26315789473685]

Current fitness of particle 1:
 [40.0, 30.0, 20.0, 5.0, 95.0, 5.0, 10.0, 20.0, 30.0, 65.0]

Current fitness of particle 2:
 [40.0, 30.0, 20.0, 5.0, 95.0, 5.0, 10.0, 20.0, 30.0, 65.0]

Current fitness of particle 3:
 [40.0, 30.0, 20.0, 5.0, 95.0, 5.0, 10.0, 20.0, 30.0, 65.0]

Current fitness of particle 4:
 [40.0, 30.0, 18.591549295774648, 5.0, 93.59154929577466, 5.0, 10.0, 17.36842105263158, 30.0, 62.368421052631575]

Current fitness of particle 5:
 [40.0, 30.0, 20.0, 5.0, 95.0, 5.0, 10.0, 20.0, 30.0, 65.0]

Current fitness of particle 6:
 [40.0, 30.0, 20.0, 3.591549295774648, 93.59154929577466, 5.0, 10.0, 20.0, 27.36842105263158, 62.368421052631575]

Current fitness of particle 7:
 [40.0, 30.0, 20.0, 5.0, 95.0, 5.0, 10.0, 20.0, 30.0, 65.0]

Current fitness of particle 8:
 [40.0, 30.0, 20.0, 5.0, 95.0, 5.0, 10.0, 20.0, 30.0, 65.0]

Current fitness of particle 9:
 [40.0, 30.0, 20.0, 5.0, 95.0, 5.0, 10.0, 20.0, 30.0, 65.0]

Current fitness of particle 10:
 [40.0, 30.0, 20.0, 5.0, 95.0, 5.0, 10.0, 20.0, 30.0, 65.0]

Current fitness of particle 11:
 [40.0, 30.0, 20.0, 5.0, 95.0, 5.0, 10.0, 20.0, 30.0, 65.0]

Current fitness of particle 12:
 [40.0, 30.0, 20.0, 5.0, 95.0, 5.0, 10.0, 20.0, 30.0, 65.0]

Current fitness of particle 13:
 [40.0, 30.0, 20.0, 5.0, 95.0, 5.0, 10.0, 20.0, 30.0, 65.0]

Current fitness of particle 14:
 [40.0, 30.0, 20.0, 5.0, 95.0, 5.0, 10.0, 20.0, 30.0, 65.0]

[0.9574172239639249, 0.04554490256078847, 0.4448233928941181, 0.8173453984898565, 0.7033396301705077, 0.2876617779518459, 0.5617680442829592, 0.22264527166937342, 0.9677123629992125, 0.7965839354613202, 0.7755933168632062, 0.6085178840066179, 0.5770767602443497, 0.6481432850548383, 0.11251938182126175, 0.23447243659539607, 30.0, 5.0, 61.0, 83.0, 68.0, 41.0, 16.0, 69.0, 48.0, 95.0, 51.0]
[0.9574172239639249, 0.04554490256078847, 0.4448233928941181, 0.8173453984898565, 0.7033396301705077, 0.2876617779518459, 0.5617680442829592, 0.22264527166937342, 0.9677123629992125, 0.7965839354613202, 0.7755933168632062, 0.6085178840066179, 0.5770767602443497, 0.6481432850548383, 0.11251938182126175, 0.23447243659539607, 30.0, 5.0, 61.0, 83.0, 68.0, 41.0, 16.0, 69.0, 48.0, 95.0, 51.0]
[0.9574172239639249, 0.04554490256078847, 0.4448233928941181, 0.8173453984898565, 0.7033396301705077, 0.2876617779518459, 0.5617680442829592, 0.22264527166937342, 0.9677123629992125, 0.7965839354613202, 0.7755933168632062, 0.6085178840066179, 0.5770767602443497, 0.6481432850548383, 0.11251938182126175, 0.23447243659539607, 30.0, 5.0, 61.0, 83.0, 68.0, 41.0, 16.0, 69.0, 48.0, 95.0, 51.0]
[0.9574172239639249, 0.04554490256078847, 0.4448233928941181, 0.8173453984898565, 0.7033396301705077, 0.2876617779518459, 0.5617680442829592, 0.22264527166937342, 0.9677123629992125, 0.7965839354613202, 0.7755933168632062, 0.6085178840066179, 0.5770767602443497, 0.6481432850548383, 0.11251938182126175, 0.23447243659539607, 30.0, 5.0, 61.0, 83.0, 68.0, 41.0, 16.0, 69.0, 48.0, 95.0, 51.0]
[0.9574172239639249, 0.04554490256078847, 0.4448233928941181, 0.8173453984898565, 0.7033396301705077, 0.2876617779518459, 0.5617680442829592, 0.22264527166937342, 0.9677123629992125, 0.7965839354613202, 0.7755933168632062, 0.6085178840066179, 0.5770767602443497, 0.6481432850548383, 0.11251938182126175, 0.23447243659539607, 30.0, 5.0, 61.0, 83.0, 68.0, 41.0, 16.0, 69.0, 48.0, 95.0, 51.0]
[0.9574172239639249, 0.04554490256078847, 0.4448233928941181, 0.8173453984898565, 0.7033396301705077, 0.2876617779518459, 0.5617680442829592, 0.22264527166937342, 0.9677123629992125, 0.7965839354613202, 0.7755933168632062, 0.6085178840066179, 0.5770767602443497, 0.6481432850548383, 0.11251938182126175, 0.23447243659539607, 30.0, 5.0, 61.0, 83.0, 68.0, 41.0, 16.0, 69.0, 48.0, 95.0, 51.0]
[0.9574172239639249, 0.04554490256078847, 0.4448233928941181, 0.8173453984898565, 0.7033396301705077, 0.2876617779518459, 0.5617680442829592, 0.22264527166937342, 0.9677123629992125, 0.7965839354613202, 0.7755933168632062, 0.6085178840066179, 0.5770767602443497, 0.6481432850548383, 0.11251938182126175, 0.23447243659539607, 30.0, 5.0, 61.0, 83.0, 68.0, 41.0, 16.0, 69.0, 48.0, 95.0, 51.0]
[0.9574172239639249, 0.04554490256078847, 0.4448233928941181, 0.8173453984898565, 0.7033396301705077, 0.2876617779518459, 0.5617680442829592, 0.22264527166937342, 0.9677123629992125, 0.7965839354613202, 0.7755933168632062, 0.6085178840066179, 0.5770767602443497, 0.6481432850548383, 0.11251938182126175, 0.23447243659539607, 30.0, 5.0, 61.0, 83.0, 68.0, 41.0, 16.0, 69.0, 48.0, 95.0, 51.0]
[0.9574172239639249, 0.04554490256078847, 0.4448233928941181, 0.8173453984898565, 0.7033396301705077, 0.2876617779518459, 0.5617680442829592, 0.22264527166937342, 0.9677123629992125, 0.7965839354613202, 0.7755933168632062, 0.6085178840066179, 0.5770767602443497, 0.6481432850548383, 0.11251938182126175, 0.23447243659539607, 30.0, 5.0, 61.0, 83.0, 68.0, 41.0, 16.0, 69.0, 48.0, 95.0, 51.0]
[0.9574172239639249, 0.04554490256078847, 0.4448233928941181, 0.8173453984898565, 0.7033396301705077, 0.2876617779518459, 0.5617680442829592, 0.22264527166937342, 0.9677123629992125, 0.7965839354613202, 0.7755933168632062, 0.6085178840066179, 0.5770767602443497, 0.6481432850548383, 0.11251938182126175, 0.23447243659539607, 30.0, 5.0, 61.0, 83.0, 68.0, 41.0, 16.0, 69.0, 48.0, 95.0, 51.0]
[0.9574172239639249, 0.04554490256078847, 0.4448233928941181, 0.8173453984898565, 0.7033396301705077, 0.2876617779518459, 0.5617680442829592, 0.22264527166937342, 0.9677123629992125, 0.7965839354613202, 0.7755933168632062, 0.6085178840066179, 0.5770767602443497, 0.6481432850548383, 0.11251938182126175, 0.23447243659539607, 30.0, 5.0, 61.0, 83.0, 68.0, 41.0, 16.0, 69.0, 48.0, 95.0, 51.0]
[0.9574172239639249, 0.04554490256078847, 0.4448233928941181, 0.8173453984898565, 0.7033396301705077, 0.2876617779518459, 0.5617680442829592, 0.22264527166937342, 0.9677123629992125, 0.7965839354613202, 0.7755933168632062, 0.6085178840066179, 0.5770767602443497, 0.6481432850548383, 0.11251938182126175, 0.23447243659539607, 30.0, 5.0, 61.0, 83.0, 68.0, 41.0, 16.0, 69.0, 48.0, 95.0, 51.0]
[0.9574172239639249, 0.04554490256078847, 0.4448233928941181, 0.8173453984898565, 0.7033396301705077, 0.2876617779518459, 0.5617680442829592, 0.22264527166937342, 0.9677123629992125, 0.7965839354613202, 0.7755933168632062, 0.6085178840066179, 0.5770767602443497, 0.6481432850548383, 0.11251938182126175, 0.23447243659539607, 30.0, 5.0, 61.0, 83.0, 68.0, 41.0, 16.0, 69.0, 48.0, 95.0, 51.0]
[0.9574172239639249, 0.04554490256078847, 0.4448233928941181, 0.8173453984898565, 0.7033396301705077, 0.2876617779518459, 0.5617680442829592, 0.22264527166937342, 0.9677123629992125, 0.7965839354613202, 0.7755933168632062, 0.6085178840066179, 0.5770767602443497, 0.6481432850548383, 0.11251938182126175, 0.23447243659539607, 30.0, 5.0, 61.0, 83.0, 68.0, 41.0, 16.0, 69.0, 48.0, 95.0, 51.0]
[0.9574172239639249, 0.04554490256078847, 0.4448233928941181, 0.8173453984898565, 0.7033396301705077, 0.2876617779518459, 0.5617680442829592, 0.22264527166937342, 0.9677123629992125, 0.7965839354613202, 0.7755933168632062, 0.6085178840066179, 0.5770767602443497, 0.6481432850548383, 0.11251938182126175, 0.23447243659539607, 30.0, 5.0, 61.0, 83.0, 68.0, 41.0, 16.0, 69.0, 48.0, 95.0, 51.0]
[40.0, 28.591549295774648, 18.591549295774648, 9.084507042253522, 78.09859154929578, 3.6842105263157894, 7.368421052631579, 16.05263157894737, 18.157894736842106, 45.26315789473685]
[0.9574172239639249, 0.04554490256078847, 0.4448233928941181, 0.8173453984898565, 0.7033396301705077, 0.2876617779518459, 0.5617680442829592, 0.22264527166937342, 0.9677123629992125, 0.7965839354613202, 0.7755933168632062, 0.6085178840066179, 0.5770767602443497, 0.6481432850548383, 0.11251938182126175, 0.23447243659539607, 30.0, 5.0, 61.0, 83.0, 68.0, 41.0, 16.0, 69.0, 48.0, 95.0, 51.0]
particle 0 is updating position
due to fitness value of: 
[40.0, 28.591549295774648, 18.591549295774648, 9.084507042253522, 78.09859154929578, 3.6842105263157894, 7.368421052631579, 16.05263157894737, 18.157894736842106, 45.26315789473685]
which is less than: 
[40.0, 28.591549295774648, 18.591549295774648, 9.084507042253522, 78.09859154929578, 3.6842105263157894, 7.368421052631579, 16.05263157894737, 18.157894736842106, 45.26315789473685]


[0.9574172239639249, 0.04554490256078847, 0.4448233928941181, 0.8173453984898565, 0.7033396301705077, 0.2876617779518459, 0.5617680442829592, 0.22264527166937342, 0.9677123629992125, 0.7965839354613202, 0.7755933168632062, 0.6085178840066179, 0.5770767602443497, 0.6481432850548383, 0.11251938182126175, 0.23447243659539607, 30.0, 5.0, 61.0, 83.0, 68.0, 41.0, 16.0, 69.0, 48.0, 95.0, 51.0]
[0.9574172239639249, 0.04554490256078847, 0.4448233928941181, 0.8173453984898565, 0.7033396301705077, 0.2876617779518459, 0.5617680442829592, 0.22264527166937342, 0.9677123629992125, 0.7965839354613202, 0.7755933168632062, 0.6085178840066179, 0.5770767602443497, 0.6481432850548383, 0.11251938182126175, 0.23447243659539607, 30.0, 5.0, 61.0, 83.0, 68.0, 41.0, 16.0, 69.0, 48.0, 95.0, 51.0]
Iteration 2
Best Fitness
[40.0, 28.591549295774648, 18.591549295774648, 9.084507042253522, 78.09859154929578, 3.6842105263157894, 7.368421052631579, 16.05263157894737, 18.157894736842106, 45.26315789473685]
Best Position
[0.9574172239639249, 0.04554490256078847, 0.4448233928941181, 0.8173453984898565, 0.7033396301705077, 0.2876617779518459, 0.5617680442829592, 0.22264527166937342, 0.9677123629992125, 0.7965839354613202, 0.7755933168632062, 0.6085178840066179, 0.5770767602443497, 0.6481432850548383, 0.11251938182126175, 0.23447243659539607, 30.0, 5.0, 61.0, 83.0, 68.0, 41.0, 16.0, 69.0, 48.0, 95.0, 51.0]

-------------

Current fitness of particle 0:
 [40.0, 28.591549295774648, 18.591549295774648, 9.084507042253522, 78.09859154929578, 3.6842105263157894, 7.368421052631579, 16.05263157894737, 18.157894736842106, 45.26315789473685]

Current fitness of particle 1:
 [40.0, 30.0, 20.0, 5.0, 95.0, 5.0, 10.0, 20.0, 30.0, 65.0]

Current fitness of particle 2:
 [40.0, 30.0, 20.0, 4.859154929577464, 85.14084507042254, 5.0, 10.0, 20.0, 20.789473684210527, 55.789473684210535]

Current fitness of particle 3:
 [40.0, 30.0, 20.0, 5.0, 95.0, 5.0, 10.0, 20.0, 30.0, 65.0]

Current fitness of particle 4:
 [40.0, 30.0, 18.591549295774648, 3.450704225352112, 85.14084507042254, 5.0, 10.0, 17.36842105263158, 23.42105263157895, 55.789473684210535]

Current fitness of particle 5:
 [40.0, 30.0, 20.0, 5.0, 95.0, 5.0, 10.0, 20.0, 30.0, 65.0]

Current fitness of particle 6:
 [40.0, 30.0, 20.0, 5.0, 95.0, 5.0, 10.0, 20.0, 30.0, 65.0]

Current fitness of particle 7:
 [40.0, 30.0, 20.0, 5.0, 95.0, 5.0, 10.0, 20.0, 30.0, 65.0]

Current fitness of particle 8:
 [40.0, 30.0, 20.0, 4.859154929577464, 85.14084507042254, 5.0, 10.0, 18.68421052631579, 22.105263157894736, 55.789473684210535]

Current fitness of particle 9:
 [40.0, 30.0, 20.0, 5.0, 95.0, 5.0, 10.0, 20.0, 30.0, 65.0]

Current fitness of particle 10:
 [40.0, 30.0, 20.0, 49.929577464788736, 40.07042253521127, 5.0, 10.0, 20.0, 34.473684210526315, 0.526315789473685]

Current fitness of particle 11:
 [40.0, 30.0, 20.0, 5.0, 95.0, 5.0, 10.0, 20.0, 30.0, 65.0]

Current fitness of particle 12:
 [40.0, 30.0, 20.0, 3.591549295774648, 93.59154929577466, 5.0, 10.0, 20.0, 23.42105263157895, 58.421052631578945]

Current fitness of particle 13:
 [40.0, 30.0, 20.0, 5.0, 95.0, 5.0, 10.0, 20.0, 30.0, 65.0]

Current fitness of particle 14:
 [40.0, 30.0, 20.0, 5.0, 95.0, 5.0, 10.0, 20.0, 30.0, 65.0]

[0.9574172239639249, 0.04554490256078847, 0.4448233928941181, 0.8173453984898565, 0.7033396301705077, 0.2876617779518459, 0.5617680442829592, 0.22264527166937342, 0.9677123629992125, 0.7965839354613202, 0.7755933168632062, 0.6085178840066179, 0.5770767602443497, 0.6481432850548383, 0.11251938182126175, 0.23447243659539607, 30.0, 5.0, 61.0, 83.0, 68.0, 41.0, 16.0, 69.0, 48.0, 95.0, 51.0]
[0.9574172239639249, 0.04554490256078847, 0.4448233928941181, 0.8173453984898565, 0.7033396301705077, 0.2876617779518459, 0.5617680442829592, 0.22264527166937342, 0.9677123629992125, 0.7965839354613202, 0.7755933168632062, 0.6085178840066179, 0.5770767602443497, 0.6481432850548383, 0.11251938182126175, 0.23447243659539607, 30.0, 5.0, 61.0, 83.0, 68.0, 41.0, 16.0, 69.0, 48.0, 95.0, 51.0]
[0.9574172239639249, 0.04554490256078847, 0.4448233928941181, 0.8173453984898565, 0.7033396301705077, 0.2876617779518459, 0.5617680442829592, 0.22264527166937342, 0.9677123629992125, 0.7965839354613202, 0.7755933168632062, 0.6085178840066179, 0.5770767602443497, 0.6481432850548383, 0.11251938182126175, 0.23447243659539607, 30.0, 5.0, 61.0, 83.0, 68.0, 41.0, 16.0, 69.0, 48.0, 95.0, 51.0]
[0.9574172239639249, 0.04554490256078847, 0.4448233928941181, 0.8173453984898565, 0.7033396301705077, 0.2876617779518459, 0.5617680442829592, 0.22264527166937342, 0.9677123629992125, 0.7965839354613202, 0.7755933168632062, 0.6085178840066179, 0.5770767602443497, 0.6481432850548383, 0.11251938182126175, 0.23447243659539607, 30.0, 5.0, 61.0, 83.0, 68.0, 41.0, 16.0, 69.0, 48.0, 95.0, 51.0]
[0.9574172239639249, 0.04554490256078847, 0.4448233928941181, 0.8173453984898565, 0.7033396301705077, 0.2876617779518459, 0.5617680442829592, 0.22264527166937342, 0.9677123629992125, 0.7965839354613202, 0.7755933168632062, 0.6085178840066179, 0.5770767602443497, 0.6481432850548383, 0.11251938182126175, 0.23447243659539607, 30.0, 5.0, 61.0, 83.0, 68.0, 41.0, 16.0, 69.0, 48.0, 95.0, 51.0]
[0.9574172239639249, 0.04554490256078847, 0.4448233928941181, 0.8173453984898565, 0.7033396301705077, 0.2876617779518459, 0.5617680442829592, 0.22264527166937342, 0.9677123629992125, 0.7965839354613202, 0.7755933168632062, 0.6085178840066179, 0.5770767602443497, 0.6481432850548383, 0.11251938182126175, 0.23447243659539607, 30.0, 5.0, 61.0, 83.0, 68.0, 41.0, 16.0, 69.0, 48.0, 95.0, 51.0]
[0.9574172239639249, 0.04554490256078847, 0.4448233928941181, 0.8173453984898565, 0.7033396301705077, 0.2876617779518459, 0.5617680442829592, 0.22264527166937342, 0.9677123629992125, 0.7965839354613202, 0.7755933168632062, 0.6085178840066179, 0.5770767602443497, 0.6481432850548383, 0.11251938182126175, 0.23447243659539607, 30.0, 5.0, 61.0, 83.0, 68.0, 41.0, 16.0, 69.0, 48.0, 95.0, 51.0]
[0.9574172239639249, 0.04554490256078847, 0.4448233928941181, 0.8173453984898565, 0.7033396301705077, 0.2876617779518459, 0.5617680442829592, 0.22264527166937342, 0.9677123629992125, 0.7965839354613202, 0.7755933168632062, 0.6085178840066179, 0.5770767602443497, 0.6481432850548383, 0.11251938182126175, 0.23447243659539607, 30.0, 5.0, 61.0, 83.0, 68.0, 41.0, 16.0, 69.0, 48.0, 95.0, 51.0]
[0.9574172239639249, 0.04554490256078847, 0.4448233928941181, 0.8173453984898565, 0.7033396301705077, 0.2876617779518459, 0.5617680442829592, 0.22264527166937342, 0.9677123629992125, 0.7965839354613202, 0.7755933168632062, 0.6085178840066179, 0.5770767602443497, 0.6481432850548383, 0.11251938182126175, 0.23447243659539607, 30.0, 5.0, 61.0, 83.0, 68.0, 41.0, 16.0, 69.0, 48.0, 95.0, 51.0]
[0.9574172239639249, 0.04554490256078847, 0.4448233928941181, 0.8173453984898565, 0.7033396301705077, 0.2876617779518459, 0.5617680442829592, 0.22264527166937342, 0.9677123629992125, 0.7965839354613202, 0.7755933168632062, 0.6085178840066179, 0.5770767602443497, 0.6481432850548383, 0.11251938182126175, 0.23447243659539607, 30.0, 5.0, 61.0, 83.0, 68.0, 41.0, 16.0, 69.0, 48.0, 95.0, 51.0]
[0.9574172239639249, 0.04554490256078847, 0.4448233928941181, 0.8173453984898565, 0.7033396301705077, 0.2876617779518459, 0.5617680442829592, 0.22264527166937342, 0.9677123629992125, 0.7965839354613202, 0.7755933168632062, 0.6085178840066179, 0.5770767602443497, 0.6481432850548383, 0.11251938182126175, 0.23447243659539607, 30.0, 5.0, 61.0, 83.0, 68.0, 41.0, 16.0, 69.0, 48.0, 95.0, 51.0]
[0.9574172239639249, 0.04554490256078847, 0.4448233928941181, 0.8173453984898565, 0.7033396301705077, 0.2876617779518459, 0.5617680442829592, 0.22264527166937342, 0.9677123629992125, 0.7965839354613202, 0.7755933168632062, 0.6085178840066179, 0.5770767602443497, 0.6481432850548383, 0.11251938182126175, 0.23447243659539607, 30.0, 5.0, 61.0, 83.0, 68.0, 41.0, 16.0, 69.0, 48.0, 95.0, 51.0]
[0.9574172239639249, 0.04554490256078847, 0.4448233928941181, 0.8173453984898565, 0.7033396301705077, 0.2876617779518459, 0.5617680442829592, 0.22264527166937342, 0.9677123629992125, 0.7965839354613202, 0.7755933168632062, 0.6085178840066179, 0.5770767602443497, 0.6481432850548383, 0.11251938182126175, 0.23447243659539607, 30.0, 5.0, 61.0, 83.0, 68.0, 41.0, 16.0, 69.0, 48.0, 95.0, 51.0]
[0.9574172239639249, 0.04554490256078847, 0.4448233928941181, 0.8173453984898565, 0.7033396301705077, 0.2876617779518459, 0.5617680442829592, 0.22264527166937342, 0.9677123629992125, 0.7965839354613202, 0.7755933168632062, 0.6085178840066179, 0.5770767602443497, 0.6481432850548383, 0.11251938182126175, 0.23447243659539607, 30.0, 5.0, 61.0, 83.0, 68.0, 41.0, 16.0, 69.0, 48.0, 95.0, 51.0]
[0.9574172239639249, 0.04554490256078847, 0.4448233928941181, 0.8173453984898565, 0.7033396301705077, 0.2876617779518459, 0.5617680442829592, 0.22264527166937342, 0.9677123629992125, 0.7965839354613202, 0.7755933168632062, 0.6085178840066179, 0.5770767602443497, 0.6481432850548383, 0.11251938182126175, 0.23447243659539607, 30.0, 5.0, 61.0, 83.0, 68.0, 41.0, 16.0, 69.0, 48.0, 95.0, 51.0]
[40.0, 28.591549295774648, 18.591549295774648, 9.084507042253522, 78.09859154929578, 3.6842105263157894, 7.368421052631579, 16.05263157894737, 18.157894736842106, 45.26315789473685]
[0.9574172239639249, 0.04554490256078847, 0.4448233928941181, 0.8173453984898565, 0.7033396301705077, 0.2876617779518459, 0.5617680442829592, 0.22264527166937342, 0.9677123629992125, 0.7965839354613202, 0.7755933168632062, 0.6085178840066179, 0.5770767602443497, 0.6481432850548383, 0.11251938182126175, 0.23447243659539607, 30.0, 5.0, 61.0, 83.0, 68.0, 41.0, 16.0, 69.0, 48.0, 95.0, 51.0]
particle 0 is updating position
due to fitness value of: 
[40.0, 28.591549295774648, 18.591549295774648, 9.084507042253522, 78.09859154929578, 3.6842105263157894, 7.368421052631579, 16.05263157894737, 18.157894736842106, 45.26315789473685]
which is less than: 
[40.0, 28.591549295774648, 18.591549295774648, 9.084507042253522, 78.09859154929578, 3.6842105263157894, 7.368421052631579, 16.05263157894737, 18.157894736842106, 45.26315789473685]


[0.9574172239639249, 0.04554490256078847, 0.4448233928941181, 0.8173453984898565, 0.7033396301705077, 0.2876617779518459, 0.5617680442829592, 0.22264527166937342, 0.9677123629992125, 0.7965839354613202, 0.7755933168632062, 0.6085178840066179, 0.5770767602443497, 0.6481432850548383, 0.11251938182126175, 0.23447243659539607, 30.0, 5.0, 61.0, 83.0, 68.0, 41.0, 16.0, 69.0, 48.0, 95.0, 51.0]
[0.9574172239639249, 0.04554490256078847, 0.4448233928941181, 0.8173453984898565, 0.7033396301705077, 0.2876617779518459, 0.5617680442829592, 0.22264527166937342, 0.9677123629992125, 0.7965839354613202, 0.7755933168632062, 0.6085178840066179, 0.5770767602443497, 0.6481432850548383, 0.11251938182126175, 0.23447243659539607, 30.0, 5.0, 61.0, 83.0, 68.0, 41.0, 16.0, 69.0, 48.0, 95.0, 51.0]
Iteration 3
Best Fitness
[40.0, 28.591549295774648, 18.591549295774648, 9.084507042253522, 78.09859154929578, 3.6842105263157894, 7.368421052631579, 16.05263157894737, 18.157894736842106, 45.26315789473685]
Best Position
[0.9574172239639249, 0.04554490256078847, 0.4448233928941181, 0.8173453984898565, 0.7033396301705077, 0.2876617779518459, 0.5617680442829592, 0.22264527166937342, 0.9677123629992125, 0.7965839354613202, 0.7755933168632062, 0.6085178840066179, 0.5770767602443497, 0.6481432850548383, 0.11251938182126175, 0.23447243659539607, 30.0, 5.0, 61.0, 83.0, 68.0, 41.0, 16.0, 69.0, 48.0, 95.0, 51.0]

-------------

Current fitness of particle 0:
 [40.0, 28.591549295774648, 18.591549295774648, 9.084507042253522, 78.09859154929578, 3.6842105263157894, 7.368421052631579, 16.05263157894737, 18.157894736842106, 45.26315789473685]

Current fitness of particle 1:
 [40.0, 30.0, 20.0, 5.0, 95.0, 5.0, 10.0, 20.0, 30.0, 65.0]

Current fitness of particle 2:
 [40.0, 30.0, 20.0, 4.859154929577464, 85.14084507042254, 5.0, 10.0, 20.0, 20.789473684210527, 55.789473684210535]

Current fitness of particle 3:
 [40.0, 30.0, 20.0, 6.267605633802818, 83.73239436619718, 5.0, 10.0, 20.0, 10.263157894736842, 45.26315789473685]

Current fitness of particle 4:
 [40.0, 30.0, 20.0, 5.0, 95.0, 5.0, 10.0, 20.0, 30.0, 65.0]

Current fitness of particle 5:
 [40.0, 30.0, 20.0, 5.0, 95.0, 5.0, 10.0, 20.0, 30.0, 65.0]

Current fitness of particle 6:
 [40.0, 30.0, 20.0, 6.267605633802818, 83.73239436619718, 5.0, 10.0, 20.0, 10.263157894736842, 45.26315789473685]

Current fitness of particle 7:
 [40.0, 30.0, 20.0, 5.0, 95.0, 5.0, 10.0, 20.0, 30.0, 65.0]

Current fitness of particle 8:
 [0.5633802816901436, 30.0, 5.915492957746478, 41.478873239436616, 5.0, 29.210526315789473, 10.0, 16.05263157894737, 31.842105263157897, 35.0]

Current fitness of particle 9:
 [40.0, 30.0, 20.0, 5.0, 95.0, 5.0, 10.0, 20.0, 30.0, 65.0]

Current fitness of particle 10:
 [40.0, 30.0, 20.0, 93.59154929577466, 3.591549295774648, 5.0, 10.0, 20.0, 70.0, 35.0]

Current fitness of particle 11:
 [40.0, 30.0, 20.0, 14.718309859154928, 75.28169014084507, 5.0, 10.0, 20.0, 3.684210526315791, 38.68421052631578]

Current fitness of particle 12:
 [40.0, 30.0, 20.0, 95.0, 5.0, 5.0, 10.0, 20.0, 70.0, 35.0]

Current fitness of particle 13:
 [40.0, 30.0, 20.0, 5.0, 95.0, 5.0, 10.0, 20.0, 30.0, 65.0]

Current fitness of particle 14:
 [40.0, 30.0, 20.0, 3.450704225352112, 86.54929577464789, 5.0, 10.0, 20.0, 23.42105263157895, 58.421052631578945]

[0.9574172239639249, 0.04554490256078847, 0.4448233928941181, 0.8173453984898565, 0.7033396301705077, 0.2876617779518459, 0.5617680442829592, 0.22264527166937342, 0.9677123629992125, 0.7965839354613202, 0.7755933168632062, 0.6085178840066179, 0.5770767602443497, 0.6481432850548383, 0.11251938182126175, 0.23447243659539607, 30.0, 5.0, 61.0, 83.0, 68.0, 41.0, 16.0, 69.0, 48.0, 95.0, 51.0]
[0.9574172239639249, 0.04554490256078847, 0.4448233928941181, 0.8173453984898565, 0.7033396301705077, 0.2876617779518459, 0.5617680442829592, 0.22264527166937342, 0.9677123629992125, 0.7965839354613202, 0.7755933168632062, 0.6085178840066179, 0.5770767602443497, 0.6481432850548383, 0.11251938182126175, 0.23447243659539607, 30.0, 5.0, 61.0, 83.0, 68.0, 41.0, 16.0, 69.0, 48.0, 95.0, 51.0]
[0.9574172239639249, 0.04554490256078847, 0.4448233928941181, 0.8173453984898565, 0.7033396301705077, 0.2876617779518459, 0.5617680442829592, 0.22264527166937342, 0.9677123629992125, 0.7965839354613202, 0.7755933168632062, 0.6085178840066179, 0.5770767602443497, 0.6481432850548383, 0.11251938182126175, 0.23447243659539607, 30.0, 5.0, 61.0, 83.0, 68.0, 41.0, 16.0, 69.0, 48.0, 95.0, 51.0]
[0.9574172239639249, 0.04554490256078847, 0.4448233928941181, 0.8173453984898565, 0.7033396301705077, 0.2876617779518459, 0.5617680442829592, 0.22264527166937342, 0.9677123629992125, 0.7965839354613202, 0.7755933168632062, 0.6085178840066179, 0.5770767602443497, 0.6481432850548383, 0.11251938182126175, 0.23447243659539607, 30.0, 5.0, 61.0, 83.0, 68.0, 41.0, 16.0, 69.0, 48.0, 95.0, 51.0]
[0.9574172239639249, 0.04554490256078847, 0.4448233928941181, 0.8173453984898565, 0.7033396301705077, 0.2876617779518459, 0.5617680442829592, 0.22264527166937342, 0.9677123629992125, 0.7965839354613202, 0.7755933168632062, 0.6085178840066179, 0.5770767602443497, 0.6481432850548383, 0.11251938182126175, 0.23447243659539607, 30.0, 5.0, 61.0, 83.0, 68.0, 41.0, 16.0, 69.0, 48.0, 95.0, 51.0]
[0.9574172239639249, 0.04554490256078847, 0.4448233928941181, 0.8173453984898565, 0.7033396301705077, 0.2876617779518459, 0.5617680442829592, 0.22264527166937342, 0.9677123629992125, 0.7965839354613202, 0.7755933168632062, 0.6085178840066179, 0.5770767602443497, 0.6481432850548383, 0.11251938182126175, 0.23447243659539607, 30.0, 5.0, 61.0, 83.0, 68.0, 41.0, 16.0, 69.0, 48.0, 95.0, 51.0]
[0.9574172239639249, 0.04554490256078847, 0.4448233928941181, 0.8173453984898565, 0.7033396301705077, 0.2876617779518459, 0.5617680442829592, 0.22264527166937342, 0.9677123629992125, 0.7965839354613202, 0.7755933168632062, 0.6085178840066179, 0.5770767602443497, 0.6481432850548383, 0.11251938182126175, 0.23447243659539607, 30.0, 5.0, 61.0, 83.0, 68.0, 41.0, 16.0, 69.0, 48.0, 95.0, 51.0]
[0.9574172239639249, 0.04554490256078847, 0.4448233928941181, 0.8173453984898565, 0.7033396301705077, 0.2876617779518459, 0.5617680442829592, 0.22264527166937342, 0.9677123629992125, 0.7965839354613202, 0.7755933168632062, 0.6085178840066179, 0.5770767602443497, 0.6481432850548383, 0.11251938182126175, 0.23447243659539607, 30.0, 5.0, 61.0, 83.0, 68.0, 41.0, 16.0, 69.0, 48.0, 95.0, 51.0]
[0.9574172239639249, 0.04554490256078847, 0.4448233928941181, 0.8173453984898565, 0.7033396301705077, 0.2876617779518459, 0.5617680442829592, 0.22264527166937342, 0.9677123629992125, 0.7965839354613202, 0.7755933168632062, 0.6085178840066179, 0.5770767602443497, 0.6481432850548383, 0.11251938182126175, 0.23447243659539607, 30.0, 5.0, 61.0, 83.0, 68.0, 41.0, 16.0, 69.0, 48.0, 95.0, 51.0]
[0.9574172239639249, 0.04554490256078847, 0.4448233928941181, 0.8173453984898565, 0.7033396301705077, 0.2876617779518459, 0.5617680442829592, 0.22264527166937342, 0.9677123629992125, 0.7965839354613202, 0.7755933168632062, 0.6085178840066179, 0.5770767602443497, 0.6481432850548383, 0.11251938182126175, 0.23447243659539607, 30.0, 5.0, 61.0, 83.0, 68.0, 41.0, 16.0, 69.0, 48.0, 95.0, 51.0]
[0.9574172239639249, 0.04554490256078847, 0.4448233928941181, 0.8173453984898565, 0.7033396301705077, 0.2876617779518459, 0.5617680442829592, 0.22264527166937342, 0.9677123629992125, 0.7965839354613202, 0.7755933168632062, 0.6085178840066179, 0.5770767602443497, 0.6481432850548383, 0.11251938182126175, 0.23447243659539607, 30.0, 5.0, 61.0, 83.0, 68.0, 41.0, 16.0, 69.0, 48.0, 95.0, 51.0]
[0.9574172239639249, 0.04554490256078847, 0.4448233928941181, 0.8173453984898565, 0.7033396301705077, 0.2876617779518459, 0.5617680442829592, 0.22264527166937342, 0.9677123629992125, 0.7965839354613202, 0.7755933168632062, 0.6085178840066179, 0.5770767602443497, 0.6481432850548383, 0.11251938182126175, 0.23447243659539607, 30.0, 5.0, 61.0, 83.0, 68.0, 41.0, 16.0, 69.0, 48.0, 95.0, 51.0]
[0.9574172239639249, 0.04554490256078847, 0.4448233928941181, 0.8173453984898565, 0.7033396301705077, 0.2876617779518459, 0.5617680442829592, 0.22264527166937342, 0.9677123629992125, 0.7965839354613202, 0.7755933168632062, 0.6085178840066179, 0.5770767602443497, 0.6481432850548383, 0.11251938182126175, 0.23447243659539607, 30.0, 5.0, 61.0, 83.0, 68.0, 41.0, 16.0, 69.0, 48.0, 95.0, 51.0]
[0.9574172239639249, 0.04554490256078847, 0.4448233928941181, 0.8173453984898565, 0.7033396301705077, 0.2876617779518459, 0.5617680442829592, 0.22264527166937342, 0.9677123629992125, 0.7965839354613202, 0.7755933168632062, 0.6085178840066179, 0.5770767602443497, 0.6481432850548383, 0.11251938182126175, 0.23447243659539607, 30.0, 5.0, 61.0, 83.0, 68.0, 41.0, 16.0, 69.0, 48.0, 95.0, 51.0]
[0.9574172239639249, 0.04554490256078847, 0.4448233928941181, 0.8173453984898565, 0.7033396301705077, 0.2876617779518459, 0.5617680442829592, 0.22264527166937342, 0.9677123629992125, 0.7965839354613202, 0.7755933168632062, 0.6085178840066179, 0.5770767602443497, 0.6481432850548383, 0.11251938182126175, 0.23447243659539607, 30.0, 5.0, 61.0, 83.0, 68.0, 41.0, 16.0, 69.0, 48.0, 95.0, 51.0]
[40.0, 28.591549295774648, 18.591549295774648, 9.084507042253522, 78.09859154929578, 3.6842105263157894, 7.368421052631579, 16.05263157894737, 18.157894736842106, 45.26315789473685]
[0.9574172239639249, 0.04554490256078847, 0.4448233928941181, 0.8173453984898565, 0.7033396301705077, 0.2876617779518459, 0.5617680442829592, 0.22264527166937342, 0.9677123629992125, 0.7965839354613202, 0.7755933168632062, 0.6085178840066179, 0.5770767602443497, 0.6481432850548383, 0.11251938182126175, 0.23447243659539607, 30.0, 5.0, 61.0, 83.0, 68.0, 41.0, 16.0, 69.0, 48.0, 95.0, 51.0]
particle 0 is updating position
due to fitness value of: 
[40.0, 28.591549295774648, 18.591549295774648, 9.084507042253522, 78.09859154929578, 3.6842105263157894, 7.368421052631579, 16.05263157894737, 18.157894736842106, 45.26315789473685]
which is less than: 
[40.0, 28.591549295774648, 18.591549295774648, 9.084507042253522, 78.09859154929578, 3.6842105263157894, 7.368421052631579, 16.05263157894737, 18.157894736842106, 45.26315789473685]


[0.9574172239639249, 0.04554490256078847, 0.4448233928941181, 0.8173453984898565, 0.7033396301705077, 0.2876617779518459, 0.5617680442829592, 0.22264527166937342, 0.9677123629992125, 0.7965839354613202, 0.7755933168632062, 0.6085178840066179, 0.5770767602443497, 0.6481432850548383, 0.11251938182126175, 0.23447243659539607, 30.0, 5.0, 61.0, 83.0, 68.0, 41.0, 16.0, 69.0, 48.0, 95.0, 51.0]
[0.9574172239639249, 0.04554490256078847, 0.4448233928941181, 0.8173453984898565, 0.7033396301705077, 0.2876617779518459, 0.5617680442829592, 0.22264527166937342, 0.9677123629992125, 0.7965839354613202, 0.7755933168632062, 0.6085178840066179, 0.5770767602443497, 0.6481432850548383, 0.11251938182126175, 0.23447243659539607, 30.0, 5.0, 61.0, 83.0, 68.0, 41.0, 16.0, 69.0, 48.0, 95.0, 51.0]
Iteration 4
Best Fitness
[40.0, 28.591549295774648, 18.591549295774648, 9.084507042253522, 78.09859154929578, 3.6842105263157894, 7.368421052631579, 16.05263157894737, 18.157894736842106, 45.26315789473685]
Best Position
[0.9574172239639249, 0.04554490256078847, 0.4448233928941181, 0.8173453984898565, 0.7033396301705077, 0.2876617779518459, 0.5617680442829592, 0.22264527166937342, 0.9677123629992125, 0.7965839354613202, 0.7755933168632062, 0.6085178840066179, 0.5770767602443497, 0.6481432850548383, 0.11251938182126175, 0.23447243659539607, 30.0, 5.0, 61.0, 83.0, 68.0, 41.0, 16.0, 69.0, 48.0, 95.0, 51.0]

-------------

Current fitness of particle 0:
 [40.0, 28.591549295774648, 18.591549295774648, 9.084507042253522, 78.09859154929578, 3.6842105263157894, 7.368421052631579, 16.05263157894737, 18.157894736842106, 45.26315789473685]

Current fitness of particle 1:
 [40.0, 30.0, 20.0, 93.59154929577466, 3.591549295774648, 5.0, 10.0, 20.0, 70.0, 35.0]

Current fitness of particle 2:
 [40.0, 30.0, 20.0, 4.859154929577464, 85.14084507042254, 5.0, 10.0, 20.0, 20.789473684210527, 55.789473684210535]

Current fitness of particle 3:
 [40.0, 30.0, 20.0, 83.73239436619718, 6.267605633802818, 5.0, 10.0, 20.0, 60.789473684210535, 25.789473684210527]

Current fitness of particle 4:
 [40.0, 30.0, 20.0, 95.0, 5.0, 5.0, 10.0, 20.0, 70.0, 35.0]

Current fitness of particle 5:
 [40.0, 30.0, 20.0, 95.0, 5.0, 5.0, 10.0, 20.0, 70.0, 35.0]

Current fitness of particle 6:
 [40.0, 30.0, 20.0, 4.859154929577464, 85.14084507042254, 5.0, 10.0, 20.0, 20.789473684210527, 55.789473684210535]

Current fitness of particle 7:
 [40.0, 30.0, 20.0, 0.774647887323944, 90.77464788732394, 5.0, 10.0, 20.0, 20.789473684210527, 55.789473684210535]

Current fitness of particle 8:
 [40.28169014084507, 30.0, 0.2816901408450718, 5.0, 5.0, 83.1578947368421, 10.0, 8.157894736842106, 30.0, 35.0]

Current fitness of particle 9:
 [40.0, 30.0, 20.0, 5.0, 95.0, 5.0, 10.0, 20.0, 30.0, 65.0]

Current fitness of particle 10:
 [40.0, 30.0, 20.0, 48.52112676056338, 41.478873239436616, 5.0, 10.0, 20.0, 34.473684210526315, 0.526315789473685]

Current fitness of particle 11:
 [40.0, 30.0, 20.0, 44.29577464788733, 45.70422535211267, 5.0, 10.0, 20.0, 30.526315789473685, 4.473684210526315]

Current fitness of particle 12:
 [40.0, 30.0, 20.0, 93.59154929577466, 3.591549295774648, 5.0, 10.0, 20.0, 70.0, 35.0]

Current fitness of particle 13:
 [40.0, 30.0, 20.0, 5.0, 95.0, 5.0, 10.0, 20.0, 30.0, 65.0]

Current fitness of particle 14:
 [40.0, 30.0, 20.0, 82.32394366197182, 7.676056338028168, 5.0, 10.0, 20.0, 50.26315789473685, 15.263157894736842]

[0.9574172239639249, 0.04554490256078847, 0.4448233928941181, 0.8173453984898565, 0.7033396301705077, 0.2876617779518459, 0.5617680442829592, 0.22264527166937342, 0.9677123629992125, 0.7965839354613202, 0.7755933168632062, 0.6085178840066179, 0.5770767602443497, 0.6481432850548383, 0.11251938182126175, 0.23447243659539607, 30.0, 5.0, 61.0, 83.0, 68.0, 41.0, 16.0, 69.0, 48.0, 95.0, 51.0]
[0.9574172239639249, 0.04554490256078847, 0.4448233928941181, 0.8173453984898565, 0.7033396301705077, 0.2876617779518459, 0.5617680442829592, 0.22264527166937342, 0.9677123629992125, 0.7965839354613202, 0.7755933168632062, 0.6085178840066179, 0.5770767602443497, 0.6481432850548383, 0.11251938182126175, 0.23447243659539607, 30.0, 5.0, 61.0, 83.0, 68.0, 41.0, 16.0, 69.0, 48.0, 95.0, 51.0]
[0.9574172239639249, 0.04554490256078847, 0.4448233928941181, 0.8173453984898565, 0.7033396301705077, 0.2876617779518459, 0.5617680442829592, 0.22264527166937342, 0.9677123629992125, 0.7965839354613202, 0.7755933168632062, 0.6085178840066179, 0.5770767602443497, 0.6481432850548383, 0.11251938182126175, 0.23447243659539607, 30.0, 5.0, 61.0, 83.0, 68.0, 41.0, 16.0, 69.0, 48.0, 95.0, 51.0]
[0.9574172239639249, 0.04554490256078847, 0.4448233928941181, 0.8173453984898565, 0.7033396301705077, 0.2876617779518459, 0.5617680442829592, 0.22264527166937342, 0.9677123629992125, 0.7965839354613202, 0.7755933168632062, 0.6085178840066179, 0.5770767602443497, 0.6481432850548383, 0.11251938182126175, 0.23447243659539607, 30.0, 5.0, 61.0, 83.0, 68.0, 41.0, 16.0, 69.0, 48.0, 95.0, 51.0]
[0.9574172239639249, 0.04554490256078847, 0.4448233928941181, 0.8173453984898565, 0.7033396301705077, 0.2876617779518459, 0.5617680442829592, 0.22264527166937342, 0.9677123629992125, 0.7965839354613202, 0.7755933168632062, 0.6085178840066179, 0.5770767602443497, 0.6481432850548383, 0.11251938182126175, 0.23447243659539607, 30.0, 5.0, 61.0, 83.0, 68.0, 41.0, 16.0, 69.0, 48.0, 95.0, 51.0]
[0.9574172239639249, 0.04554490256078847, 0.4448233928941181, 0.8173453984898565, 0.7033396301705077, 0.2876617779518459, 0.5617680442829592, 0.22264527166937342, 0.9677123629992125, 0.7965839354613202, 0.7755933168632062, 0.6085178840066179, 0.5770767602443497, 0.6481432850548383, 0.11251938182126175, 0.23447243659539607, 30.0, 5.0, 61.0, 83.0, 68.0, 41.0, 16.0, 69.0, 48.0, 95.0, 51.0]
[0.9574172239639249, 0.04554490256078847, 0.4448233928941181, 0.8173453984898565, 0.7033396301705077, 0.2876617779518459, 0.5617680442829592, 0.22264527166937342, 0.9677123629992125, 0.7965839354613202, 0.7755933168632062, 0.6085178840066179, 0.5770767602443497, 0.6481432850548383, 0.11251938182126175, 0.23447243659539607, 30.0, 5.0, 61.0, 83.0, 68.0, 41.0, 16.0, 69.0, 48.0, 95.0, 51.0]
[0.9574172239639249, 0.04554490256078847, 0.4448233928941181, 0.8173453984898565, 0.7033396301705077, 0.2876617779518459, 0.5617680442829592, 0.22264527166937342, 0.9677123629992125, 0.7965839354613202, 0.7755933168632062, 0.6085178840066179, 0.5770767602443497, 0.6481432850548383, 0.11251938182126175, 0.23447243659539607, 30.0, 5.0, 61.0, 83.0, 68.0, 41.0, 16.0, 69.0, 48.0, 95.0, 51.0]
[0.9574172239639249, 0.04554490256078847, 0.4448233928941181, 0.8173453984898565, 0.7033396301705077, 0.2876617779518459, 0.5617680442829592, 0.22264527166937342, 0.9677123629992125, 0.7965839354613202, 0.7755933168632062, 0.6085178840066179, 0.5770767602443497, 0.6481432850548383, 0.11251938182126175, 0.23447243659539607, 30.0, 5.0, 61.0, 83.0, 68.0, 41.0, 16.0, 69.0, 48.0, 95.0, 51.0]
[0.9574172239639249, 0.04554490256078847, 0.4448233928941181, 0.8173453984898565, 0.7033396301705077, 0.2876617779518459, 0.5617680442829592, 0.22264527166937342, 0.9677123629992125, 0.7965839354613202, 0.7755933168632062, 0.6085178840066179, 0.5770767602443497, 0.6481432850548383, 0.11251938182126175, 0.23447243659539607, 30.0, 5.0, 61.0, 83.0, 68.0, 41.0, 16.0, 69.0, 48.0, 95.0, 51.0]
[0.9574172239639249, 0.04554490256078847, 0.4448233928941181, 0.8173453984898565, 0.7033396301705077, 0.2876617779518459, 0.5617680442829592, 0.22264527166937342, 0.9677123629992125, 0.7965839354613202, 0.7755933168632062, 0.6085178840066179, 0.5770767602443497, 0.6481432850548383, 0.11251938182126175, 0.23447243659539607, 30.0, 5.0, 61.0, 83.0, 68.0, 41.0, 16.0, 69.0, 48.0, 95.0, 51.0]
[0.9574172239639249, 0.04554490256078847, 0.4448233928941181, 0.8173453984898565, 0.7033396301705077, 0.2876617779518459, 0.5617680442829592, 0.22264527166937342, 0.9677123629992125, 0.7965839354613202, 0.7755933168632062, 0.6085178840066179, 0.5770767602443497, 0.6481432850548383, 0.11251938182126175, 0.23447243659539607, 30.0, 5.0, 61.0, 83.0, 68.0, 41.0, 16.0, 69.0, 48.0, 95.0, 51.0]
[0.9574172239639249, 0.04554490256078847, 0.4448233928941181, 0.8173453984898565, 0.7033396301705077, 0.2876617779518459, 0.5617680442829592, 0.22264527166937342, 0.9677123629992125, 0.7965839354613202, 0.7755933168632062, 0.6085178840066179, 0.5770767602443497, 0.6481432850548383, 0.11251938182126175, 0.23447243659539607, 30.0, 5.0, 61.0, 83.0, 68.0, 41.0, 16.0, 69.0, 48.0, 95.0, 51.0]
[0.9574172239639249, 0.04554490256078847, 0.4448233928941181, 0.8173453984898565, 0.7033396301705077, 0.2876617779518459, 0.5617680442829592, 0.22264527166937342, 0.9677123629992125, 0.7965839354613202, 0.7755933168632062, 0.6085178840066179, 0.5770767602443497, 0.6481432850548383, 0.11251938182126175, 0.23447243659539607, 30.0, 5.0, 61.0, 83.0, 68.0, 41.0, 16.0, 69.0, 48.0, 95.0, 51.0]
[0.9574172239639249, 0.04554490256078847, 0.4448233928941181, 0.8173453984898565, 0.7033396301705077, 0.2876617779518459, 0.5617680442829592, 0.22264527166937342, 0.9677123629992125, 0.7965839354613202, 0.7755933168632062, 0.6085178840066179, 0.5770767602443497, 0.6481432850548383, 0.11251938182126175, 0.23447243659539607, 30.0, 5.0, 61.0, 83.0, 68.0, 41.0, 16.0, 69.0, 48.0, 95.0, 51.0]
[40.0, 28.591549295774648, 18.591549295774648, 9.084507042253522, 78.09859154929578, 3.6842105263157894, 7.368421052631579, 16.05263157894737, 18.157894736842106, 45.26315789473685]
[0.9574172239639249, 0.04554490256078847, 0.4448233928941181, 0.8173453984898565, 0.7033396301705077, 0.2876617779518459, 0.5617680442829592, 0.22264527166937342, 0.9677123629992125, 0.7965839354613202, 0.7755933168632062, 0.6085178840066179, 0.5770767602443497, 0.6481432850548383, 0.11251938182126175, 0.23447243659539607, 30.0, 5.0, 61.0, 83.0, 68.0, 41.0, 16.0, 69.0, 48.0, 95.0, 51.0]
