particle 0 is updating position
due to fitness value of: 
[40.0, 30.0, 20.0, 5.0, 95.0, NaN, NaN, NaN, NaN, NaN]
which is less than: 
null


[0.1751401563833579, 0.8181871746557137, 0.12645046590892017, 0.34769463774665255, 0.5826265074359498, 0.12220237886507057, 0.45788612892368796, 0.8608364094837059, 0.38927689273142885, 0.4291115517545725, 0.09356867774414135, 0.5238025175953003, 0.9425804062795317, 0.14419676323466368, 0.46046304216905887, 0.4580358611526968, 49.0, 73.0, 67.0, 12.0, 94.0, 93.0, 67.0, 92.0, 8.0, 95.0, 29.0]
[0.1751401563833579, 0.8181871746557137, 0.12645046590892017, 0.34769463774665255, 0.5826265074359498, 0.12220237886507057, 0.45788612892368796, 0.8608364094837059, 0.38927689273142885, 0.4291115517545725, 0.09356867774414135, 0.5238025175953003, 0.9425804062795317, 0.14419676323466368, 0.46046304216905887, 0.4580358611526968, 49.0, 73.0, 67.0, 12.0, 94.0, 93.0, 67.0, 92.0, 8.0, 95.0, 29.0]
Iteration 0
Best Fitness
[40.0, 30.0, 20.0, 5.0, 95.0, NaN, NaN, NaN, NaN, NaN]
Best Position
[0.1751401563833579, 0.8181871746557137, 0.12645046590892017, 0.34769463774665255, 0.5826265074359498, 0.12220237886507057, 0.45788612892368796, 0.8608364094837059, 0.38927689273142885, 0.4291115517545725, 0.09356867774414135, 0.5238025175953003, 0.9425804062795317, 0.14419676323466368, 0.46046304216905887, 0.4580358611526968, 49.0, 73.0, 67.0, 12.0, 94.0, 93.0, 67.0, 92.0, 8.0, 95.0, 29.0]

-------------

Current fitness of particle 0:
 [40.0, 30.0, 20.0, 5.0, 95.0, NaN, NaN, NaN, NaN, NaN]

Current fitness of particle 1:
 [40.0, 30.0, 20.0, 95.0, 5.0, NaN, NaN, NaN, NaN, NaN]

Current fitness of particle 2:
 [40.0, 30.0, 20.0, 5.0, 95.0, NaN, NaN, NaN, NaN, NaN]

Current fitness of particle 3:
 [40.0, 30.0, 20.0, 5.0, 95.0, NaN, NaN, NaN, NaN, NaN]

Current fitness of particle 4:
 [40.0, 30.0, 20.0, 95.0, 5.0, NaN, NaN, NaN, NaN, NaN]

Current fitness of particle 5:
 [40.0, 30.0, 20.0, 5.0, 95.0, NaN, NaN, NaN, NaN, NaN]

Current fitness of particle 6:
 [60.0, 30.0, 20.0, 5.0, 5.0, NaN, NaN, NaN, NaN, NaN]

Current fitness of particle 7:
 [40.0, 30.0, 20.0, 5.0, 95.0, NaN, NaN, NaN, NaN, NaN]

Current fitness of particle 8:
 [40.0, 30.0, 20.0, 95.0, 5.0, NaN, NaN, NaN, NaN, NaN]

Current fitness of particle 9:
 [40.0, 30.0, 20.0, 5.0, 95.0, NaN, NaN, NaN, NaN, NaN]

Current fitness of particle 10:
 [40.0, 30.0, 20.0, 5.0, 95.0, NaN, NaN, NaN, NaN, NaN]

Current fitness of particle 11:
 [40.0, 30.0, 20.0, 95.0, 5.0, NaN, NaN, NaN, NaN, NaN]

Current fitness of particle 12:
 [60.0, 30.0, 20.0, 5.0, 5.0, NaN, NaN, NaN, NaN, NaN]

Current fitness of particle 13:
 [60.0, 30.0, 20.0, 5.0, 5.0, NaN, NaN, NaN, NaN, NaN]

Current fitness of particle 14:
 [40.0, 30.0, 20.0, 5.0, 95.0, NaN, NaN, NaN, NaN, NaN]

[0.1751401563833579, 0.8181871746557137, 0.12645046590892017, 0.34769463774665255, 0.5826265074359498, 0.12220237886507057, 0.45788612892368796, 0.8608364094837059, 0.38927689273142885, 0.4291115517545725, 0.09356867774414135, 0.5238025175953003, 0.9425804062795317, 0.14419676323466368, 0.46046304216905887, 0.4580358611526968, 49.0, 73.0, 67.0, 12.0, 94.0, 93.0, 67.0, 92.0, 8.0, 95.0, 29.0]
[0.1751401563833579, 0.8181871746557137, 0.12645046590892017, 0.34769463774665255, 0.5826265074359498, 0.12220237886507057, 0.45788612892368796, 0.8608364094837059, 0.38927689273142885, 0.4291115517545725, 0.09356867774414135, 0.5238025175953003, 0.9425804062795317, 0.14419676323466368, 0.46046304216905887, 0.4580358611526968, 49.0, 73.0, 67.0, 12.0, 94.0, 93.0, 67.0, 92.0, 8.0, 95.0, 29.0]
[0.1751401563833579, 0.8181871746557137, 0.12645046590892017, 0.34769463774665255, 0.5826265074359498, 0.12220237886507057, 0.45788612892368796, 0.8608364094837059, 0.38927689273142885, 0.4291115517545725, 0.09356867774414135, 0.5238025175953003, 0.9425804062795317, 0.14419676323466368, 0.46046304216905887, 0.4580358611526968, 49.0, 73.0, 67.0, 12.0, 94.0, 93.0, 67.0, 92.0, 8.0, 95.0, 29.0]
[0.1751401563833579, 0.8181871746557137, 0.12645046590892017, 0.34769463774665255, 0.5826265074359498, 0.12220237886507057, 0.45788612892368796, 0.8608364094837059, 0.38927689273142885, 0.4291115517545725, 0.09356867774414135, 0.5238025175953003, 0.9425804062795317, 0.14419676323466368, 0.46046304216905887, 0.4580358611526968, 49.0, 73.0, 67.0, 12.0, 94.0, 93.0, 67.0, 92.0, 8.0, 95.0, 29.0]
[0.1751401563833579, 0.8181871746557137, 0.12645046590892017, 0.34769463774665255, 0.5826265074359498, 0.12220237886507057, 0.45788612892368796, 0.8608364094837059, 0.38927689273142885, 0.4291115517545725, 0.09356867774414135, 0.5238025175953003, 0.9425804062795317, 0.14419676323466368, 0.46046304216905887, 0.4580358611526968, 49.0, 73.0, 67.0, 12.0, 94.0, 93.0, 67.0, 92.0, 8.0, 95.0, 29.0]
[0.1751401563833579, 0.8181871746557137, 0.12645046590892017, 0.34769463774665255, 0.5826265074359498, 0.12220237886507057, 0.45788612892368796, 0.8608364094837059, 0.38927689273142885, 0.4291115517545725, 0.09356867774414135, 0.5238025175953003, 0.9425804062795317, 0.14419676323466368, 0.46046304216905887, 0.4580358611526968, 49.0, 73.0, 67.0, 12.0, 94.0, 93.0, 67.0, 92.0, 8.0, 95.0, 29.0]
[0.1751401563833579, 0.8181871746557137, 0.12645046590892017, 0.34769463774665255, 0.5826265074359498, 0.12220237886507057, 0.45788612892368796, 0.8608364094837059, 0.38927689273142885, 0.4291115517545725, 0.09356867774414135, 0.5238025175953003, 0.9425804062795317, 0.14419676323466368, 0.46046304216905887, 0.4580358611526968, 49.0, 73.0, 67.0, 12.0, 94.0, 93.0, 67.0, 92.0, 8.0, 95.0, 29.0]
[0.1751401563833579, 0.8181871746557137, 0.12645046590892017, 0.34769463774665255, 0.5826265074359498, 0.12220237886507057, 0.45788612892368796, 0.8608364094837059, 0.38927689273142885, 0.4291115517545725, 0.09356867774414135, 0.5238025175953003, 0.9425804062795317, 0.14419676323466368, 0.46046304216905887, 0.4580358611526968, 49.0, 73.0, 67.0, 12.0, 94.0, 93.0, 67.0, 92.0, 8.0, 95.0, 29.0]
[0.1751401563833579, 0.8181871746557137, 0.12645046590892017, 0.34769463774665255, 0.5826265074359498, 0.12220237886507057, 0.45788612892368796, 0.8608364094837059, 0.38927689273142885, 0.4291115517545725, 0.09356867774414135, 0.5238025175953003, 0.9425804062795317, 0.14419676323466368, 0.46046304216905887, 0.4580358611526968, 49.0, 73.0, 67.0, 12.0, 94.0, 93.0, 67.0, 92.0, 8.0, 95.0, 29.0]
[0.1751401563833579, 0.8181871746557137, 0.12645046590892017, 0.34769463774665255, 0.5826265074359498, 0.12220237886507057, 0.45788612892368796, 0.8608364094837059, 0.38927689273142885, 0.4291115517545725, 0.09356867774414135, 0.5238025175953003, 0.9425804062795317, 0.14419676323466368, 0.46046304216905887, 0.4580358611526968, 49.0, 73.0, 67.0, 12.0, 94.0, 93.0, 67.0, 92.0, 8.0, 95.0, 29.0]
[0.1751401563833579, 0.8181871746557137, 0.12645046590892017, 0.34769463774665255, 0.5826265074359498, 0.12220237886507057, 0.45788612892368796, 0.8608364094837059, 0.38927689273142885, 0.4291115517545725, 0.09356867774414135, 0.5238025175953003, 0.9425804062795317, 0.14419676323466368, 0.46046304216905887, 0.4580358611526968, 49.0, 73.0, 67.0, 12.0, 94.0, 93.0, 67.0, 92.0, 8.0, 95.0, 29.0]
[0.1751401563833579, 0.8181871746557137, 0.12645046590892017, 0.34769463774665255, 0.5826265074359498, 0.12220237886507057, 0.45788612892368796, 0.8608364094837059, 0.38927689273142885, 0.4291115517545725, 0.09356867774414135, 0.5238025175953003, 0.9425804062795317, 0.14419676323466368, 0.46046304216905887, 0.4580358611526968, 49.0, 73.0, 67.0, 12.0, 94.0, 93.0, 67.0, 92.0, 8.0, 95.0, 29.0]
[0.1751401563833579, 0.8181871746557137, 0.12645046590892017, 0.34769463774665255, 0.5826265074359498, 0.12220237886507057, 0.45788612892368796, 0.8608364094837059, 0.38927689273142885, 0.4291115517545725, 0.09356867774414135, 0.5238025175953003, 0.9425804062795317, 0.14419676323466368, 0.46046304216905887, 0.4580358611526968, 49.0, 73.0, 67.0, 12.0, 94.0, 93.0, 67.0, 92.0, 8.0, 95.0, 29.0]
[0.1751401563833579, 0.8181871746557137, 0.12645046590892017, 0.34769463774665255, 0.5826265074359498, 0.12220237886507057, 0.45788612892368796, 0.8608364094837059, 0.38927689273142885, 0.4291115517545725, 0.09356867774414135, 0.5238025175953003, 0.9425804062795317, 0.14419676323466368, 0.46046304216905887, 0.4580358611526968, 49.0, 73.0, 67.0, 12.0, 94.0, 93.0, 67.0, 92.0, 8.0, 95.0, 29.0]
[0.1751401563833579, 0.8181871746557137, 0.12645046590892017, 0.34769463774665255, 0.5826265074359498, 0.12220237886507057, 0.45788612892368796, 0.8608364094837059, 0.38927689273142885, 0.4291115517545725, 0.09356867774414135, 0.5238025175953003, 0.9425804062795317, 0.14419676323466368, 0.46046304216905887, 0.4580358611526968, 49.0, 73.0, 67.0, 12.0, 94.0, 93.0, 67.0, 92.0, 8.0, 95.0, 29.0]
[40.0, 30.0, 20.0, 5.0, 95.0, NaN, NaN, NaN, NaN, NaN]
[0.1751401563833579, 0.8181871746557137, 0.12645046590892017, 0.34769463774665255, 0.5826265074359498, 0.12220237886507057, 0.45788612892368796, 0.8608364094837059, 0.38927689273142885, 0.4291115517545725, 0.09356867774414135, 0.5238025175953003, 0.9425804062795317, 0.14419676323466368, 0.46046304216905887, 0.4580358611526968, 49.0, 73.0, 67.0, 12.0, 94.0, 93.0, 67.0, 92.0, 8.0, 95.0, 29.0]
Iteration 1
Best Fitness
[40.0, 30.0, 20.0, 5.0, 95.0, NaN, NaN, NaN, NaN, NaN]
Best Position
[0.1751401563833579, 0.8181871746557137, 0.12645046590892017, 0.34769463774665255, 0.5826265074359498, 0.12220237886507057, 0.45788612892368796, 0.8608364094837059, 0.38927689273142885, 0.4291115517545725, 0.09356867774414135, 0.5238025175953003, 0.9425804062795317, 0.14419676323466368, 0.46046304216905887, 0.4580358611526968, 49.0, 73.0, 67.0, 12.0, 94.0, 93.0, 67.0, 92.0, 8.0, 95.0, 29.0]

-------------

Current fitness of particle 0:
 [40.0, 30.0, 20.0, 5.0, 95.0, NaN, NaN, NaN, NaN, NaN]

Current fitness of particle 1:
 [40.0, 30.0, 20.0, 5.0, 95.0, NaN, NaN, NaN, NaN, NaN]

Current fitness of particle 2:
 [40.0, 30.0, 20.0, 5.0, 95.0, NaN, NaN, NaN, NaN, NaN]

Current fitness of particle 3:
 [40.0, 30.0, 20.0, 5.0, 95.0, NaN, NaN, NaN, NaN, NaN]

Current fitness of particle 4:
 [40.0, 30.0, 20.0, 5.0, 95.0, NaN, NaN, NaN, NaN, NaN]

Current fitness of particle 5:
 [40.0, 30.0, 20.0, 5.0, 95.0, NaN, NaN, NaN, NaN, NaN]

Current fitness of particle 6:
 [40.0, 30.0, 20.0, 5.0, 95.0, NaN, NaN, NaN, NaN, NaN]

Current fitness of particle 7:
 [40.0, 30.0, 20.0, 5.0, 95.0, NaN, NaN, NaN, NaN, NaN]

Current fitness of particle 8:
 [40.0, 30.0, 20.0, 5.0, 95.0, NaN, NaN, NaN, NaN, NaN]

Current fitness of particle 9:
 [40.0, 30.0, 20.0, 5.0, 95.0, NaN, NaN, NaN, NaN, NaN]

Current fitness of particle 10:
 [40.0, 30.0, 20.0, 5.0, 95.0, NaN, NaN, NaN, NaN, NaN]

Current fitness of particle 11:
 [40.0, 30.0, 20.0, 5.0, 95.0, NaN, NaN, NaN, NaN, NaN]

Current fitness of particle 12:
 [40.0, 30.0, 20.0, 5.0, 95.0, NaN, NaN, NaN, NaN, NaN]

Current fitness of particle 13:
 [40.0, 30.0, 20.0, 5.0, 95.0, NaN, NaN, NaN, NaN, NaN]

Current fitness of particle 14:
 [40.0, 30.0, 20.0, 5.0, 95.0, NaN, NaN, NaN, NaN, NaN]

[0.1751401563833579, 0.8181871746557137, 0.12645046590892017, 0.34769463774665255, 0.5826265074359498, 0.12220237886507057, 0.45788612892368796, 0.8608364094837059, 0.38927689273142885, 0.4291115517545725, 0.09356867774414135, 0.5238025175953003, 0.9425804062795317, 0.14419676323466368, 0.46046304216905887, 0.4580358611526968, 49.0, 73.0, 67.0, 12.0, 94.0, 93.0, 67.0, 92.0, 8.0, 95.0, 29.0]
[0.1751401563833579, 0.8181871746557137, 0.12645046590892017, 0.34769463774665255, 0.5826265074359498, 0.12220237886507057, 0.45788612892368796, 0.8608364094837059, 0.38927689273142885, 0.4291115517545725, 0.09356867774414135, 0.5238025175953003, 0.9425804062795317, 0.14419676323466368, 0.46046304216905887, 0.4580358611526968, 49.0, 73.0, 67.0, 12.0, 94.0, 93.0, 67.0, 92.0, 8.0, 95.0, 29.0]
[0.1751401563833579, 0.8181871746557137, 0.12645046590892017, 0.34769463774665255, 0.5826265074359498, 0.12220237886507057, 0.45788612892368796, 0.8608364094837059, 0.38927689273142885, 0.4291115517545725, 0.09356867774414135, 0.5238025175953003, 0.9425804062795317, 0.14419676323466368, 0.46046304216905887, 0.4580358611526968, 49.0, 73.0, 67.0, 12.0, 94.0, 93.0, 67.0, 92.0, 8.0, 95.0, 29.0]
[0.1751401563833579, 0.8181871746557137, 0.12645046590892017, 0.34769463774665255, 0.5826265074359498, 0.12220237886507057, 0.45788612892368796, 0.8608364094837059, 0.38927689273142885, 0.4291115517545725, 0.09356867774414135, 0.5238025175953003, 0.9425804062795317, 0.14419676323466368, 0.46046304216905887, 0.4580358611526968, 49.0, 73.0, 67.0, 12.0, 94.0, 93.0, 67.0, 92.0, 8.0, 95.0, 29.0]
[0.1751401563833579, 0.8181871746557137, 0.12645046590892017, 0.34769463774665255, 0.5826265074359498, 0.12220237886507057, 0.45788612892368796, 0.8608364094837059, 0.38927689273142885, 0.4291115517545725, 0.09356867774414135, 0.5238025175953003, 0.9425804062795317, 0.14419676323466368, 0.46046304216905887, 0.4580358611526968, 49.0, 73.0, 67.0, 12.0, 94.0, 93.0, 67.0, 92.0, 8.0, 95.0, 29.0]
[0.1751401563833579, 0.8181871746557137, 0.12645046590892017, 0.34769463774665255, 0.5826265074359498, 0.12220237886507057, 0.45788612892368796, 0.8608364094837059, 0.38927689273142885, 0.4291115517545725, 0.09356867774414135, 0.5238025175953003, 0.9425804062795317, 0.14419676323466368, 0.46046304216905887, 0.4580358611526968, 49.0, 73.0, 67.0, 12.0, 94.0, 93.0, 67.0, 92.0, 8.0, 95.0, 29.0]
[0.1751401563833579, 0.8181871746557137, 0.12645046590892017, 0.34769463774665255, 0.5826265074359498, 0.12220237886507057, 0.45788612892368796, 0.8608364094837059, 0.38927689273142885, 0.4291115517545725, 0.09356867774414135, 0.5238025175953003, 0.9425804062795317, 0.14419676323466368, 0.46046304216905887, 0.4580358611526968, 49.0, 73.0, 67.0, 12.0, 94.0, 93.0, 67.0, 92.0, 8.0, 95.0, 29.0]
[0.1751401563833579, 0.8181871746557137, 0.12645046590892017, 0.34769463774665255, 0.5826265074359498, 0.12220237886507057, 0.45788612892368796, 0.8608364094837059, 0.38927689273142885, 0.4291115517545725, 0.09356867774414135, 0.5238025175953003, 0.9425804062795317, 0.14419676323466368, 0.46046304216905887, 0.4580358611526968, 49.0, 73.0, 67.0, 12.0, 94.0, 93.0, 67.0, 92.0, 8.0, 95.0, 29.0]
[0.1751401563833579, 0.8181871746557137, 0.12645046590892017, 0.34769463774665255, 0.5826265074359498, 0.12220237886507057, 0.45788612892368796, 0.8608364094837059, 0.38927689273142885, 0.4291115517545725, 0.09356867774414135, 0.5238025175953003, 0.9425804062795317, 0.14419676323466368, 0.46046304216905887, 0.4580358611526968, 49.0, 73.0, 67.0, 12.0, 94.0, 93.0, 67.0, 92.0, 8.0, 95.0, 29.0]
[0.1751401563833579, 0.8181871746557137, 0.12645046590892017, 0.34769463774665255, 0.5826265074359498, 0.12220237886507057, 0.45788612892368796, 0.8608364094837059, 0.38927689273142885, 0.4291115517545725, 0.09356867774414135, 0.5238025175953003, 0.9425804062795317, 0.14419676323466368, 0.46046304216905887, 0.4580358611526968, 49.0, 73.0, 67.0, 12.0, 94.0, 93.0, 67.0, 92.0, 8.0, 95.0, 29.0]
[0.1751401563833579, 0.8181871746557137, 0.12645046590892017, 0.34769463774665255, 0.5826265074359498, 0.12220237886507057, 0.45788612892368796, 0.8608364094837059, 0.38927689273142885, 0.4291115517545725, 0.09356867774414135, 0.5238025175953003, 0.9425804062795317, 0.14419676323466368, 0.46046304216905887, 0.4580358611526968, 49.0, 73.0, 67.0, 12.0, 94.0, 93.0, 67.0, 92.0, 8.0, 95.0, 29.0]
[0.1751401563833579, 0.8181871746557137, 0.12645046590892017, 0.34769463774665255, 0.5826265074359498, 0.12220237886507057, 0.45788612892368796, 0.8608364094837059, 0.38927689273142885, 0.4291115517545725, 0.09356867774414135, 0.5238025175953003, 0.9425804062795317, 0.14419676323466368, 0.46046304216905887, 0.4580358611526968, 49.0, 73.0, 67.0, 12.0, 94.0, 93.0, 67.0, 92.0, 8.0, 95.0, 29.0]
[0.1751401563833579, 0.8181871746557137, 0.12645046590892017, 0.34769463774665255, 0.5826265074359498, 0.12220237886507057, 0.45788612892368796, 0.8608364094837059, 0.38927689273142885, 0.4291115517545725, 0.09356867774414135, 0.5238025175953003, 0.9425804062795317, 0.14419676323466368, 0.46046304216905887, 0.4580358611526968, 49.0, 73.0, 67.0, 12.0, 94.0, 93.0, 67.0, 92.0, 8.0, 95.0, 29.0]
[0.1751401563833579, 0.8181871746557137, 0.12645046590892017, 0.34769463774665255, 0.5826265074359498, 0.12220237886507057, 0.45788612892368796, 0.8608364094837059, 0.38927689273142885, 0.4291115517545725, 0.09356867774414135, 0.5238025175953003, 0.9425804062795317, 0.14419676323466368, 0.46046304216905887, 0.4580358611526968, 49.0, 73.0, 67.0, 12.0, 94.0, 93.0, 67.0, 92.0, 8.0, 95.0, 29.0]
[0.1751401563833579, 0.8181871746557137, 0.12645046590892017, 0.34769463774665255, 0.5826265074359498, 0.12220237886507057, 0.45788612892368796, 0.8608364094837059, 0.38927689273142885, 0.4291115517545725, 0.09356867774414135, 0.5238025175953003, 0.9425804062795317, 0.14419676323466368, 0.46046304216905887, 0.4580358611526968, 49.0, 73.0, 67.0, 12.0, 94.0, 93.0, 67.0, 92.0, 8.0, 95.0, 29.0]
[40.0, 30.0, 20.0, 5.0, 95.0, NaN, NaN, NaN, NaN, NaN]
[0.1751401563833579, 0.8181871746557137, 0.12645046590892017, 0.34769463774665255, 0.5826265074359498, 0.12220237886507057, 0.45788612892368796, 0.8608364094837059, 0.38927689273142885, 0.4291115517545725, 0.09356867774414135, 0.5238025175953003, 0.9425804062795317, 0.14419676323466368, 0.46046304216905887, 0.4580358611526968, 49.0, 73.0, 67.0, 12.0, 94.0, 93.0, 67.0, 92.0, 8.0, 95.0, 29.0]
Iteration 2
Best Fitness
[40.0, 30.0, 20.0, 5.0, 95.0, NaN, NaN, NaN, NaN, NaN]
Best Position
[0.1751401563833579, 0.8181871746557137, 0.12645046590892017, 0.34769463774665255, 0.5826265074359498, 0.12220237886507057, 0.45788612892368796, 0.8608364094837059, 0.38927689273142885, 0.4291115517545725, 0.09356867774414135, 0.5238025175953003, 0.9425804062795317, 0.14419676323466368, 0.46046304216905887, 0.4580358611526968, 49.0, 73.0, 67.0, 12.0, 94.0, 93.0, 67.0, 92.0, 8.0, 95.0, 29.0]

-------------

Current fitness of particle 0:
 [40.0, 30.0, 20.0, 5.0, 95.0, NaN, NaN, NaN, NaN, NaN]

Current fitness of particle 1:
 [40.0, 30.0, 20.0, 5.0, 95.0, NaN, NaN, NaN, NaN, NaN]

Current fitness of particle 2:
 [40.0, 30.0, 20.0, 5.0, 95.0, NaN, NaN, NaN, NaN, NaN]

Current fitness of particle 3:
 [40.0, 30.0, 20.0, 5.0, 95.0, NaN, NaN, NaN, NaN, NaN]

Current fitness of particle 4:
 [40.0, 30.0, 20.0, 5.0, 95.0, NaN, NaN, NaN, NaN, NaN]

Current fitness of particle 5:
 [40.0, 30.0, 20.0, 5.0, 95.0, NaN, NaN, NaN, NaN, NaN]

Current fitness of particle 6:
 [40.0, 30.0, 20.0, 5.0, 95.0, NaN, NaN, NaN, NaN, NaN]

Current fitness of particle 7:
 [40.0, 30.0, 20.0, 5.0, 95.0, NaN, NaN, NaN, NaN, NaN]

Current fitness of particle 8:
 [40.0, 30.0, 20.0, 5.0, 95.0, NaN, NaN, NaN, NaN, NaN]

Current fitness of particle 9:
 [40.0, 30.0, 20.0, 5.0, 95.0, NaN, NaN, NaN, NaN, NaN]

Current fitness of particle 10:
 [40.0, 30.0, 20.0, 5.0, 95.0, NaN, NaN, NaN, NaN, NaN]

Current fitness of particle 11:
 [40.0, 30.0, 20.0, 5.0, 95.0, NaN, NaN, NaN, NaN, NaN]

Current fitness of particle 12:
 [40.0, 30.0, 20.0, 5.0, 95.0, NaN, NaN, NaN, NaN, NaN]

Current fitness of particle 13:
 [40.0, 30.0, 20.0, 5.0, 95.0, NaN, NaN, NaN, NaN, NaN]

Current fitness of particle 14:
 [40.0, 30.0, 20.0, 5.0, 95.0, NaN, NaN, NaN, NaN, NaN]

[0.1751401563833579, 0.8181871746557137, 0.12645046590892017, 0.34769463774665255, 0.5826265074359498, 0.12220237886507057, 0.45788612892368796, 0.8608364094837059, 0.38927689273142885, 0.4291115517545725, 0.09356867774414135, 0.5238025175953003, 0.9425804062795317, 0.14419676323466368, 0.46046304216905887, 0.4580358611526968, 49.0, 73.0, 67.0, 12.0, 94.0, 93.0, 67.0, 92.0, 8.0, 95.0, 29.0]
[0.1751401563833579, 0.8181871746557137, 0.12645046590892017, 0.34769463774665255, 0.5826265074359498, 0.12220237886507057, 0.45788612892368796, 0.8608364094837059, 0.38927689273142885, 0.4291115517545725, 0.09356867774414135, 0.5238025175953003, 0.9425804062795317, 0.14419676323466368, 0.46046304216905887, 0.4580358611526968, 49.0, 73.0, 67.0, 12.0, 94.0, 93.0, 67.0, 92.0, 8.0, 95.0, 29.0]
[0.1751401563833579, 0.8181871746557137, 0.12645046590892017, 0.34769463774665255, 0.5826265074359498, 0.12220237886507057, 0.45788612892368796, 0.8608364094837059, 0.38927689273142885, 0.4291115517545725, 0.09356867774414135, 0.5238025175953003, 0.9425804062795317, 0.14419676323466368, 0.46046304216905887, 0.4580358611526968, 49.0, 73.0, 67.0, 12.0, 94.0, 93.0, 67.0, 92.0, 8.0, 95.0, 29.0]
[0.1751401563833579, 0.8181871746557137, 0.12645046590892017, 0.34769463774665255, 0.5826265074359498, 0.12220237886507057, 0.45788612892368796, 0.8608364094837059, 0.38927689273142885, 0.4291115517545725, 0.09356867774414135, 0.5238025175953003, 0.9425804062795317, 0.14419676323466368, 0.46046304216905887, 0.4580358611526968, 49.0, 73.0, 67.0, 12.0, 94.0, 93.0, 67.0, 92.0, 8.0, 95.0, 29.0]
[0.1751401563833579, 0.8181871746557137, 0.12645046590892017, 0.34769463774665255, 0.5826265074359498, 0.12220237886507057, 0.45788612892368796, 0.8608364094837059, 0.38927689273142885, 0.4291115517545725, 0.09356867774414135, 0.5238025175953003, 0.9425804062795317, 0.14419676323466368, 0.46046304216905887, 0.4580358611526968, 49.0, 73.0, 67.0, 12.0, 94.0, 93.0, 67.0, 92.0, 8.0, 95.0, 29.0]
[0.1751401563833579, 0.8181871746557137, 0.12645046590892017, 0.34769463774665255, 0.5826265074359498, 0.12220237886507057, 0.45788612892368796, 0.8608364094837059, 0.38927689273142885, 0.4291115517545725, 0.09356867774414135, 0.5238025175953003, 0.9425804062795317, 0.14419676323466368, 0.46046304216905887, 0.4580358611526968, 49.0, 73.0, 67.0, 12.0, 94.0, 93.0, 67.0, 92.0, 8.0, 95.0, 29.0]
[0.1751401563833579, 0.8181871746557137, 0.12645046590892017, 0.34769463774665255, 0.5826265074359498, 0.12220237886507057, 0.45788612892368796, 0.8608364094837059, 0.38927689273142885, 0.4291115517545725, 0.09356867774414135, 0.5238025175953003, 0.9425804062795317, 0.14419676323466368, 0.46046304216905887, 0.4580358611526968, 49.0, 73.0, 67.0, 12.0, 94.0, 93.0, 67.0, 92.0, 8.0, 95.0, 29.0]
[0.1751401563833579, 0.8181871746557137, 0.12645046590892017, 0.34769463774665255, 0.5826265074359498, 0.12220237886507057, 0.45788612892368796, 0.8608364094837059, 0.38927689273142885, 0.4291115517545725, 0.09356867774414135, 0.5238025175953003, 0.9425804062795317, 0.14419676323466368, 0.46046304216905887, 0.4580358611526968, 49.0, 73.0, 67.0, 12.0, 94.0, 93.0, 67.0, 92.0, 8.0, 95.0, 29.0]
[0.1751401563833579, 0.8181871746557137, 0.12645046590892017, 0.34769463774665255, 0.5826265074359498, 0.12220237886507057, 0.45788612892368796, 0.8608364094837059, 0.38927689273142885, 0.4291115517545725, 0.09356867774414135, 0.5238025175953003, 0.9425804062795317, 0.14419676323466368, 0.46046304216905887, 0.4580358611526968, 49.0, 73.0, 67.0, 12.0, 94.0, 93.0, 67.0, 92.0, 8.0, 95.0, 29.0]
[0.1751401563833579, 0.8181871746557137, 0.12645046590892017, 0.34769463774665255, 0.5826265074359498, 0.12220237886507057, 0.45788612892368796, 0.8608364094837059, 0.38927689273142885, 0.4291115517545725, 0.09356867774414135, 0.5238025175953003, 0.9425804062795317, 0.14419676323466368, 0.46046304216905887, 0.4580358611526968, 49.0, 73.0, 67.0, 12.0, 94.0, 93.0, 67.0, 92.0, 8.0, 95.0, 29.0]
[0.1751401563833579, 0.8181871746557137, 0.12645046590892017, 0.34769463774665255, 0.5826265074359498, 0.12220237886507057, 0.45788612892368796, 0.8608364094837059, 0.38927689273142885, 0.4291115517545725, 0.09356867774414135, 0.5238025175953003, 0.9425804062795317, 0.14419676323466368, 0.46046304216905887, 0.4580358611526968, 49.0, 73.0, 67.0, 12.0, 94.0, 93.0, 67.0, 92.0, 8.0, 95.0, 29.0]
[0.1751401563833579, 0.8181871746557137, 0.12645046590892017, 0.34769463774665255, 0.5826265074359498, 0.12220237886507057, 0.45788612892368796, 0.8608364094837059, 0.38927689273142885, 0.4291115517545725, 0.09356867774414135, 0.5238025175953003, 0.9425804062795317, 0.14419676323466368, 0.46046304216905887, 0.4580358611526968, 49.0, 73.0, 67.0, 12.0, 94.0, 93.0, 67.0, 92.0, 8.0, 95.0, 29.0]
[0.1751401563833579, 0.8181871746557137, 0.12645046590892017, 0.34769463774665255, 0.5826265074359498, 0.12220237886507057, 0.45788612892368796, 0.8608364094837059, 0.38927689273142885, 0.4291115517545725, 0.09356867774414135, 0.5238025175953003, 0.9425804062795317, 0.14419676323466368, 0.46046304216905887, 0.4580358611526968, 49.0, 73.0, 67.0, 12.0, 94.0, 93.0, 67.0, 92.0, 8.0, 95.0, 29.0]
[0.1751401563833579, 0.8181871746557137, 0.12645046590892017, 0.34769463774665255, 0.5826265074359498, 0.12220237886507057, 0.45788612892368796, 0.8608364094837059, 0.38927689273142885, 0.4291115517545725, 0.09356867774414135, 0.5238025175953003, 0.9425804062795317, 0.14419676323466368, 0.46046304216905887, 0.4580358611526968, 49.0, 73.0, 67.0, 12.0, 94.0, 93.0, 67.0, 92.0, 8.0, 95.0, 29.0]
[0.1751401563833579, 0.8181871746557137, 0.12645046590892017, 0.34769463774665255, 0.5826265074359498, 0.12220237886507057, 0.45788612892368796, 0.8608364094837059, 0.38927689273142885, 0.4291115517545725, 0.09356867774414135, 0.5238025175953003, 0.9425804062795317, 0.14419676323466368, 0.46046304216905887, 0.4580358611526968, 49.0, 73.0, 67.0, 12.0, 94.0, 93.0, 67.0, 92.0, 8.0, 95.0, 29.0]
[40.0, 30.0, 20.0, 5.0, 95.0, NaN, NaN, NaN, NaN, NaN]
[0.1751401563833579, 0.8181871746557137, 0.12645046590892017, 0.34769463774665255, 0.5826265074359498, 0.12220237886507057, 0.45788612892368796, 0.8608364094837059, 0.38927689273142885, 0.4291115517545725, 0.09356867774414135, 0.5238025175953003, 0.9425804062795317, 0.14419676323466368, 0.46046304216905887, 0.4580358611526968, 49.0, 73.0, 67.0, 12.0, 94.0, 93.0, 67.0, 92.0, 8.0, 95.0, 29.0]
Iteration 3
Best Fitness
[40.0, 30.0, 20.0, 5.0, 95.0, NaN, NaN, NaN, NaN, NaN]
Best Position
[0.1751401563833579, 0.8181871746557137, 0.12645046590892017, 0.34769463774665255, 0.5826265074359498, 0.12220237886507057, 0.45788612892368796, 0.8608364094837059, 0.38927689273142885, 0.4291115517545725, 0.09356867774414135, 0.5238025175953003, 0.9425804062795317, 0.14419676323466368, 0.46046304216905887, 0.4580358611526968, 49.0, 73.0, 67.0, 12.0, 94.0, 93.0, 67.0, 92.0, 8.0, 95.0, 29.0]

-------------

Current fitness of particle 0:
 [40.0, 30.0, 20.0, 5.0, 95.0, NaN, NaN, NaN, NaN, NaN]

Current fitness of particle 1:
 [40.0, 30.0, 20.0, 5.0, 95.0, NaN, NaN, NaN, NaN, NaN]

Current fitness of particle 2:
 [60.0, 30.0, 20.0, 5.0, 5.0, NaN, NaN, NaN, NaN, NaN]

Current fitness of particle 3:
 [40.0, 30.0, 20.0, 5.0, 95.0, NaN, NaN, NaN, NaN, NaN]

Current fitness of particle 4:
 [40.0, 30.0, 20.0, 5.0, 95.0, NaN, NaN, NaN, NaN, NaN]

Current fitness of particle 5:
 [40.0, 30.0, 20.0, 5.0, 95.0, NaN, NaN, NaN, NaN, NaN]

Current fitness of particle 6:
 [40.0, 30.0, 20.0, 5.0, 95.0, NaN, NaN, NaN, NaN, NaN]

Current fitness of particle 7:
 [40.0, 30.0, 20.0, 5.0, 95.0, NaN, NaN, NaN, NaN, NaN]

Current fitness of particle 8:
 [40.0, 30.0, 20.0, 5.0, 95.0, NaN, NaN, NaN, NaN, NaN]

Current fitness of particle 9:
 [40.0, 30.0, 20.0, 5.0, 95.0, NaN, NaN, NaN, NaN, NaN]

Current fitness of particle 10:
 [40.0, 30.0, 20.0, 5.0, 95.0, NaN, NaN, NaN, NaN, NaN]

Current fitness of particle 11:
 [40.0, 30.0, 20.0, 5.0, 95.0, NaN, NaN, NaN, NaN, NaN]

Current fitness of particle 12:
 [40.0, 30.0, 20.0, 5.0, 95.0, NaN, NaN, NaN, NaN, NaN]

Current fitness of particle 13:
 [40.0, 30.0, 20.0, 5.0, 95.0, NaN, NaN, NaN, NaN, NaN]

Current fitness of particle 14:
 [40.0, 30.0, 20.0, 5.0, 95.0, NaN, NaN, NaN, NaN, NaN]

[0.1751401563833579, 0.8181871746557137, 0.12645046590892017, 0.34769463774665255, 0.5826265074359498, 0.12220237886507057, 0.45788612892368796, 0.8608364094837059, 0.38927689273142885, 0.4291115517545725, 0.09356867774414135, 0.5238025175953003, 0.9425804062795317, 0.14419676323466368, 0.46046304216905887, 0.4580358611526968, 49.0, 73.0, 67.0, 12.0, 94.0, 93.0, 67.0, 92.0, 8.0, 95.0, 29.0]
[0.1751401563833579, 0.8181871746557137, 0.12645046590892017, 0.34769463774665255, 0.5826265074359498, 0.12220237886507057, 0.45788612892368796, 0.8608364094837059, 0.38927689273142885, 0.4291115517545725, 0.09356867774414135, 0.5238025175953003, 0.9425804062795317, 0.14419676323466368, 0.46046304216905887, 0.4580358611526968, 49.0, 73.0, 67.0, 12.0, 94.0, 93.0, 67.0, 92.0, 8.0, 95.0, 29.0]
[0.1751401563833579, 0.8181871746557137, 0.12645046590892017, 0.34769463774665255, 0.5826265074359498, 0.12220237886507057, 0.45788612892368796, 0.8608364094837059, 0.38927689273142885, 0.4291115517545725, 0.09356867774414135, 0.5238025175953003, 0.9425804062795317, 0.14419676323466368, 0.46046304216905887, 0.4580358611526968, 49.0, 73.0, 67.0, 12.0, 94.0, 93.0, 67.0, 92.0, 8.0, 95.0, 29.0]
[0.1751401563833579, 0.8181871746557137, 0.12645046590892017, 0.34769463774665255, 0.5826265074359498, 0.12220237886507057, 0.45788612892368796, 0.8608364094837059, 0.38927689273142885, 0.4291115517545725, 0.09356867774414135, 0.5238025175953003, 0.9425804062795317, 0.14419676323466368, 0.46046304216905887, 0.4580358611526968, 49.0, 73.0, 67.0, 12.0, 94.0, 93.0, 67.0, 92.0, 8.0, 95.0, 29.0]
[0.1751401563833579, 0.8181871746557137, 0.12645046590892017, 0.34769463774665255, 0.5826265074359498, 0.12220237886507057, 0.45788612892368796, 0.8608364094837059, 0.38927689273142885, 0.4291115517545725, 0.09356867774414135, 0.5238025175953003, 0.9425804062795317, 0.14419676323466368, 0.46046304216905887, 0.4580358611526968, 49.0, 73.0, 67.0, 12.0, 94.0, 93.0, 67.0, 92.0, 8.0, 95.0, 29.0]
[0.1751401563833579, 0.8181871746557137, 0.12645046590892017, 0.34769463774665255, 0.5826265074359498, 0.12220237886507057, 0.45788612892368796, 0.8608364094837059, 0.38927689273142885, 0.4291115517545725, 0.09356867774414135, 0.5238025175953003, 0.9425804062795317, 0.14419676323466368, 0.46046304216905887, 0.4580358611526968, 49.0, 73.0, 67.0, 12.0, 94.0, 93.0, 67.0, 92.0, 8.0, 95.0, 29.0]
[0.1751401563833579, 0.8181871746557137, 0.12645046590892017, 0.34769463774665255, 0.5826265074359498, 0.12220237886507057, 0.45788612892368796, 0.8608364094837059, 0.38927689273142885, 0.4291115517545725, 0.09356867774414135, 0.5238025175953003, 0.9425804062795317, 0.14419676323466368, 0.46046304216905887, 0.4580358611526968, 49.0, 73.0, 67.0, 12.0, 94.0, 93.0, 67.0, 92.0, 8.0, 95.0, 29.0]
[0.1751401563833579, 0.8181871746557137, 0.12645046590892017, 0.34769463774665255, 0.5826265074359498, 0.12220237886507057, 0.45788612892368796, 0.8608364094837059, 0.38927689273142885, 0.4291115517545725, 0.09356867774414135, 0.5238025175953003, 0.9425804062795317, 0.14419676323466368, 0.46046304216905887, 0.4580358611526968, 49.0, 73.0, 67.0, 12.0, 94.0, 93.0, 67.0, 92.0, 8.0, 95.0, 29.0]
[0.1751401563833579, 0.8181871746557137, 0.12645046590892017, 0.34769463774665255, 0.5826265074359498, 0.12220237886507057, 0.45788612892368796, 0.8608364094837059, 0.38927689273142885, 0.4291115517545725, 0.09356867774414135, 0.5238025175953003, 0.9425804062795317, 0.14419676323466368, 0.46046304216905887, 0.4580358611526968, 49.0, 73.0, 67.0, 12.0, 94.0, 93.0, 67.0, 92.0, 8.0, 95.0, 29.0]
[0.1751401563833579, 0.8181871746557137, 0.12645046590892017, 0.34769463774665255, 0.5826265074359498, 0.12220237886507057, 0.45788612892368796, 0.8608364094837059, 0.38927689273142885, 0.4291115517545725, 0.09356867774414135, 0.5238025175953003, 0.9425804062795317, 0.14419676323466368, 0.46046304216905887, 0.4580358611526968, 49.0, 73.0, 67.0, 12.0, 94.0, 93.0, 67.0, 92.0, 8.0, 95.0, 29.0]
[0.1751401563833579, 0.8181871746557137, 0.12645046590892017, 0.34769463774665255, 0.5826265074359498, 0.12220237886507057, 0.45788612892368796, 0.8608364094837059, 0.38927689273142885, 0.4291115517545725, 0.09356867774414135, 0.5238025175953003, 0.9425804062795317, 0.14419676323466368, 0.46046304216905887, 0.4580358611526968, 49.0, 73.0, 67.0, 12.0, 94.0, 93.0, 67.0, 92.0, 8.0, 95.0, 29.0]
[0.1751401563833579, 0.8181871746557137, 0.12645046590892017, 0.34769463774665255, 0.5826265074359498, 0.12220237886507057, 0.45788612892368796, 0.8608364094837059, 0.38927689273142885, 0.4291115517545725, 0.09356867774414135, 0.5238025175953003, 0.9425804062795317, 0.14419676323466368, 0.46046304216905887, 0.4580358611526968, 49.0, 73.0, 67.0, 12.0, 94.0, 93.0, 67.0, 92.0, 8.0, 95.0, 29.0]
[0.1751401563833579, 0.8181871746557137, 0.12645046590892017, 0.34769463774665255, 0.5826265074359498, 0.12220237886507057, 0.45788612892368796, 0.8608364094837059, 0.38927689273142885, 0.4291115517545725, 0.09356867774414135, 0.5238025175953003, 0.9425804062795317, 0.14419676323466368, 0.46046304216905887, 0.4580358611526968, 49.0, 73.0, 67.0, 12.0, 94.0, 93.0, 67.0, 92.0, 8.0, 95.0, 29.0]
[0.1751401563833579, 0.8181871746557137, 0.12645046590892017, 0.34769463774665255, 0.5826265074359498, 0.12220237886507057, 0.45788612892368796, 0.8608364094837059, 0.38927689273142885, 0.4291115517545725, 0.09356867774414135, 0.5238025175953003, 0.9425804062795317, 0.14419676323466368, 0.46046304216905887, 0.4580358611526968, 49.0, 73.0, 67.0, 12.0, 94.0, 93.0, 67.0, 92.0, 8.0, 95.0, 29.0]
[0.1751401563833579, 0.8181871746557137, 0.12645046590892017, 0.34769463774665255, 0.5826265074359498, 0.12220237886507057, 0.45788612892368796, 0.8608364094837059, 0.38927689273142885, 0.4291115517545725, 0.09356867774414135, 0.5238025175953003, 0.9425804062795317, 0.14419676323466368, 0.46046304216905887, 0.4580358611526968, 49.0, 73.0, 67.0, 12.0, 94.0, 93.0, 67.0, 92.0, 8.0, 95.0, 29.0]
[40.0, 30.0, 20.0, 5.0, 95.0, NaN, NaN, NaN, NaN, NaN]
[0.1751401563833579, 0.8181871746557137, 0.12645046590892017, 0.34769463774665255, 0.5826265074359498, 0.12220237886507057, 0.45788612892368796, 0.8608364094837059, 0.38927689273142885, 0.4291115517545725, 0.09356867774414135, 0.5238025175953003, 0.9425804062795317, 0.14419676323466368, 0.46046304216905887, 0.4580358611526968, 49.0, 73.0, 67.0, 12.0, 94.0, 93.0, 67.0, 92.0, 8.0, 95.0, 29.0]
Iteration 4
Best Fitness
[40.0, 30.0, 20.0, 5.0, 95.0, NaN, NaN, NaN, NaN, NaN]
Best Position
[0.1751401563833579, 0.8181871746557137, 0.12645046590892017, 0.34769463774665255, 0.5826265074359498, 0.12220237886507057, 0.45788612892368796, 0.8608364094837059, 0.38927689273142885, 0.4291115517545725, 0.09356867774414135, 0.5238025175953003, 0.9425804062795317, 0.14419676323466368, 0.46046304216905887, 0.4580358611526968, 49.0, 73.0, 67.0, 12.0, 94.0, 93.0, 67.0, 92.0, 8.0, 95.0, 29.0]

-------------

Current fitness of particle 0:
 [40.0, 30.0, 20.0, 5.0, 95.0, NaN, NaN, NaN, NaN, NaN]

Current fitness of particle 1:
 [40.0, 30.0, 20.0, 5.0, 95.0, NaN, NaN, NaN, NaN, NaN]

Current fitness of particle 2:
 [60.0, 30.0, 20.0, 5.0, 5.0, NaN, NaN, NaN, NaN, NaN]

Current fitness of particle 3:
 [40.0, 30.0, 20.0, 5.0, 95.0, NaN, NaN, NaN, NaN, NaN]

Current fitness of particle 4:
 [40.0, 30.0, 20.0, 5.0, 95.0, NaN, NaN, NaN, NaN, NaN]

Current fitness of particle 5:
 [40.0, 30.0, 20.0, 5.0, 95.0, NaN, NaN, NaN, NaN, NaN]

Current fitness of particle 6:
 [40.0, 30.0, 20.0, 5.0, 95.0, NaN, NaN, NaN, NaN, NaN]

Current fitness of particle 7:
 [40.0, 30.0, 20.0, 5.0, 95.0, NaN, NaN, NaN, NaN, NaN]

Current fitness of particle 8:
 [40.0, 30.0, 20.0, 5.0, 95.0, NaN, NaN, NaN, NaN, NaN]

Current fitness of particle 9:
 [40.0, 30.0, 20.0, 5.0, 95.0, NaN, NaN, NaN, NaN, NaN]

Current fitness of particle 10:
 [40.0, 30.0, 20.0, 5.0, 95.0, NaN, NaN, NaN, NaN, NaN]

Current fitness of particle 11:
 [40.0, 30.0, 20.0, 5.0, 95.0, NaN, NaN, NaN, NaN, NaN]

Current fitness of particle 12:
 [40.0, 30.0, 20.0, 5.0, 95.0, NaN, NaN, NaN, NaN, NaN]

Current fitness of particle 13:
 [40.0, 30.0, 20.0, 5.0, 95.0, NaN, NaN, NaN, NaN, NaN]

Current fitness of particle 14:
 [40.0, 30.0, 20.0, 5.0, 95.0, NaN, NaN, NaN, NaN, NaN]

[0.1751401563833579, 0.8181871746557137, 0.12645046590892017, 0.34769463774665255, 0.5826265074359498, 0.12220237886507057, 0.45788612892368796, 0.8608364094837059, 0.38927689273142885, 0.4291115517545725, 0.09356867774414135, 0.5238025175953003, 0.9425804062795317, 0.14419676323466368, 0.46046304216905887, 0.4580358611526968, 49.0, 73.0, 67.0, 12.0, 94.0, 93.0, 67.0, 92.0, 8.0, 95.0, 29.0]
[0.1751401563833579, 0.8181871746557137, 0.12645046590892017, 0.34769463774665255, 0.5826265074359498, 0.12220237886507057, 0.45788612892368796, 0.8608364094837059, 0.38927689273142885, 0.4291115517545725, 0.09356867774414135, 0.5238025175953003, 0.9425804062795317, 0.14419676323466368, 0.46046304216905887, 0.4580358611526968, 49.0, 73.0, 67.0, 12.0, 94.0, 93.0, 67.0, 92.0, 8.0, 95.0, 29.0]
[0.1751401563833579, 0.8181871746557137, 0.12645046590892017, 0.34769463774665255, 0.5826265074359498, 0.12220237886507057, 0.45788612892368796, 0.8608364094837059, 0.38927689273142885, 0.4291115517545725, 0.09356867774414135, 0.5238025175953003, 0.9425804062795317, 0.14419676323466368, 0.46046304216905887, 0.4580358611526968, 49.0, 73.0, 67.0, 12.0, 94.0, 93.0, 67.0, 92.0, 8.0, 95.0, 29.0]
[0.1751401563833579, 0.8181871746557137, 0.12645046590892017, 0.34769463774665255, 0.5826265074359498, 0.12220237886507057, 0.45788612892368796, 0.8608364094837059, 0.38927689273142885, 0.4291115517545725, 0.09356867774414135, 0.5238025175953003, 0.9425804062795317, 0.14419676323466368, 0.46046304216905887, 0.4580358611526968, 49.0, 73.0, 67.0, 12.0, 94.0, 93.0, 67.0, 92.0, 8.0, 95.0, 29.0]
[0.1751401563833579, 0.8181871746557137, 0.12645046590892017, 0.34769463774665255, 0.5826265074359498, 0.12220237886507057, 0.45788612892368796, 0.8608364094837059, 0.38927689273142885, 0.4291115517545725, 0.09356867774414135, 0.5238025175953003, 0.9425804062795317, 0.14419676323466368, 0.46046304216905887, 0.4580358611526968, 49.0, 73.0, 67.0, 12.0, 94.0, 93.0, 67.0, 92.0, 8.0, 95.0, 29.0]
[0.1751401563833579, 0.8181871746557137, 0.12645046590892017, 0.34769463774665255, 0.5826265074359498, 0.12220237886507057, 0.45788612892368796, 0.8608364094837059, 0.38927689273142885, 0.4291115517545725, 0.09356867774414135, 0.5238025175953003, 0.9425804062795317, 0.14419676323466368, 0.46046304216905887, 0.4580358611526968, 49.0, 73.0, 67.0, 12.0, 94.0, 93.0, 67.0, 92.0, 8.0, 95.0, 29.0]
[0.1751401563833579, 0.8181871746557137, 0.12645046590892017, 0.34769463774665255, 0.5826265074359498, 0.12220237886507057, 0.45788612892368796, 0.8608364094837059, 0.38927689273142885, 0.4291115517545725, 0.09356867774414135, 0.5238025175953003, 0.9425804062795317, 0.14419676323466368, 0.46046304216905887, 0.4580358611526968, 49.0, 73.0, 67.0, 12.0, 94.0, 93.0, 67.0, 92.0, 8.0, 95.0, 29.0]
[0.1751401563833579, 0.8181871746557137, 0.12645046590892017, 0.34769463774665255, 0.5826265074359498, 0.12220237886507057, 0.45788612892368796, 0.8608364094837059, 0.38927689273142885, 0.4291115517545725, 0.09356867774414135, 0.5238025175953003, 0.9425804062795317, 0.14419676323466368, 0.46046304216905887, 0.4580358611526968, 49.0, 73.0, 67.0, 12.0, 94.0, 93.0, 67.0, 92.0, 8.0, 95.0, 29.0]
[0.1751401563833579, 0.8181871746557137, 0.12645046590892017, 0.34769463774665255, 0.5826265074359498, 0.12220237886507057, 0.45788612892368796, 0.8608364094837059, 0.38927689273142885, 0.4291115517545725, 0.09356867774414135, 0.5238025175953003, 0.9425804062795317, 0.14419676323466368, 0.46046304216905887, 0.4580358611526968, 49.0, 73.0, 67.0, 12.0, 94.0, 93.0, 67.0, 92.0, 8.0, 95.0, 29.0]
[0.1751401563833579, 0.8181871746557137, 0.12645046590892017, 0.34769463774665255, 0.5826265074359498, 0.12220237886507057, 0.45788612892368796, 0.8608364094837059, 0.38927689273142885, 0.4291115517545725, 0.09356867774414135, 0.5238025175953003, 0.9425804062795317, 0.14419676323466368, 0.46046304216905887, 0.4580358611526968, 49.0, 73.0, 67.0, 12.0, 94.0, 93.0, 67.0, 92.0, 8.0, 95.0, 29.0]
[0.1751401563833579, 0.8181871746557137, 0.12645046590892017, 0.34769463774665255, 0.5826265074359498, 0.12220237886507057, 0.45788612892368796, 0.8608364094837059, 0.38927689273142885, 0.4291115517545725, 0.09356867774414135, 0.5238025175953003, 0.9425804062795317, 0.14419676323466368, 0.46046304216905887, 0.4580358611526968, 49.0, 73.0, 67.0, 12.0, 94.0, 93.0, 67.0, 92.0, 8.0, 95.0, 29.0]
[0.1751401563833579, 0.8181871746557137, 0.12645046590892017, 0.34769463774665255, 0.5826265074359498, 0.12220237886507057, 0.45788612892368796, 0.8608364094837059, 0.38927689273142885, 0.4291115517545725, 0.09356867774414135, 0.5238025175953003, 0.9425804062795317, 0.14419676323466368, 0.46046304216905887, 0.4580358611526968, 49.0, 73.0, 67.0, 12.0, 94.0, 93.0, 67.0, 92.0, 8.0, 95.0, 29.0]
[0.1751401563833579, 0.8181871746557137, 0.12645046590892017, 0.34769463774665255, 0.5826265074359498, 0.12220237886507057, 0.45788612892368796, 0.8608364094837059, 0.38927689273142885, 0.4291115517545725, 0.09356867774414135, 0.5238025175953003, 0.9425804062795317, 0.14419676323466368, 0.46046304216905887, 0.4580358611526968, 49.0, 73.0, 67.0, 12.0, 94.0, 93.0, 67.0, 92.0, 8.0, 95.0, 29.0]
[0.1751401563833579, 0.8181871746557137, 0.12645046590892017, 0.34769463774665255, 0.5826265074359498, 0.12220237886507057, 0.45788612892368796, 0.8608364094837059, 0.38927689273142885, 0.4291115517545725, 0.09356867774414135, 0.5238025175953003, 0.9425804062795317, 0.14419676323466368, 0.46046304216905887, 0.4580358611526968, 49.0, 73.0, 67.0, 12.0, 94.0, 93.0, 67.0, 92.0, 8.0, 95.0, 29.0]
[0.1751401563833579, 0.8181871746557137, 0.12645046590892017, 0.34769463774665255, 0.5826265074359498, 0.12220237886507057, 0.45788612892368796, 0.8608364094837059, 0.38927689273142885, 0.4291115517545725, 0.09356867774414135, 0.5238025175953003, 0.9425804062795317, 0.14419676323466368, 0.46046304216905887, 0.4580358611526968, 49.0, 73.0, 67.0, 12.0, 94.0, 93.0, 67.0, 92.0, 8.0, 95.0, 29.0]
[40.0, 30.0, 20.0, 5.0, 95.0, NaN, NaN, NaN, NaN, NaN]
[0.1751401563833579, 0.8181871746557137, 0.12645046590892017, 0.34769463774665255, 0.5826265074359498, 0.12220237886507057, 0.45788612892368796, 0.8608364094837059, 0.38927689273142885, 0.4291115517545725, 0.09356867774414135, 0.5238025175953003, 0.9425804062795317, 0.14419676323466368, 0.46046304216905887, 0.4580358611526968, 49.0, 73.0, 67.0, 12.0, 94.0, 93.0, 67.0, 92.0, 8.0, 95.0, 29.0]
