particle 0 is updating position
due to fitness value of: 
[29.416058394160586, 30.0, 20.0, 6.313868613138686, 73.1021897810219, 2.4074074074074066, 10.0, 20.0, 21.58249158249158, 49.17508417508418]
which is less than: 
null


[0.3372981857110726, 0.6237632478213325, 0.02227987651391683, 0.27857637871942054, 0.608526961210862, 0.6244803895187725, 0.3779244935969397, 0.7115218940844402, 0.5096743440797966, 0.8573701220103355, 0.18811744053538026, 0.614869343588069, 0.20022664251061217, 0.6067188284692658, 0.5630842610333484, 0.8423007242871277, 5.0, 14.0, 50.0, 90.0, 20.0, 92.0, 26.0, 1.0, 10.0, 26.0, 76.0]
[0.3372981857110726, 0.6237632478213325, 0.02227987651391683, 0.27857637871942054, 0.608526961210862, 0.6244803895187725, 0.3779244935969397, 0.7115218940844402, 0.5096743440797966, 0.8573701220103355, 0.18811744053538026, 0.614869343588069, 0.20022664251061217, 0.6067188284692658, 0.5630842610333484, 0.8423007242871277, 5.0, 14.0, 50.0, 90.0, 20.0, 92.0, 26.0, 1.0, 10.0, 26.0, 76.0]
particle 1 is updating position
due to fitness value of: 
[19.927007299270073, 30.0, 3.3576642335766422, 5.0, 51.56934306569343, 6.7845117845117855, 10.0, 4.579124579124578, 30.0, 28.636363636363633]
which is less than: 
[29.416058394160586, 30.0, 20.0, 6.313868613138686, 73.1021897810219, 2.4074074074074066, 10.0, 20.0, 21.58249158249158, 49.17508417508418]


[0.42719304341437014, 0.3705103045568263, 0.5048064083634568, 0.4808253837007084, 0.6008985312563927, 0.39643679567624557, 0.881903599398641, 0.026341845736752134, 0.9988075140376518, 0.5614020941777439, 0.6078835198993613, 0.11007539528369903, 0.5496204376470338, 0.5182959118183419, 0.3835059780159432, 0.3821992580515884, 71.0, 90.0, 62.0, 43.0, 90.0, 97.0, 79.0, 29.0, 49.0, 19.0, 86.0]
[0.42719304341437014, 0.3705103045568263, 0.5048064083634568, 0.4808253837007084, 0.6008985312563927, 0.39643679567624557, 0.881903599398641, 0.026341845736752134, 0.9988075140376518, 0.5614020941777439, 0.6078835198993613, 0.11007539528369903, 0.5496204376470338, 0.5182959118183419, 0.3835059780159432, 0.3821992580515884, 71.0, 90.0, 62.0, 43.0, 90.0, 97.0, 79.0, 29.0, 49.0, 19.0, 86.0]
particle 2 is updating position
due to fitness value of: 
[13.722627737226276, 30.0, 3.3576642335766422, 5.0, 45.36496350364964, 9.14141414141414, 10.0, 4.915824915824917, 30.0, 25.94276094276094]
which is less than: 
[19.927007299270073, 30.0, 3.3576642335766422, 5.0, 51.56934306569343, 6.7845117845117855, 10.0, 4.579124579124578, 30.0, 28.636363636363633]


[0.30660163919973527, 0.009068369518854369, 0.8747108839847062, 0.42740658809346954, 0.7770609564270958, 0.4359155962591038, 0.4539473847039883, 0.17807817993642328, 0.024100402203792615, 0.49838829887403224, 0.4641125041156491, 0.5374418473416237, 0.07485813855113421, 0.6031094470475387, 0.7064934063795582, 0.35822712687776903, 77.0, 87.0, 40.0, 66.0, 95.0, 45.0, 10.0, 73.0, 6.0, 7.0, 26.0]
[0.30660163919973527, 0.009068369518854369, 0.8747108839847062, 0.42740658809346954, 0.7770609564270958, 0.4359155962591038, 0.4539473847039883, 0.17807817993642328, 0.024100402203792615, 0.49838829887403224, 0.4641125041156491, 0.5374418473416237, 0.07485813855113421, 0.6031094470475387, 0.7064934063795582, 0.35822712687776903, 77.0, 87.0, 40.0, 66.0, 95.0, 45.0, 10.0, 73.0, 6.0, 7.0, 26.0]
particle 4 is updating position
due to fitness value of: 
[13.357664233576642, 12.481751824817518, 14.16058394160584, 5.0, 45.0, 9.14141414141414, 6.498316498316498, 11.582491582491581, 30.0, 25.94276094276094]
which is less than: 
[13.722627737226276, 30.0, 3.3576642335766422, 5.0, 45.36496350364964, 9.14141414141414, 10.0, 4.915824915824917, 30.0, 25.94276094276094]


[0.08861603968273801, 0.7353668872086873, 0.6892012629019714, 0.5556007607247313, 0.7488959278476189, 0.6827715368670224, 0.103181673931668, 0.6669348158025448, 0.498851912781748, 0.0695958288459535, 0.7322458297096511, 0.3112984740092448, 0.44149004388053115, 0.8597605013693927, 0.5315388490499104, 0.5776780449483173, 30.0, 64.0, 39.0, 83.0, 19.0, 78.0, 1.0, 61.0, 34.0, 72.0, 54.0]
[0.08861603968273801, 0.7353668872086873, 0.6892012629019714, 0.5556007607247313, 0.7488959278476189, 0.6827715368670224, 0.103181673931668, 0.6669348158025448, 0.498851912781748, 0.0695958288459535, 0.7322458297096511, 0.3112984740092448, 0.44149004388053115, 0.8597605013693927, 0.5315388490499104, 0.5776780449483173, 30.0, 64.0, 39.0, 83.0, 19.0, 78.0, 1.0, 61.0, 34.0, 72.0, 54.0]
Iteration 0
Best Fitness
[13.357664233576642, 12.481751824817518, 14.16058394160584, 5.0, 45.0, 9.14141414141414, 6.498316498316498, 11.582491582491581, 30.0, 25.94276094276094]
Best Position
[0.08861603968273801, 0.7353668872086873, 0.6892012629019714, 0.5556007607247313, 0.7488959278476189, 0.6827715368670224, 0.103181673931668, 0.6669348158025448, 0.498851912781748, 0.0695958288459535, 0.7322458297096511, 0.3112984740092448, 0.44149004388053115, 0.8597605013693927, 0.5315388490499104, 0.5776780449483173, 30.0, 64.0, 39.0, 83.0, 19.0, 78.0, 1.0, 61.0, 34.0, 72.0, 54.0]

-------------

Current fitness of particle 0:
 [29.416058394160586, 30.0, 20.0, 6.313868613138686, 73.1021897810219, 2.4074074074074066, 10.0, 20.0, 21.58249158249158, 49.17508417508418]

Current fitness of particle 1:
 [19.927007299270073, 30.0, 3.3576642335766422, 5.0, 51.56934306569343, 6.7845117845117855, 10.0, 4.579124579124578, 30.0, 28.636363636363633]

Current fitness of particle 2:
 [13.722627737226276, 30.0, 3.3576642335766422, 5.0, 45.36496350364964, 9.14141414141414, 10.0, 4.915824915824917, 30.0, 25.94276094276094]

Current fitness of particle 3:
 [37.08029197080292, 30.0, 12.7007299270073, 11.788321167883211, 67.99270072992701, 3.3164983164983166, 10.0, 13.93939393939394, 10.134680134680135, 37.39057239057239]

Current fitness of particle 4:
 [13.357664233576642, 12.481751824817518, 14.16058394160584, 5.0, 45.0, 9.14141414141414, 6.498316498316498, 11.582491582491581, 30.0, 25.94276094276094]

Current fitness of particle 5:
 [40.0, 30.0, 20.0, 5.0, 95.0, 5.0, 10.0, 20.0, 30.0, 65.0]

Current fitness of particle 6:
 [15.912408759124087, 30.0, 20.0, 5.0, 70.91240875912408, 15.2020202020202, 10.0, 20.0, 30.0, 44.79797979797981]

Current fitness of particle 7:
 [32.33576642335766, 30.0, 7.372262773722628, 5.0, 59.96350364963503, 0.38720538720538666, 10.0, 8.956228956228959, 30.0, 30.65656565656566]

Current fitness of particle 8:
 [9.635036496350367, 30.0, 12.481751824817515, 5.0, 12.883211678832119, 35.06734006734007, 10.0, 15.690235690235689, 30.0, 10.757575757575758]

Current fitness of particle 9:
 [30.875912408759124, 8.467153284671536, 14.16058394160584, 4.635036496350365, 58.138686131386855, 1.0606060606060606, 11.885521885521886, 12.92929292929293, 30.0, 29.983164983164983]

Current fitness of particle 10:
 [28.686131386861312, 30.0, 12.335766423357665, 5.0, 76.02189781021897, 1.7340067340067336, 10.0, 13.602693602693602, 30.0, 51.86868686868688]

Current fitness of particle 11:
 [35.62043795620438, 30.0, 2.4817518248175183, 25.29197080291971, 42.81021897810219, 1.6329966329966332, 10.0, 3.5016835016835017, 7.777777777777779, 22.912457912457917]

Current fitness of particle 12:
 [36.35036496350365, 30.0, 12.335766423357665, 60.69343065693431, 17.99270072992701, 3.3164983164983166, 10.0, 13.93939393939394, 41.38047138047138, 14.124579124579125]

Current fitness of particle 13:
 [36.715328467153284, 30.0, 3.9416058394160594, 4.635036496350365, 75.2919708029197, 2.3063973063973067, 10.0, 2.4915824915824913, 30.0, 44.79797979797981]

Current fitness of particle 14:
 [13.722627737226276, 2.6277372262773717, 14.16058394160584, 35.51094890510949, 5.0, 10.824915824915825, 18.95622895622896, 11.582491582491581, 16.801346801346796, 35.0]

[0.08861603968273801, 0.7353668872086873, 0.6892012629019714, 0.5556007607247313, 0.7488959278476189, 0.6827715368670224, 0.103181673931668, 0.6669348158025448, 0.498851912781748, 0.0695958288459535, 0.7322458297096511, 0.3112984740092448, 0.44149004388053115, 0.8597605013693927, 0.5315388490499104, 0.5776780449483173, 30.0, 64.0, 39.0, 83.0, 19.0, 78.0, 1.0, 61.0, 34.0, 72.0, 54.0]
[0.08861603968273801, 0.7353668872086873, 0.6892012629019714, 0.5556007607247313, 0.7488959278476189, 0.6827715368670224, 0.103181673931668, 0.6669348158025448, 0.498851912781748, 0.0695958288459535, 0.7322458297096511, 0.3112984740092448, 0.44149004388053115, 0.8597605013693927, 0.5315388490499104, 0.5776780449483173, 30.0, 64.0, 39.0, 83.0, 19.0, 78.0, 1.0, 61.0, 34.0, 72.0, 54.0]
[0.08861603968273801, 0.7353668872086873, 0.6892012629019714, 0.5556007607247313, 0.7488959278476189, 0.6827715368670224, 0.103181673931668, 0.6669348158025448, 0.498851912781748, 0.0695958288459535, 0.7322458297096511, 0.3112984740092448, 0.44149004388053115, 0.8597605013693927, 0.5315388490499104, 0.5776780449483173, 30.0, 64.0, 39.0, 83.0, 19.0, 78.0, 1.0, 61.0, 34.0, 72.0, 54.0]
[0.08861603968273801, 0.7353668872086873, 0.6892012629019714, 0.5556007607247313, 0.7488959278476189, 0.6827715368670224, 0.103181673931668, 0.6669348158025448, 0.498851912781748, 0.0695958288459535, 0.7322458297096511, 0.3112984740092448, 0.44149004388053115, 0.8597605013693927, 0.5315388490499104, 0.5776780449483173, 30.0, 64.0, 39.0, 83.0, 19.0, 78.0, 1.0, 61.0, 34.0, 72.0, 54.0]
[0.08861603968273801, 0.7353668872086873, 0.6892012629019714, 0.5556007607247313, 0.7488959278476189, 0.6827715368670224, 0.103181673931668, 0.6669348158025448, 0.498851912781748, 0.0695958288459535, 0.7322458297096511, 0.3112984740092448, 0.44149004388053115, 0.8597605013693927, 0.5315388490499104, 0.5776780449483173, 30.0, 64.0, 39.0, 83.0, 19.0, 78.0, 1.0, 61.0, 34.0, 72.0, 54.0]
[0.08861603968273801, 0.7353668872086873, 0.6892012629019714, 0.5556007607247313, 0.7488959278476189, 0.6827715368670224, 0.103181673931668, 0.6669348158025448, 0.498851912781748, 0.0695958288459535, 0.7322458297096511, 0.3112984740092448, 0.44149004388053115, 0.8597605013693927, 0.5315388490499104, 0.5776780449483173, 30.0, 64.0, 39.0, 83.0, 19.0, 78.0, 1.0, 61.0, 34.0, 72.0, 54.0]
[0.08861603968273801, 0.7353668872086873, 0.6892012629019714, 0.5556007607247313, 0.7488959278476189, 0.6827715368670224, 0.103181673931668, 0.6669348158025448, 0.498851912781748, 0.0695958288459535, 0.7322458297096511, 0.3112984740092448, 0.44149004388053115, 0.8597605013693927, 0.5315388490499104, 0.5776780449483173, 30.0, 64.0, 39.0, 83.0, 19.0, 78.0, 1.0, 61.0, 34.0, 72.0, 54.0]
[0.08861603968273801, 0.7353668872086873, 0.6892012629019714, 0.5556007607247313, 0.7488959278476189, 0.6827715368670224, 0.103181673931668, 0.6669348158025448, 0.498851912781748, 0.0695958288459535, 0.7322458297096511, 0.3112984740092448, 0.44149004388053115, 0.8597605013693927, 0.5315388490499104, 0.5776780449483173, 30.0, 64.0, 39.0, 83.0, 19.0, 78.0, 1.0, 61.0, 34.0, 72.0, 54.0]
[0.08861603968273801, 0.7353668872086873, 0.6892012629019714, 0.5556007607247313, 0.7488959278476189, 0.6827715368670224, 0.103181673931668, 0.6669348158025448, 0.498851912781748, 0.0695958288459535, 0.7322458297096511, 0.3112984740092448, 0.44149004388053115, 0.8597605013693927, 0.5315388490499104, 0.5776780449483173, 30.0, 64.0, 39.0, 83.0, 19.0, 78.0, 1.0, 61.0, 34.0, 72.0, 54.0]
[0.08861603968273801, 0.7353668872086873, 0.6892012629019714, 0.5556007607247313, 0.7488959278476189, 0.6827715368670224, 0.103181673931668, 0.6669348158025448, 0.498851912781748, 0.0695958288459535, 0.7322458297096511, 0.3112984740092448, 0.44149004388053115, 0.8597605013693927, 0.5315388490499104, 0.5776780449483173, 30.0, 64.0, 39.0, 83.0, 19.0, 78.0, 1.0, 61.0, 34.0, 72.0, 54.0]
[0.08861603968273801, 0.7353668872086873, 0.6892012629019714, 0.5556007607247313, 0.7488959278476189, 0.6827715368670224, 0.103181673931668, 0.6669348158025448, 0.498851912781748, 0.0695958288459535, 0.7322458297096511, 0.3112984740092448, 0.44149004388053115, 0.8597605013693927, 0.5315388490499104, 0.5776780449483173, 30.0, 64.0, 39.0, 83.0, 19.0, 78.0, 1.0, 61.0, 34.0, 72.0, 54.0]
[0.08861603968273801, 0.7353668872086873, 0.6892012629019714, 0.5556007607247313, 0.7488959278476189, 0.6827715368670224, 0.103181673931668, 0.6669348158025448, 0.498851912781748, 0.0695958288459535, 0.7322458297096511, 0.3112984740092448, 0.44149004388053115, 0.8597605013693927, 0.5315388490499104, 0.5776780449483173, 30.0, 64.0, 39.0, 83.0, 19.0, 78.0, 1.0, 61.0, 34.0, 72.0, 54.0]
[0.08861603968273801, 0.7353668872086873, 0.6892012629019714, 0.5556007607247313, 0.7488959278476189, 0.6827715368670224, 0.103181673931668, 0.6669348158025448, 0.498851912781748, 0.0695958288459535, 0.7322458297096511, 0.3112984740092448, 0.44149004388053115, 0.8597605013693927, 0.5315388490499104, 0.5776780449483173, 30.0, 64.0, 39.0, 83.0, 19.0, 78.0, 1.0, 61.0, 34.0, 72.0, 54.0]
[0.08861603968273801, 0.7353668872086873, 0.6892012629019714, 0.5556007607247313, 0.7488959278476189, 0.6827715368670224, 0.103181673931668, 0.6669348158025448, 0.498851912781748, 0.0695958288459535, 0.7322458297096511, 0.3112984740092448, 0.44149004388053115, 0.8597605013693927, 0.5315388490499104, 0.5776780449483173, 30.0, 64.0, 39.0, 83.0, 19.0, 78.0, 1.0, 61.0, 34.0, 72.0, 54.0]
[0.08861603968273801, 0.7353668872086873, 0.6892012629019714, 0.5556007607247313, 0.7488959278476189, 0.6827715368670224, 0.103181673931668, 0.6669348158025448, 0.498851912781748, 0.0695958288459535, 0.7322458297096511, 0.3112984740092448, 0.44149004388053115, 0.8597605013693927, 0.5315388490499104, 0.5776780449483173, 30.0, 64.0, 39.0, 83.0, 19.0, 78.0, 1.0, 61.0, 34.0, 72.0, 54.0]
[13.357664233576642, 12.481751824817518, 14.16058394160584, 5.0, 45.0, 9.14141414141414, 6.498316498316498, 11.582491582491581, 30.0, 25.94276094276094]
[0.08861603968273801, 0.7353668872086873, 0.6892012629019714, 0.5556007607247313, 0.7488959278476189, 0.6827715368670224, 0.103181673931668, 0.6669348158025448, 0.498851912781748, 0.0695958288459535, 0.7322458297096511, 0.3112984740092448, 0.44149004388053115, 0.8597605013693927, 0.5315388490499104, 0.5776780449483173, 30.0, 64.0, 39.0, 83.0, 19.0, 78.0, 1.0, 61.0, 34.0, 72.0, 54.0]
particle 4 is updating position
due to fitness value of: 
[13.357664233576642, 12.481751824817518, 14.16058394160584, 5.0, 45.0, 9.14141414141414, 6.498316498316498, 11.582491582491581, 30.0, 25.94276094276094]
which is less than: 
[13.357664233576642, 12.481751824817518, 14.16058394160584, 5.0, 45.0, 9.14141414141414, 6.498316498316498, 11.582491582491581, 30.0, 25.94276094276094]


[0.08861603968273801, 0.7353668872086873, 0.6892012629019714, 0.5556007607247313, 0.7488959278476189, 0.6827715368670224, 0.103181673931668, 0.6669348158025448, 0.498851912781748, 0.0695958288459535, 0.7322458297096511, 0.3112984740092448, 0.44149004388053115, 0.8597605013693927, 0.5315388490499104, 0.5776780449483173, 30.0, 64.0, 39.0, 83.0, 19.0, 78.0, 1.0, 61.0, 34.0, 72.0, 54.0]
[0.08861603968273801, 0.7353668872086873, 0.6892012629019714, 0.5556007607247313, 0.7488959278476189, 0.6827715368670224, 0.103181673931668, 0.6669348158025448, 0.498851912781748, 0.0695958288459535, 0.7322458297096511, 0.3112984740092448, 0.44149004388053115, 0.8597605013693927, 0.5315388490499104, 0.5776780449483173, 30.0, 64.0, 39.0, 83.0, 19.0, 78.0, 1.0, 61.0, 34.0, 72.0, 54.0]
Iteration 1
Best Fitness
[13.357664233576642, 12.481751824817518, 14.16058394160584, 5.0, 45.0, 9.14141414141414, 6.498316498316498, 11.582491582491581, 30.0, 25.94276094276094]
Best Position
[0.08861603968273801, 0.7353668872086873, 0.6892012629019714, 0.5556007607247313, 0.7488959278476189, 0.6827715368670224, 0.103181673931668, 0.6669348158025448, 0.498851912781748, 0.0695958288459535, 0.7322458297096511, 0.3112984740092448, 0.44149004388053115, 0.8597605013693927, 0.5315388490499104, 0.5776780449483173, 30.0, 64.0, 39.0, 83.0, 19.0, 78.0, 1.0, 61.0, 34.0, 72.0, 54.0]

-------------

Current fitness of particle 0:
 [40.0, 30.0, 20.0, 5.0, 95.0, 5.0, 10.0, 20.0, 30.0, 65.0]

Current fitness of particle 1:
 [11.532846715328468, 30.0, 13.211678832116789, 33.32116788321168, 5.0, 11.161616161616163, 10.0, 17.373737373737377, 16.464646464646464, 35.0]

Current fitness of particle 2:
 [40.0, 30.0, 20.0, 5.0, 95.0, 5.0, 10.0, 20.0, 30.0, 65.0]

Current fitness of particle 3:
 [40.0, 30.0, 20.0, 5.0, 95.0, 5.0, 10.0, 20.0, 30.0, 65.0]

Current fitness of particle 4:
 [13.357664233576642, 12.481751824817518, 14.16058394160584, 5.0, 45.0, 9.14141414141414, 6.498316498316498, 11.582491582491581, 30.0, 25.94276094276094]

Current fitness of particle 5:
 [40.0, 30.0, 20.0, 5.0, 95.0, 5.0, 10.0, 20.0, 30.0, 65.0]

Current fitness of particle 6:
 [40.0, 30.0, 20.0, 5.0, 95.0, 5.0, 10.0, 20.0, 30.0, 65.0]

Current fitness of particle 7:
 [40.0, 30.0, 20.0, 5.0, 95.0, 5.0, 10.0, 20.0, 30.0, 65.0]

Current fitness of particle 8:
 [40.0, 30.0, 20.0, 5.0, 95.0, 5.0, 10.0, 20.0, 30.0, 65.0]

Current fitness of particle 9:
 [40.0, 30.0, 20.0, 5.0, 95.0, 5.0, 10.0, 20.0, 30.0, 65.0]

Current fitness of particle 10:
 [40.0, 30.0, 20.0, 5.0, 95.0, 5.0, 10.0, 20.0, 30.0, 65.0]

Current fitness of particle 11:
 [40.0, 30.0, 20.0, 5.0, 95.0, 5.0, 10.0, 20.0, 30.0, 65.0]

Current fitness of particle 12:
 [40.0, 30.0, 20.0, 5.0, 95.0, 5.0, 10.0, 20.0, 30.0, 65.0]

Current fitness of particle 13:
 [22.408759124087588, 30.0, 17.591240875912405, 5.0, 5.0, 51.9023569023569, 10.0, 23.097643097643093, 30.0, 35.0]

Current fitness of particle 14:
 [40.0, 30.0, 20.0, 5.0, 95.0, 5.0, 10.0, 20.0, 30.0, 65.0]

[0.08861603968273801, 0.7353668872086873, 0.6892012629019714, 0.5556007607247313, 0.7488959278476189, 0.6827715368670224, 0.103181673931668, 0.6669348158025448, 0.498851912781748, 0.0695958288459535, 0.7322458297096511, 0.3112984740092448, 0.44149004388053115, 0.8597605013693927, 0.5315388490499104, 0.5776780449483173, 30.0, 64.0, 39.0, 83.0, 19.0, 78.0, 1.0, 61.0, 34.0, 72.0, 54.0]
[0.08861603968273801, 0.7353668872086873, 0.6892012629019714, 0.5556007607247313, 0.7488959278476189, 0.6827715368670224, 0.103181673931668, 0.6669348158025448, 0.498851912781748, 0.0695958288459535, 0.7322458297096511, 0.3112984740092448, 0.44149004388053115, 0.8597605013693927, 0.5315388490499104, 0.5776780449483173, 30.0, 64.0, 39.0, 83.0, 19.0, 78.0, 1.0, 61.0, 34.0, 72.0, 54.0]
[0.08861603968273801, 0.7353668872086873, 0.6892012629019714, 0.5556007607247313, 0.7488959278476189, 0.6827715368670224, 0.103181673931668, 0.6669348158025448, 0.498851912781748, 0.0695958288459535, 0.7322458297096511, 0.3112984740092448, 0.44149004388053115, 0.8597605013693927, 0.5315388490499104, 0.5776780449483173, 30.0, 64.0, 39.0, 83.0, 19.0, 78.0, 1.0, 61.0, 34.0, 72.0, 54.0]
[0.08861603968273801, 0.7353668872086873, 0.6892012629019714, 0.5556007607247313, 0.7488959278476189, 0.6827715368670224, 0.103181673931668, 0.6669348158025448, 0.498851912781748, 0.0695958288459535, 0.7322458297096511, 0.3112984740092448, 0.44149004388053115, 0.8597605013693927, 0.5315388490499104, 0.5776780449483173, 30.0, 64.0, 39.0, 83.0, 19.0, 78.0, 1.0, 61.0, 34.0, 72.0, 54.0]
[0.08861603968273801, 0.7353668872086873, 0.6892012629019714, 0.5556007607247313, 0.7488959278476189, 0.6827715368670224, 0.103181673931668, 0.6669348158025448, 0.498851912781748, 0.0695958288459535, 0.7322458297096511, 0.3112984740092448, 0.44149004388053115, 0.8597605013693927, 0.5315388490499104, 0.5776780449483173, 30.0, 64.0, 39.0, 83.0, 19.0, 78.0, 1.0, 61.0, 34.0, 72.0, 54.0]
[0.08861603968273801, 0.7353668872086873, 0.6892012629019714, 0.5556007607247313, 0.7488959278476189, 0.6827715368670224, 0.103181673931668, 0.6669348158025448, 0.498851912781748, 0.0695958288459535, 0.7322458297096511, 0.3112984740092448, 0.44149004388053115, 0.8597605013693927, 0.5315388490499104, 0.5776780449483173, 30.0, 64.0, 39.0, 83.0, 19.0, 78.0, 1.0, 61.0, 34.0, 72.0, 54.0]
[0.08861603968273801, 0.7353668872086873, 0.6892012629019714, 0.5556007607247313, 0.7488959278476189, 0.6827715368670224, 0.103181673931668, 0.6669348158025448, 0.498851912781748, 0.0695958288459535, 0.7322458297096511, 0.3112984740092448, 0.44149004388053115, 0.8597605013693927, 0.5315388490499104, 0.5776780449483173, 30.0, 64.0, 39.0, 83.0, 19.0, 78.0, 1.0, 61.0, 34.0, 72.0, 54.0]
[0.08861603968273801, 0.7353668872086873, 0.6892012629019714, 0.5556007607247313, 0.7488959278476189, 0.6827715368670224, 0.103181673931668, 0.6669348158025448, 0.498851912781748, 0.0695958288459535, 0.7322458297096511, 0.3112984740092448, 0.44149004388053115, 0.8597605013693927, 0.5315388490499104, 0.5776780449483173, 30.0, 64.0, 39.0, 83.0, 19.0, 78.0, 1.0, 61.0, 34.0, 72.0, 54.0]
[0.08861603968273801, 0.7353668872086873, 0.6892012629019714, 0.5556007607247313, 0.7488959278476189, 0.6827715368670224, 0.103181673931668, 0.6669348158025448, 0.498851912781748, 0.0695958288459535, 0.7322458297096511, 0.3112984740092448, 0.44149004388053115, 0.8597605013693927, 0.5315388490499104, 0.5776780449483173, 30.0, 64.0, 39.0, 83.0, 19.0, 78.0, 1.0, 61.0, 34.0, 72.0, 54.0]
[0.08861603968273801, 0.7353668872086873, 0.6892012629019714, 0.5556007607247313, 0.7488959278476189, 0.6827715368670224, 0.103181673931668, 0.6669348158025448, 0.498851912781748, 0.0695958288459535, 0.7322458297096511, 0.3112984740092448, 0.44149004388053115, 0.8597605013693927, 0.5315388490499104, 0.5776780449483173, 30.0, 64.0, 39.0, 83.0, 19.0, 78.0, 1.0, 61.0, 34.0, 72.0, 54.0]
[0.08861603968273801, 0.7353668872086873, 0.6892012629019714, 0.5556007607247313, 0.7488959278476189, 0.6827715368670224, 0.103181673931668, 0.6669348158025448, 0.498851912781748, 0.0695958288459535, 0.7322458297096511, 0.3112984740092448, 0.44149004388053115, 0.8597605013693927, 0.5315388490499104, 0.5776780449483173, 30.0, 64.0, 39.0, 83.0, 19.0, 78.0, 1.0, 61.0, 34.0, 72.0, 54.0]
[0.08861603968273801, 0.7353668872086873, 0.6892012629019714, 0.5556007607247313, 0.7488959278476189, 0.6827715368670224, 0.103181673931668, 0.6669348158025448, 0.498851912781748, 0.0695958288459535, 0.7322458297096511, 0.3112984740092448, 0.44149004388053115, 0.8597605013693927, 0.5315388490499104, 0.5776780449483173, 30.0, 64.0, 39.0, 83.0, 19.0, 78.0, 1.0, 61.0, 34.0, 72.0, 54.0]
[0.08861603968273801, 0.7353668872086873, 0.6892012629019714, 0.5556007607247313, 0.7488959278476189, 0.6827715368670224, 0.103181673931668, 0.6669348158025448, 0.498851912781748, 0.0695958288459535, 0.7322458297096511, 0.3112984740092448, 0.44149004388053115, 0.8597605013693927, 0.5315388490499104, 0.5776780449483173, 30.0, 64.0, 39.0, 83.0, 19.0, 78.0, 1.0, 61.0, 34.0, 72.0, 54.0]
[0.08861603968273801, 0.7353668872086873, 0.6892012629019714, 0.5556007607247313, 0.7488959278476189, 0.6827715368670224, 0.103181673931668, 0.6669348158025448, 0.498851912781748, 0.0695958288459535, 0.7322458297096511, 0.3112984740092448, 0.44149004388053115, 0.8597605013693927, 0.5315388490499104, 0.5776780449483173, 30.0, 64.0, 39.0, 83.0, 19.0, 78.0, 1.0, 61.0, 34.0, 72.0, 54.0]
[0.08861603968273801, 0.7353668872086873, 0.6892012629019714, 0.5556007607247313, 0.7488959278476189, 0.6827715368670224, 0.103181673931668, 0.6669348158025448, 0.498851912781748, 0.0695958288459535, 0.7322458297096511, 0.3112984740092448, 0.44149004388053115, 0.8597605013693927, 0.5315388490499104, 0.5776780449483173, 30.0, 64.0, 39.0, 83.0, 19.0, 78.0, 1.0, 61.0, 34.0, 72.0, 54.0]
[13.357664233576642, 12.481751824817518, 14.16058394160584, 5.0, 45.0, 9.14141414141414, 6.498316498316498, 11.582491582491581, 30.0, 25.94276094276094]
[0.08861603968273801, 0.7353668872086873, 0.6892012629019714, 0.5556007607247313, 0.7488959278476189, 0.6827715368670224, 0.103181673931668, 0.6669348158025448, 0.498851912781748, 0.0695958288459535, 0.7322458297096511, 0.3112984740092448, 0.44149004388053115, 0.8597605013693927, 0.5315388490499104, 0.5776780449483173, 30.0, 64.0, 39.0, 83.0, 19.0, 78.0, 1.0, 61.0, 34.0, 72.0, 54.0]
particle 4 is updating position
due to fitness value of: 
[13.357664233576642, 12.481751824817518, 14.16058394160584, 5.0, 45.0, 9.14141414141414, 6.498316498316498, 11.582491582491581, 30.0, 25.94276094276094]
which is less than: 
[13.357664233576642, 12.481751824817518, 14.16058394160584, 5.0, 45.0, 9.14141414141414, 6.498316498316498, 11.582491582491581, 30.0, 25.94276094276094]


[0.08861603968273801, 0.7353668872086873, 0.6892012629019714, 0.5556007607247313, 0.7488959278476189, 0.6827715368670224, 0.103181673931668, 0.6669348158025448, 0.498851912781748, 0.0695958288459535, 0.7322458297096511, 0.3112984740092448, 0.44149004388053115, 0.8597605013693927, 0.5315388490499104, 0.5776780449483173, 30.0, 64.0, 39.0, 83.0, 19.0, 78.0, 1.0, 61.0, 34.0, 72.0, 54.0]
[0.08861603968273801, 0.7353668872086873, 0.6892012629019714, 0.5556007607247313, 0.7488959278476189, 0.6827715368670224, 0.103181673931668, 0.6669348158025448, 0.498851912781748, 0.0695958288459535, 0.7322458297096511, 0.3112984740092448, 0.44149004388053115, 0.8597605013693927, 0.5315388490499104, 0.5776780449483173, 30.0, 64.0, 39.0, 83.0, 19.0, 78.0, 1.0, 61.0, 34.0, 72.0, 54.0]
Iteration 2
Best Fitness
[13.357664233576642, 12.481751824817518, 14.16058394160584, 5.0, 45.0, 9.14141414141414, 6.498316498316498, 11.582491582491581, 30.0, 25.94276094276094]
Best Position
[0.08861603968273801, 0.7353668872086873, 0.6892012629019714, 0.5556007607247313, 0.7488959278476189, 0.6827715368670224, 0.103181673931668, 0.6669348158025448, 0.498851912781748, 0.0695958288459535, 0.7322458297096511, 0.3112984740092448, 0.44149004388053115, 0.8597605013693927, 0.5315388490499104, 0.5776780449483173, 30.0, 64.0, 39.0, 83.0, 19.0, 78.0, 1.0, 61.0, 34.0, 72.0, 54.0]

-------------

Current fitness of particle 0:
 [40.0, 30.0, 20.0, 5.0, 95.0, 5.0, 10.0, 20.0, 30.0, 65.0]

Current fitness of particle 1:
 [40.0, 30.0, 20.0, 5.0, 95.0, 5.0, 10.0, 20.0, 30.0, 65.0]

Current fitness of particle 2:
 [40.0, 30.0, 20.0, 5.0, 95.0, 5.0, 10.0, 20.0, 30.0, 65.0]

Current fitness of particle 3:
 [40.0, 30.0, 20.0, 5.0, 95.0, 5.0, 10.0, 20.0, 30.0, 65.0]

Current fitness of particle 4:
 [13.357664233576642, 12.481751824817518, 14.16058394160584, 5.0, 45.0, 9.14141414141414, 6.498316498316498, 11.582491582491581, 30.0, 25.94276094276094]

Current fitness of particle 5:
 [40.0, 30.0, 20.0, 5.0, 95.0, 5.0, 10.0, 20.0, 30.0, 65.0]

Current fitness of particle 6:
 [40.0, 30.0, 20.0, 5.0, 95.0, 5.0, 10.0, 20.0, 30.0, 65.0]

Current fitness of particle 7:
 [40.0, 30.0, 20.0, 5.0, 95.0, 5.0, 10.0, 20.0, 30.0, 65.0]

Current fitness of particle 8:
 [40.0, 30.0, 20.0, 5.0, 95.0, 5.0, 10.0, 20.0, 30.0, 65.0]

Current fitness of particle 9:
 [40.0, 30.0, 20.0, 5.0, 95.0, 5.0, 10.0, 20.0, 30.0, 65.0]

Current fitness of particle 10:
 [40.0, 30.0, 20.0, 5.0, 95.0, 5.0, 10.0, 20.0, 30.0, 65.0]

Current fitness of particle 11:
 [40.0, 30.0, 20.0, 5.0, 95.0, 5.0, 10.0, 20.0, 30.0, 65.0]

Current fitness of particle 12:
 [40.0, 30.0, 20.0, 5.0, 95.0, 5.0, 10.0, 20.0, 30.0, 65.0]

Current fitness of particle 13:
 [40.0, 30.0, 20.0, 5.0, 95.0, 5.0, 10.0, 20.0, 30.0, 65.0]

Current fitness of particle 14:
 [40.0, 30.0, 20.0, 5.0, 95.0, 5.0, 10.0, 20.0, 30.0, 65.0]

[0.08861603968273801, 0.7353668872086873, 0.6892012629019714, 0.5556007607247313, 0.7488959278476189, 0.6827715368670224, 0.103181673931668, 0.6669348158025448, 0.498851912781748, 0.0695958288459535, 0.7322458297096511, 0.3112984740092448, 0.44149004388053115, 0.8597605013693927, 0.5315388490499104, 0.5776780449483173, 30.0, 64.0, 39.0, 83.0, 19.0, 78.0, 1.0, 61.0, 34.0, 72.0, 54.0]
[0.08861603968273801, 0.7353668872086873, 0.6892012629019714, 0.5556007607247313, 0.7488959278476189, 0.6827715368670224, 0.103181673931668, 0.6669348158025448, 0.498851912781748, 0.0695958288459535, 0.7322458297096511, 0.3112984740092448, 0.44149004388053115, 0.8597605013693927, 0.5315388490499104, 0.5776780449483173, 30.0, 64.0, 39.0, 83.0, 19.0, 78.0, 1.0, 61.0, 34.0, 72.0, 54.0]
[0.08861603968273801, 0.7353668872086873, 0.6892012629019714, 0.5556007607247313, 0.7488959278476189, 0.6827715368670224, 0.103181673931668, 0.6669348158025448, 0.498851912781748, 0.0695958288459535, 0.7322458297096511, 0.3112984740092448, 0.44149004388053115, 0.8597605013693927, 0.5315388490499104, 0.5776780449483173, 30.0, 64.0, 39.0, 83.0, 19.0, 78.0, 1.0, 61.0, 34.0, 72.0, 54.0]
[0.08861603968273801, 0.7353668872086873, 0.6892012629019714, 0.5556007607247313, 0.7488959278476189, 0.6827715368670224, 0.103181673931668, 0.6669348158025448, 0.498851912781748, 0.0695958288459535, 0.7322458297096511, 0.3112984740092448, 0.44149004388053115, 0.8597605013693927, 0.5315388490499104, 0.5776780449483173, 30.0, 64.0, 39.0, 83.0, 19.0, 78.0, 1.0, 61.0, 34.0, 72.0, 54.0]
[0.08861603968273801, 0.7353668872086873, 0.6892012629019714, 0.5556007607247313, 0.7488959278476189, 0.6827715368670224, 0.103181673931668, 0.6669348158025448, 0.498851912781748, 0.0695958288459535, 0.7322458297096511, 0.3112984740092448, 0.44149004388053115, 0.8597605013693927, 0.5315388490499104, 0.5776780449483173, 30.0, 64.0, 39.0, 83.0, 19.0, 78.0, 1.0, 61.0, 34.0, 72.0, 54.0]
[0.08861603968273801, 0.7353668872086873, 0.6892012629019714, 0.5556007607247313, 0.7488959278476189, 0.6827715368670224, 0.103181673931668, 0.6669348158025448, 0.498851912781748, 0.0695958288459535, 0.7322458297096511, 0.3112984740092448, 0.44149004388053115, 0.8597605013693927, 0.5315388490499104, 0.5776780449483173, 30.0, 64.0, 39.0, 83.0, 19.0, 78.0, 1.0, 61.0, 34.0, 72.0, 54.0]
[0.08861603968273801, 0.7353668872086873, 0.6892012629019714, 0.5556007607247313, 0.7488959278476189, 0.6827715368670224, 0.103181673931668, 0.6669348158025448, 0.498851912781748, 0.0695958288459535, 0.7322458297096511, 0.3112984740092448, 0.44149004388053115, 0.8597605013693927, 0.5315388490499104, 0.5776780449483173, 30.0, 64.0, 39.0, 83.0, 19.0, 78.0, 1.0, 61.0, 34.0, 72.0, 54.0]
[0.08861603968273801, 0.7353668872086873, 0.6892012629019714, 0.5556007607247313, 0.7488959278476189, 0.6827715368670224, 0.103181673931668, 0.6669348158025448, 0.498851912781748, 0.0695958288459535, 0.7322458297096511, 0.3112984740092448, 0.44149004388053115, 0.8597605013693927, 0.5315388490499104, 0.5776780449483173, 30.0, 64.0, 39.0, 83.0, 19.0, 78.0, 1.0, 61.0, 34.0, 72.0, 54.0]
[0.08861603968273801, 0.7353668872086873, 0.6892012629019714, 0.5556007607247313, 0.7488959278476189, 0.6827715368670224, 0.103181673931668, 0.6669348158025448, 0.498851912781748, 0.0695958288459535, 0.7322458297096511, 0.3112984740092448, 0.44149004388053115, 0.8597605013693927, 0.5315388490499104, 0.5776780449483173, 30.0, 64.0, 39.0, 83.0, 19.0, 78.0, 1.0, 61.0, 34.0, 72.0, 54.0]
[0.08861603968273801, 0.7353668872086873, 0.6892012629019714, 0.5556007607247313, 0.7488959278476189, 0.6827715368670224, 0.103181673931668, 0.6669348158025448, 0.498851912781748, 0.0695958288459535, 0.7322458297096511, 0.3112984740092448, 0.44149004388053115, 0.8597605013693927, 0.5315388490499104, 0.5776780449483173, 30.0, 64.0, 39.0, 83.0, 19.0, 78.0, 1.0, 61.0, 34.0, 72.0, 54.0]
[0.08861603968273801, 0.7353668872086873, 0.6892012629019714, 0.5556007607247313, 0.7488959278476189, 0.6827715368670224, 0.103181673931668, 0.6669348158025448, 0.498851912781748, 0.0695958288459535, 0.7322458297096511, 0.3112984740092448, 0.44149004388053115, 0.8597605013693927, 0.5315388490499104, 0.5776780449483173, 30.0, 64.0, 39.0, 83.0, 19.0, 78.0, 1.0, 61.0, 34.0, 72.0, 54.0]
[0.08861603968273801, 0.7353668872086873, 0.6892012629019714, 0.5556007607247313, 0.7488959278476189, 0.6827715368670224, 0.103181673931668, 0.6669348158025448, 0.498851912781748, 0.0695958288459535, 0.7322458297096511, 0.3112984740092448, 0.44149004388053115, 0.8597605013693927, 0.5315388490499104, 0.5776780449483173, 30.0, 64.0, 39.0, 83.0, 19.0, 78.0, 1.0, 61.0, 34.0, 72.0, 54.0]
[0.08861603968273801, 0.7353668872086873, 0.6892012629019714, 0.5556007607247313, 0.7488959278476189, 0.6827715368670224, 0.103181673931668, 0.6669348158025448, 0.498851912781748, 0.0695958288459535, 0.7322458297096511, 0.3112984740092448, 0.44149004388053115, 0.8597605013693927, 0.5315388490499104, 0.5776780449483173, 30.0, 64.0, 39.0, 83.0, 19.0, 78.0, 1.0, 61.0, 34.0, 72.0, 54.0]
[0.08861603968273801, 0.7353668872086873, 0.6892012629019714, 0.5556007607247313, 0.7488959278476189, 0.6827715368670224, 0.103181673931668, 0.6669348158025448, 0.498851912781748, 0.0695958288459535, 0.7322458297096511, 0.3112984740092448, 0.44149004388053115, 0.8597605013693927, 0.5315388490499104, 0.5776780449483173, 30.0, 64.0, 39.0, 83.0, 19.0, 78.0, 1.0, 61.0, 34.0, 72.0, 54.0]
[0.08861603968273801, 0.7353668872086873, 0.6892012629019714, 0.5556007607247313, 0.7488959278476189, 0.6827715368670224, 0.103181673931668, 0.6669348158025448, 0.498851912781748, 0.0695958288459535, 0.7322458297096511, 0.3112984740092448, 0.44149004388053115, 0.8597605013693927, 0.5315388490499104, 0.5776780449483173, 30.0, 64.0, 39.0, 83.0, 19.0, 78.0, 1.0, 61.0, 34.0, 72.0, 54.0]
[13.357664233576642, 12.481751824817518, 14.16058394160584, 5.0, 45.0, 9.14141414141414, 6.498316498316498, 11.582491582491581, 30.0, 25.94276094276094]
[0.08861603968273801, 0.7353668872086873, 0.6892012629019714, 0.5556007607247313, 0.7488959278476189, 0.6827715368670224, 0.103181673931668, 0.6669348158025448, 0.498851912781748, 0.0695958288459535, 0.7322458297096511, 0.3112984740092448, 0.44149004388053115, 0.8597605013693927, 0.5315388490499104, 0.5776780449483173, 30.0, 64.0, 39.0, 83.0, 19.0, 78.0, 1.0, 61.0, 34.0, 72.0, 54.0]
particle 4 is updating position
due to fitness value of: 
[13.357664233576642, 12.481751824817518, 14.16058394160584, 5.0, 45.0, 9.14141414141414, 6.498316498316498, 11.582491582491581, 30.0, 25.94276094276094]
which is less than: 
[13.357664233576642, 12.481751824817518, 14.16058394160584, 5.0, 45.0, 9.14141414141414, 6.498316498316498, 11.582491582491581, 30.0, 25.94276094276094]


[0.08861603968273801, 0.7353668872086873, 0.6892012629019714, 0.5556007607247313, 0.7488959278476189, 0.6827715368670224, 0.103181673931668, 0.6669348158025448, 0.498851912781748, 0.0695958288459535, 0.7322458297096511, 0.3112984740092448, 0.44149004388053115, 0.8597605013693927, 0.5315388490499104, 0.5776780449483173, 30.0, 64.0, 39.0, 83.0, 19.0, 78.0, 1.0, 61.0, 34.0, 72.0, 54.0]
[0.08861603968273801, 0.7353668872086873, 0.6892012629019714, 0.5556007607247313, 0.7488959278476189, 0.6827715368670224, 0.103181673931668, 0.6669348158025448, 0.498851912781748, 0.0695958288459535, 0.7322458297096511, 0.3112984740092448, 0.44149004388053115, 0.8597605013693927, 0.5315388490499104, 0.5776780449483173, 30.0, 64.0, 39.0, 83.0, 19.0, 78.0, 1.0, 61.0, 34.0, 72.0, 54.0]
Iteration 3
Best Fitness
[13.357664233576642, 12.481751824817518, 14.16058394160584, 5.0, 45.0, 9.14141414141414, 6.498316498316498, 11.582491582491581, 30.0, 25.94276094276094]
Best Position
[0.08861603968273801, 0.7353668872086873, 0.6892012629019714, 0.5556007607247313, 0.7488959278476189, 0.6827715368670224, 0.103181673931668, 0.6669348158025448, 0.498851912781748, 0.0695958288459535, 0.7322458297096511, 0.3112984740092448, 0.44149004388053115, 0.8597605013693927, 0.5315388490499104, 0.5776780449483173, 30.0, 64.0, 39.0, 83.0, 19.0, 78.0, 1.0, 61.0, 34.0, 72.0, 54.0]

-------------

Current fitness of particle 0:
 [13.722627737226276, 6.642335766423358, 20.0, 5.0, 45.36496350364964, 9.14141414141414, 14.915824915824917, 20.0, 30.0, 25.94276094276094]

Current fitness of particle 1:
 [40.0, 30.0, 20.0, 5.0, 95.0, 5.0, 10.0, 20.0, 30.0, 65.0]

Current fitness of particle 2:
 [40.0, 30.0, 20.0, 5.0, 95.0, 5.0, 10.0, 20.0, 30.0, 65.0]

Current fitness of particle 3:
 [40.0, 30.0, 20.0, 5.0, 95.0, 5.0, 10.0, 20.0, 30.0, 65.0]

Current fitness of particle 4:
 [13.357664233576642, 12.481751824817518, 14.16058394160584, 5.0, 45.0, 9.14141414141414, 6.498316498316498, 11.582491582491581, 30.0, 25.94276094276094]

Current fitness of particle 5:
 [40.0, 30.0, 20.0, 5.0, 95.0, 5.0, 10.0, 20.0, 30.0, 65.0]

Current fitness of particle 6:
 [40.0, 30.0, 20.0, 44.63503649635037, 45.36496350364964, 5.0, 10.0, 20.0, 9.057239057239059, 25.94276094276094]

Current fitness of particle 7:
 [40.0, 30.0, 20.0, 5.0, 95.0, 5.0, 10.0, 20.0, 30.0, 65.0]

Current fitness of particle 8:
 [40.0, 30.0, 20.0, 5.0, 95.0, 5.0, 10.0, 20.0, 30.0, 65.0]

Current fitness of particle 9:
 [40.0, 30.0, 20.0, 5.0, 95.0, 5.0, 10.0, 20.0, 30.0, 65.0]

Current fitness of particle 10:
 [40.0, 30.0, 20.0, 5.0, 95.0, 5.0, 10.0, 20.0, 30.0, 65.0]

Current fitness of particle 11:
 [3.7956204379562095, 24.16058394160584, 20.0, 5.0, 45.36496350364964, 25.63973063973064, 1.5824915824915813, 20.0, 30.0, 25.94276094276094]

Current fitness of particle 12:
 [40.0, 30.0, 20.0, 5.0, 95.0, 5.0, 10.0, 20.0, 30.0, 65.0]

Current fitness of particle 13:
 [40.0, 30.0, 20.0, 5.0, 95.0, 5.0, 10.0, 20.0, 30.0, 65.0]

Current fitness of particle 14:
 [40.0, 30.0, 20.0, 5.0, 95.0, 5.0, 10.0, 20.0, 30.0, 65.0]

[0.08861603968273801, 0.7353668872086873, 0.6892012629019714, 0.5556007607247313, 0.7488959278476189, 0.6827715368670224, 0.103181673931668, 0.6669348158025448, 0.498851912781748, 0.0695958288459535, 0.7322458297096511, 0.3112984740092448, 0.44149004388053115, 0.8597605013693927, 0.5315388490499104, 0.5776780449483173, 30.0, 64.0, 39.0, 83.0, 19.0, 78.0, 1.0, 61.0, 34.0, 72.0, 54.0]
[0.08861603968273801, 0.7353668872086873, 0.6892012629019714, 0.5556007607247313, 0.7488959278476189, 0.6827715368670224, 0.103181673931668, 0.6669348158025448, 0.498851912781748, 0.0695958288459535, 0.7322458297096511, 0.3112984740092448, 0.44149004388053115, 0.8597605013693927, 0.5315388490499104, 0.5776780449483173, 30.0, 64.0, 39.0, 83.0, 19.0, 78.0, 1.0, 61.0, 34.0, 72.0, 54.0]
[0.08861603968273801, 0.7353668872086873, 0.6892012629019714, 0.5556007607247313, 0.7488959278476189, 0.6827715368670224, 0.103181673931668, 0.6669348158025448, 0.498851912781748, 0.0695958288459535, 0.7322458297096511, 0.3112984740092448, 0.44149004388053115, 0.8597605013693927, 0.5315388490499104, 0.5776780449483173, 30.0, 64.0, 39.0, 83.0, 19.0, 78.0, 1.0, 61.0, 34.0, 72.0, 54.0]
[0.08861603968273801, 0.7353668872086873, 0.6892012629019714, 0.5556007607247313, 0.7488959278476189, 0.6827715368670224, 0.103181673931668, 0.6669348158025448, 0.498851912781748, 0.0695958288459535, 0.7322458297096511, 0.3112984740092448, 0.44149004388053115, 0.8597605013693927, 0.5315388490499104, 0.5776780449483173, 30.0, 64.0, 39.0, 83.0, 19.0, 78.0, 1.0, 61.0, 34.0, 72.0, 54.0]
[0.08861603968273801, 0.7353668872086873, 0.6892012629019714, 0.5556007607247313, 0.7488959278476189, 0.6827715368670224, 0.103181673931668, 0.6669348158025448, 0.498851912781748, 0.0695958288459535, 0.7322458297096511, 0.3112984740092448, 0.44149004388053115, 0.8597605013693927, 0.5315388490499104, 0.5776780449483173, 30.0, 64.0, 39.0, 83.0, 19.0, 78.0, 1.0, 61.0, 34.0, 72.0, 54.0]
[0.08861603968273801, 0.7353668872086873, 0.6892012629019714, 0.5556007607247313, 0.7488959278476189, 0.6827715368670224, 0.103181673931668, 0.6669348158025448, 0.498851912781748, 0.0695958288459535, 0.7322458297096511, 0.3112984740092448, 0.44149004388053115, 0.8597605013693927, 0.5315388490499104, 0.5776780449483173, 30.0, 64.0, 39.0, 83.0, 19.0, 78.0, 1.0, 61.0, 34.0, 72.0, 54.0]
[0.08861603968273801, 0.7353668872086873, 0.6892012629019714, 0.5556007607247313, 0.7488959278476189, 0.6827715368670224, 0.103181673931668, 0.6669348158025448, 0.498851912781748, 0.0695958288459535, 0.7322458297096511, 0.3112984740092448, 0.44149004388053115, 0.8597605013693927, 0.5315388490499104, 0.5776780449483173, 30.0, 64.0, 39.0, 83.0, 19.0, 78.0, 1.0, 61.0, 34.0, 72.0, 54.0]
[0.08861603968273801, 0.7353668872086873, 0.6892012629019714, 0.5556007607247313, 0.7488959278476189, 0.6827715368670224, 0.103181673931668, 0.6669348158025448, 0.498851912781748, 0.0695958288459535, 0.7322458297096511, 0.3112984740092448, 0.44149004388053115, 0.8597605013693927, 0.5315388490499104, 0.5776780449483173, 30.0, 64.0, 39.0, 83.0, 19.0, 78.0, 1.0, 61.0, 34.0, 72.0, 54.0]
[0.08861603968273801, 0.7353668872086873, 0.6892012629019714, 0.5556007607247313, 0.7488959278476189, 0.6827715368670224, 0.103181673931668, 0.6669348158025448, 0.498851912781748, 0.0695958288459535, 0.7322458297096511, 0.3112984740092448, 0.44149004388053115, 0.8597605013693927, 0.5315388490499104, 0.5776780449483173, 30.0, 64.0, 39.0, 83.0, 19.0, 78.0, 1.0, 61.0, 34.0, 72.0, 54.0]
[0.08861603968273801, 0.7353668872086873, 0.6892012629019714, 0.5556007607247313, 0.7488959278476189, 0.6827715368670224, 0.103181673931668, 0.6669348158025448, 0.498851912781748, 0.0695958288459535, 0.7322458297096511, 0.3112984740092448, 0.44149004388053115, 0.8597605013693927, 0.5315388490499104, 0.5776780449483173, 30.0, 64.0, 39.0, 83.0, 19.0, 78.0, 1.0, 61.0, 34.0, 72.0, 54.0]
[0.08861603968273801, 0.7353668872086873, 0.6892012629019714, 0.5556007607247313, 0.7488959278476189, 0.6827715368670224, 0.103181673931668, 0.6669348158025448, 0.498851912781748, 0.0695958288459535, 0.7322458297096511, 0.3112984740092448, 0.44149004388053115, 0.8597605013693927, 0.5315388490499104, 0.5776780449483173, 30.0, 64.0, 39.0, 83.0, 19.0, 78.0, 1.0, 61.0, 34.0, 72.0, 54.0]
[0.08861603968273801, 0.7353668872086873, 0.6892012629019714, 0.5556007607247313, 0.7488959278476189, 0.6827715368670224, 0.103181673931668, 0.6669348158025448, 0.498851912781748, 0.0695958288459535, 0.7322458297096511, 0.3112984740092448, 0.44149004388053115, 0.8597605013693927, 0.5315388490499104, 0.5776780449483173, 30.0, 64.0, 39.0, 83.0, 19.0, 78.0, 1.0, 61.0, 34.0, 72.0, 54.0]
[0.08861603968273801, 0.7353668872086873, 0.6892012629019714, 0.5556007607247313, 0.7488959278476189, 0.6827715368670224, 0.103181673931668, 0.6669348158025448, 0.498851912781748, 0.0695958288459535, 0.7322458297096511, 0.3112984740092448, 0.44149004388053115, 0.8597605013693927, 0.5315388490499104, 0.5776780449483173, 30.0, 64.0, 39.0, 83.0, 19.0, 78.0, 1.0, 61.0, 34.0, 72.0, 54.0]
[0.08861603968273801, 0.7353668872086873, 0.6892012629019714, 0.5556007607247313, 0.7488959278476189, 0.6827715368670224, 0.103181673931668, 0.6669348158025448, 0.498851912781748, 0.0695958288459535, 0.7322458297096511, 0.3112984740092448, 0.44149004388053115, 0.8597605013693927, 0.5315388490499104, 0.5776780449483173, 30.0, 64.0, 39.0, 83.0, 19.0, 78.0, 1.0, 61.0, 34.0, 72.0, 54.0]
[0.08861603968273801, 0.7353668872086873, 0.6892012629019714, 0.5556007607247313, 0.7488959278476189, 0.6827715368670224, 0.103181673931668, 0.6669348158025448, 0.498851912781748, 0.0695958288459535, 0.7322458297096511, 0.3112984740092448, 0.44149004388053115, 0.8597605013693927, 0.5315388490499104, 0.5776780449483173, 30.0, 64.0, 39.0, 83.0, 19.0, 78.0, 1.0, 61.0, 34.0, 72.0, 54.0]
[13.357664233576642, 12.481751824817518, 14.16058394160584, 5.0, 45.0, 9.14141414141414, 6.498316498316498, 11.582491582491581, 30.0, 25.94276094276094]
[0.08861603968273801, 0.7353668872086873, 0.6892012629019714, 0.5556007607247313, 0.7488959278476189, 0.6827715368670224, 0.103181673931668, 0.6669348158025448, 0.498851912781748, 0.0695958288459535, 0.7322458297096511, 0.3112984740092448, 0.44149004388053115, 0.8597605013693927, 0.5315388490499104, 0.5776780449483173, 30.0, 64.0, 39.0, 83.0, 19.0, 78.0, 1.0, 61.0, 34.0, 72.0, 54.0]
particle 4 is updating position
due to fitness value of: 
[13.357664233576642, 12.481751824817518, 14.16058394160584, 5.0, 45.0, 9.14141414141414, 6.498316498316498, 11.582491582491581, 30.0, 25.94276094276094]
which is less than: 
[13.357664233576642, 12.481751824817518, 14.16058394160584, 5.0, 45.0, 9.14141414141414, 6.498316498316498, 11.582491582491581, 30.0, 25.94276094276094]


[0.08861603968273801, 0.7353668872086873, 0.6892012629019714, 0.5556007607247313, 0.7488959278476189, 0.6827715368670224, 0.103181673931668, 0.6669348158025448, 0.498851912781748, 0.0695958288459535, 0.7322458297096511, 0.3112984740092448, 0.44149004388053115, 0.8597605013693927, 0.5315388490499104, 0.5776780449483173, 30.0, 64.0, 39.0, 83.0, 19.0, 78.0, 1.0, 61.0, 34.0, 72.0, 54.0]
[0.08861603968273801, 0.7353668872086873, 0.6892012629019714, 0.5556007607247313, 0.7488959278476189, 0.6827715368670224, 0.103181673931668, 0.6669348158025448, 0.498851912781748, 0.0695958288459535, 0.7322458297096511, 0.3112984740092448, 0.44149004388053115, 0.8597605013693927, 0.5315388490499104, 0.5776780449483173, 30.0, 64.0, 39.0, 83.0, 19.0, 78.0, 1.0, 61.0, 34.0, 72.0, 54.0]
particle 12 is updating position
due to fitness value of: 
[13.722627737226276, 12.481751824817518, 14.16058394160584, 5.0, 45.36496350364964, 9.14141414141414, 6.498316498316498, 11.582491582491581, 30.0, 25.94276094276094]
which is less than: 
[13.357664233576642, 12.481751824817518, 14.16058394160584, 5.0, 45.0, 9.14141414141414, 6.498316498316498, 11.582491582491581, 30.0, 25.94276094276094]


[0.001, 0.7549417004741159, 0.5717264334019825, 0.001, 0.8679641933431337, 0.7027437704060343, 0.001, 0.6766160977138642, 0.5450988411173927, 0.19877044225902551, 0.9421863522961098, 0.001, 0.5012911015397359, 1.0, 0.001, 0.34575969278105456, 32.353304792275296, 49.43093870493068, 6.743696601306844, 78.71891867809373, 35.17980598438949, 98.00259498445773, 0.001, 16.615360706249533, 29.708463204508377, 53.45867496270387, 100.0]
[0.001, 0.7549417004741159, 0.5717264334019825, 0.001, 0.8679641933431337, 0.7027437704060343, 0.001, 0.6766160977138642, 0.5450988411173927, 0.19877044225902551, 0.9421863522961098, 0.001, 0.5012911015397359, 1.0, 0.001, 0.34575969278105456, 32.353304792275296, 49.43093870493068, 6.743696601306844, 78.71891867809373, 35.17980598438949, 98.00259498445773, 0.001, 16.615360706249533, 29.708463204508377, 53.45867496270387, 100.0]
Iteration 4
Best Fitness
[13.722627737226276, 12.481751824817518, 14.16058394160584, 5.0, 45.36496350364964, 9.14141414141414, 6.498316498316498, 11.582491582491581, 30.0, 25.94276094276094]
Best Position
[0.001, 0.7549417004741159, 0.5717264334019825, 0.001, 0.8679641933431337, 0.7027437704060343, 0.001, 0.6766160977138642, 0.5450988411173927, 0.19877044225902551, 0.9421863522961098, 0.001, 0.5012911015397359, 1.0, 0.001, 0.34575969278105456, 32.353304792275296, 49.43093870493068, 6.743696601306844, 78.71891867809373, 35.17980598438949, 98.00259498445773, 0.001, 16.615360706249533, 29.708463204508377, 53.45867496270387, 100.0]

-------------

Current fitness of particle 0:
 [40.0, 30.0, 20.0, 5.0, 95.0, 5.0, 10.0, 20.0, 30.0, 65.0]

Current fitness of particle 1:
 [40.0, 30.0, 20.0, 5.0, 95.0, 5.0, 10.0, 20.0, 30.0, 65.0]

Current fitness of particle 2:
 [40.0, 30.0, 20.0, 22.00729927007299, 67.99270072992701, 5.0, 10.0, 20.0, 11.144781144781145, 46.14478114478115]

Current fitness of particle 3:
 [40.0, 30.0, 20.0, 5.0, 95.0, 5.0, 10.0, 20.0, 30.0, 65.0]

Current fitness of particle 4:
 [13.357664233576642, 12.481751824817518, 14.16058394160584, 5.0, 45.0, 9.14141414141414, 6.498316498316498, 11.582491582491581, 30.0, 25.94276094276094]

Current fitness of particle 5:
 [11.094890510948908, 30.0, 20.0, 5.0, 43.9051094890511, 34.05723905723906, 10.0, 20.0, 30.0, 25.94276094276094]

Current fitness of particle 6:
 [26.861313868613138, 30.0, 0.43795620437956373, 12.518248175182482, 43.9051094890511, 2.744107744107744, 10.0, 0.5387205387205398, 19.225589225589225, 25.94276094276094]

Current fitness of particle 7:
 [40.0, 30.0, 20.0, 5.0, 95.0, 5.0, 10.0, 20.0, 30.0, 65.0]

Current fitness of particle 8:
 [16.20437956204379, 6.642335766423358, 8.321167883211679, 5.0, 3.759124087591241, 44.494949494949495, 14.915824915824917, 6.531986531986533, 30.0, 22.87878787878788]

Current fitness of particle 9:
 [40.0, 30.0, 20.0, 5.0, 95.0, 5.0, 10.0, 20.0, 30.0, 65.0]

Current fitness of particle 10:
 [40.0, 30.0, 20.0, 5.0, 95.0, 5.0, 10.0, 20.0, 30.0, 65.0]

Current fitness of particle 11:
 [22.408759124087588, 6.496350364963504, 19.27007299270073, 5.0, 4.635036496350365, 51.9023569023569, 31.07744107744108, 17.97979797979798, 30.0, 35.0]

Current fitness of particle 12:
 [13.722627737226276, 12.481751824817518, 14.16058394160584, 5.0, 45.36496350364964, 9.14141414141414, 6.498316498316498, 11.582491582491581, 30.0, 25.94276094276094]

Current fitness of particle 13:
 [40.0, 30.0, 20.0, 5.0, 95.0, 5.0, 10.0, 20.0, 30.0, 65.0]

Current fitness of particle 14:
 [40.0, 30.0, 20.0, 5.0, 95.0, 5.0, 10.0, 20.0, 30.0, 65.0]

[0.001, 0.7549417004741159, 0.5717264334019825, 0.001, 0.8679641933431337, 0.7027437704060343, 0.001, 0.6766160977138642, 0.5450988411173927, 0.19877044225902551, 0.9421863522961098, 0.001, 0.5012911015397359, 1.0, 0.001, 0.34575969278105456, 32.353304792275296, 49.43093870493068, 6.743696601306844, 78.71891867809373, 35.17980598438949, 98.00259498445773, 0.001, 16.615360706249533, 29.708463204508377, 53.45867496270387, 100.0]
[0.001, 0.7549417004741159, 0.5717264334019825, 0.001, 0.8679641933431337, 0.7027437704060343, 0.001, 0.6766160977138642, 0.5450988411173927, 0.19877044225902551, 0.9421863522961098, 0.001, 0.5012911015397359, 1.0, 0.001, 0.34575969278105456, 32.353304792275296, 49.43093870493068, 6.743696601306844, 78.71891867809373, 35.17980598438949, 98.00259498445773, 0.001, 16.615360706249533, 29.708463204508377, 53.45867496270387, 100.0]
[0.001, 0.7549417004741159, 0.5717264334019825, 0.001, 0.8679641933431337, 0.7027437704060343, 0.001, 0.6766160977138642, 0.5450988411173927, 0.19877044225902551, 0.9421863522961098, 0.001, 0.5012911015397359, 1.0, 0.001, 0.34575969278105456, 32.353304792275296, 49.43093870493068, 6.743696601306844, 78.71891867809373, 35.17980598438949, 98.00259498445773, 0.001, 16.615360706249533, 29.708463204508377, 53.45867496270387, 100.0]
[0.001, 0.7549417004741159, 0.5717264334019825, 0.001, 0.8679641933431337, 0.7027437704060343, 0.001, 0.6766160977138642, 0.5450988411173927, 0.19877044225902551, 0.9421863522961098, 0.001, 0.5012911015397359, 1.0, 0.001, 0.34575969278105456, 32.353304792275296, 49.43093870493068, 6.743696601306844, 78.71891867809373, 35.17980598438949, 98.00259498445773, 0.001, 16.615360706249533, 29.708463204508377, 53.45867496270387, 100.0]
[0.001, 0.7549417004741159, 0.5717264334019825, 0.001, 0.8679641933431337, 0.7027437704060343, 0.001, 0.6766160977138642, 0.5450988411173927, 0.19877044225902551, 0.9421863522961098, 0.001, 0.5012911015397359, 1.0, 0.001, 0.34575969278105456, 32.353304792275296, 49.43093870493068, 6.743696601306844, 78.71891867809373, 35.17980598438949, 98.00259498445773, 0.001, 16.615360706249533, 29.708463204508377, 53.45867496270387, 100.0]
[0.001, 0.7549417004741159, 0.5717264334019825, 0.001, 0.8679641933431337, 0.7027437704060343, 0.001, 0.6766160977138642, 0.5450988411173927, 0.19877044225902551, 0.9421863522961098, 0.001, 0.5012911015397359, 1.0, 0.001, 0.34575969278105456, 32.353304792275296, 49.43093870493068, 6.743696601306844, 78.71891867809373, 35.17980598438949, 98.00259498445773, 0.001, 16.615360706249533, 29.708463204508377, 53.45867496270387, 100.0]
[0.001, 0.7549417004741159, 0.5717264334019825, 0.001, 0.8679641933431337, 0.7027437704060343, 0.001, 0.6766160977138642, 0.5450988411173927, 0.19877044225902551, 0.9421863522961098, 0.001, 0.5012911015397359, 1.0, 0.001, 0.34575969278105456, 32.353304792275296, 49.43093870493068, 6.743696601306844, 78.71891867809373, 35.17980598438949, 98.00259498445773, 0.001, 16.615360706249533, 29.708463204508377, 53.45867496270387, 100.0]
[0.001, 0.7549417004741159, 0.5717264334019825, 0.001, 0.8679641933431337, 0.7027437704060343, 0.001, 0.6766160977138642, 0.5450988411173927, 0.19877044225902551, 0.9421863522961098, 0.001, 0.5012911015397359, 1.0, 0.001, 0.34575969278105456, 32.353304792275296, 49.43093870493068, 6.743696601306844, 78.71891867809373, 35.17980598438949, 98.00259498445773, 0.001, 16.615360706249533, 29.708463204508377, 53.45867496270387, 100.0]
[0.001, 0.7549417004741159, 0.5717264334019825, 0.001, 0.8679641933431337, 0.7027437704060343, 0.001, 0.6766160977138642, 0.5450988411173927, 0.19877044225902551, 0.9421863522961098, 0.001, 0.5012911015397359, 1.0, 0.001, 0.34575969278105456, 32.353304792275296, 49.43093870493068, 6.743696601306844, 78.71891867809373, 35.17980598438949, 98.00259498445773, 0.001, 16.615360706249533, 29.708463204508377, 53.45867496270387, 100.0]
[0.001, 0.7549417004741159, 0.5717264334019825, 0.001, 0.8679641933431337, 0.7027437704060343, 0.001, 0.6766160977138642, 0.5450988411173927, 0.19877044225902551, 0.9421863522961098, 0.001, 0.5012911015397359, 1.0, 0.001, 0.34575969278105456, 32.353304792275296, 49.43093870493068, 6.743696601306844, 78.71891867809373, 35.17980598438949, 98.00259498445773, 0.001, 16.615360706249533, 29.708463204508377, 53.45867496270387, 100.0]
[0.001, 0.7549417004741159, 0.5717264334019825, 0.001, 0.8679641933431337, 0.7027437704060343, 0.001, 0.6766160977138642, 0.5450988411173927, 0.19877044225902551, 0.9421863522961098, 0.001, 0.5012911015397359, 1.0, 0.001, 0.34575969278105456, 32.353304792275296, 49.43093870493068, 6.743696601306844, 78.71891867809373, 35.17980598438949, 98.00259498445773, 0.001, 16.615360706249533, 29.708463204508377, 53.45867496270387, 100.0]
[0.001, 0.7549417004741159, 0.5717264334019825, 0.001, 0.8679641933431337, 0.7027437704060343, 0.001, 0.6766160977138642, 0.5450988411173927, 0.19877044225902551, 0.9421863522961098, 0.001, 0.5012911015397359, 1.0, 0.001, 0.34575969278105456, 32.353304792275296, 49.43093870493068, 6.743696601306844, 78.71891867809373, 35.17980598438949, 98.00259498445773, 0.001, 16.615360706249533, 29.708463204508377, 53.45867496270387, 100.0]
[0.001, 0.7549417004741159, 0.5717264334019825, 0.001, 0.8679641933431337, 0.7027437704060343, 0.001, 0.6766160977138642, 0.5450988411173927, 0.19877044225902551, 0.9421863522961098, 0.001, 0.5012911015397359, 1.0, 0.001, 0.34575969278105456, 32.353304792275296, 49.43093870493068, 6.743696601306844, 78.71891867809373, 35.17980598438949, 98.00259498445773, 0.001, 16.615360706249533, 29.708463204508377, 53.45867496270387, 100.0]
[0.001, 0.7549417004741159, 0.5717264334019825, 0.001, 0.8679641933431337, 0.7027437704060343, 0.001, 0.6766160977138642, 0.5450988411173927, 0.19877044225902551, 0.9421863522961098, 0.001, 0.5012911015397359, 1.0, 0.001, 0.34575969278105456, 32.353304792275296, 49.43093870493068, 6.743696601306844, 78.71891867809373, 35.17980598438949, 98.00259498445773, 0.001, 16.615360706249533, 29.708463204508377, 53.45867496270387, 100.0]
[0.001, 0.7549417004741159, 0.5717264334019825, 0.001, 0.8679641933431337, 0.7027437704060343, 0.001, 0.6766160977138642, 0.5450988411173927, 0.19877044225902551, 0.9421863522961098, 0.001, 0.5012911015397359, 1.0, 0.001, 0.34575969278105456, 32.353304792275296, 49.43093870493068, 6.743696601306844, 78.71891867809373, 35.17980598438949, 98.00259498445773, 0.001, 16.615360706249533, 29.708463204508377, 53.45867496270387, 100.0]
[13.722627737226276, 12.481751824817518, 14.16058394160584, 5.0, 45.36496350364964, 9.14141414141414, 6.498316498316498, 11.582491582491581, 30.0, 25.94276094276094]
[0.001, 0.7549417004741159, 0.5717264334019825, 0.001, 0.8679641933431337, 0.7027437704060343, 0.001, 0.6766160977138642, 0.5450988411173927, 0.19877044225902551, 0.9421863522961098, 0.001, 0.5012911015397359, 1.0, 0.001, 0.34575969278105456, 32.353304792275296, 49.43093870493068, 6.743696601306844, 78.71891867809373, 35.17980598438949, 98.00259498445773, 0.001, 16.615360706249533, 29.708463204508377, 53.45867496270387, 100.0]
