particle 0 is updating position
due to fitness value of: 
[23.53276353276354, 30.0, 10.883190883190883, 22.350427350427353, 5.0, 61.568914956011724, 10.0, 13.255131964809385, 3.3137829912023484, 35.0]
which is less than: 
null


[1, 2, 1, 1, 1, 2, 1, 1, 1, 2, 1, 2, 1, 1, 1, 1, 1, 1, 1, 4, 4, 1, 2, 2, 2, 2, 3, 1, 4, 2, 1, 4, 3, 2, 4, 3, 4, 4, 5, 3, 1, 2, 1, 2, 1]
[1, 2, 1, 1, 1, 2, 1, 1, 1, 2, 1, 2, 1, 1, 1, 1, 1, 1, 1, 4, 4, 1, 2, 2, 2, 2, 3, 1, 4, 2, 1, 4, 3, 2, 4, 3, 4, 4, 5, 3, 1, 2, 1, 2, 1]
particle 2 is updating position
due to fitness value of: 
[11.851851851851848, 12.621082621082621, 20.0, 4.401709401709402, 16.367521367521366, 47.19941348973607, 9.06158357771261, 20.0, 23.255131964809387, 13.005865102639298]
which is less than: 
[23.53276353276354, 30.0, 10.883190883190883, 22.350427350427353, 5.0, 61.568914956011724, 10.0, 13.255131964809385, 3.3137829912023484, 35.0]


[2, 2, 1, 2, 2, 2, 2, 2, 2, 1, 1, 1, 1, 2, 2, 2, 2, 2, 1, 4, 3, 2, 3, 4, 5, 1, 3, 2, 2, 3, 5, 2, 2, 3, 1, 3, 3, 5, 1, 5, 5, 1, 3, 4, 3]
[2, 2, 1, 2, 2, 2, 2, 2, 2, 1, 1, 1, 1, 2, 2, 2, 2, 2, 1, 4, 3, 2, 3, 4, 5, 1, 3, 2, 2, 3, 5, 2, 2, 3, 1, 3, 3, 5, 1, 5, 5, 1, 3, 4, 3]
particle 3 is updating position
due to fitness value of: 
[1.2535612535612586, 30.0, 13.333333333333329, 5.541310541310542, 12.378917378917379, 40.16129032258064, 10.0, 9.032258064516132, 21.49560117302053, 17.697947214076244]
which is less than: 
[11.851851851851848, 12.621082621082621, 20.0, 4.401709401709402, 16.367521367521366, 47.19941348973607, 9.06158357771261, 20.0, 23.255131964809387, 13.005865102639298]


[2, 1, 2, 1, 2, 1, 1, 2, 2, 2, 1, 1, 1, 2, 1, 2, 1, 2, 5, 4, 5, 1, 5, 4, 5, 1, 1, 3, 5, 1, 1, 3, 3, 2, 4, 5, 1, 1, 2, 5, 5, 1, 2, 1, 4]
[2, 1, 2, 1, 2, 1, 1, 2, 2, 2, 1, 1, 1, 2, 1, 2, 1, 2, 5, 4, 5, 1, 5, 4, 5, 1, 1, 3, 5, 1, 1, 3, 3, 2, 4, 5, 1, 1, 2, 5, 5, 1, 2, 1, 4]
particle 4 is updating position
due to fitness value of: 
[25.185185185185187, 27.15099715099715, 5.925925925925924, 2.9772079772079767, 43.433048433048434, 6.730205278592376, 7.067448680351906, 2.5806451612903203, 19.73607038123167, 17.49266862170088]
which is less than: 
[1.2535612535612586, 30.0, 13.333333333333329, 5.541310541310542, 12.378917378917379, 40.16129032258064, 10.0, 9.032258064516132, 21.49560117302053, 17.697947214076244]


[2, 2, 1, 1, 1, 1, 2, 1, 2, 2, 2, 1, 2, 1, 2, 2, 1, 1, 2, 3, 4, 2, 1, 1, 4, 1, 5, 3, 3, 2, 5, 3, 3, 4, 2, 2, 3, 2, 1, 2, 2, 4, 4, 4, 3]
[2, 2, 1, 1, 1, 1, 2, 1, 2, 2, 2, 1, 2, 1, 2, 2, 1, 1, 2, 3, 4, 2, 1, 1, 4, 1, 5, 3, 3, 2, 5, 3, 3, 4, 2, 2, 3, 2, 1, 2, 2, 4, 4, 4, 3]
Iteration 0
Best Fitness
[25.185185185185187, 27.15099715099715, 5.925925925925924, 2.9772079772079767, 43.433048433048434, 6.730205278592376, 7.067448680351906, 2.5806451612903203, 19.73607038123167, 17.49266862170088]
Best Position
[2, 2, 1, 1, 1, 1, 2, 1, 2, 2, 2, 1, 2, 1, 2, 2, 1, 1, 2, 3, 4, 2, 1, 1, 4, 1, 5, 3, 3, 2, 5, 3, 3, 4, 2, 2, 3, 2, 1, 2, 2, 4, 4, 4, 3]

-------------

Current fitness of particle 0
: [23.53276353276354, 30.0, 10.883190883190883, 22.350427350427353, 5.0, 61.568914956011724, 10.0, 13.255131964809385, 3.3137829912023484, 35.0]

Current fitness of particle 1
: [40.0, 30.0, 20.0, 5.0, 95.0, 5.0, 10.0, 20.0, 30.0, 65.0]

Current fitness of particle 2
: [11.851851851851848, 12.621082621082621, 20.0, 4.401709401709402, 16.367521367521366, 47.19941348973607, 9.06158357771261, 20.0, 23.255131964809387, 13.005865102639298]

Current fitness of particle 3
: [1.2535612535612586, 30.0, 13.333333333333329, 5.541310541310542, 12.378917378917379, 40.16129032258064, 10.0, 9.032258064516132, 21.49560117302053, 17.697947214076244]

Current fitness of particle 4
: [25.185185185185187, 27.15099715099715, 5.925925925925924, 2.9772079772079767, 43.433048433048434, 6.730205278592376, 7.067448680351906, 2.5806451612903203, 19.73607038123167, 17.49266862170088]

Current fitness of particle 5
: [9.857549857549863, 21.452991452991455, 16.296296296296298, 5.826210826210826, 22.065527065527068, 45.146627565982406, 2.961876832844574, 15.894428152492669, 19.442815249266864, 6.847507331378296]

Current fitness of particle 6
: [18.34757834757835, 10.34188034188034, 10.313390313390315, 44.002849002849004, 5.0, 21.97947214076246, 7.008797653958943, 10.6158357771261, 16.62756598240469, 35.0]

Current fitness of particle 7
: [23.76068376068376, 29.715099715099715, 0.7977207977207996, 5.541310541310542, 47.13675213675214, 9.66275659824047, 9.413489736070382, 2.697947214076244, 17.976539589442815, 20.42521994134897]

Current fitness of particle 8
: [18.632478632478634, 21.168091168091166, 12.022792022792023, 16.367521367521366, 35.45584045584046, 14.941348973607038, 0.8504398826979465, 12.961876832844574, 7.126099706744871, 4.296187683284458]

Current fitness of particle 9
: [20.34188034188034, 26.296296296296298, 10.598290598290598, 62.236467236467234, 5.0, 14.35483870967742, 6.480938416422287, 10.909090909090908, 38.03519061583577, 35.0]

Current fitness of particle 10
: [29.743589743589745, 26.58119658119658, 11.737891737891738, 47.13675213675214, 20.925925925925924, 10.249266862170089, 7.067448680351906, 10.029325513196481, 16.62756598240469, 9.780058651026394]

Current fitness of particle 11
: [14.131054131054135, 11.766381766381766, 20.0, 4.971509971509972, 12.663817663817664, 48.0791788856305, 10.821114369501466, 20.0, 21.20234604105572, 17.697947214076244]

Current fitness of particle 12
: [40.0, 30.0, 20.0, 27.763532763532766, 62.236467236467234, 4.706744868035191, 10.0, 20.0, 1.3782991202346047, 33.328445747800586]

Current fitness of particle 13
: [17.77777777777778, 25.156695156695157, 10.598290598290598, 58.53276353276354, 5.0, 15.527859237536656, 3.841642228739003, 12.961876832844574, 36.27565982404691, 35.0]

Current fitness of particle 14
: [11.566951566951566, 15.470085470085468, 2.9059829059829063, 11.809116809116809, 5.0, 49.252199413489734, 4.369501466275661, 5.33724340175953, 13.284457478005866, 35.0]

[2, 2, 1, 1, 1, 1, 2, 1, 2, 2, 2, 1, 2, 1, 2, 2, 1, 1, 2, 3, 4, 2, 1, 1, 4, 1, 5, 3, 3, 2, 5, 3, 3, 4, 2, 2, 3, 2, 1, 2, 2, 4, 4, 4, 3]
[2, 2, 1, 1, 1, 1, 2, 1, 2, 2, 2, 1, 2, 1, 2, 2, 1, 1, 2, 3, 4, 2, 1, 1, 4, 1, 5, 3, 3, 2, 5, 3, 3, 4, 2, 2, 3, 2, 1, 2, 2, 4, 4, 4, 3]
[2, 2, 1, 1, 1, 1, 2, 1, 2, 2, 2, 1, 2, 1, 2, 2, 1, 1, 2, 3, 4, 2, 1, 1, 4, 1, 5, 3, 3, 2, 5, 3, 3, 4, 2, 2, 3, 2, 1, 2, 2, 4, 4, 4, 3]
[2, 2, 1, 1, 1, 1, 2, 1, 2, 2, 2, 1, 2, 1, 2, 2, 1, 1, 2, 3, 4, 2, 1, 1, 4, 1, 5, 3, 3, 2, 5, 3, 3, 4, 2, 2, 3, 2, 1, 2, 2, 4, 4, 4, 3]
[2, 2, 1, 1, 1, 1, 2, 1, 2, 2, 2, 1, 2, 1, 2, 2, 1, 1, 2, 3, 4, 2, 1, 1, 4, 1, 5, 3, 3, 2, 5, 3, 3, 4, 2, 2, 3, 2, 1, 2, 2, 4, 4, 4, 3]
[2, 2, 1, 1, 1, 1, 2, 1, 2, 2, 2, 1, 2, 1, 2, 2, 1, 1, 2, 3, 4, 2, 1, 1, 4, 1, 5, 3, 3, 2, 5, 3, 3, 4, 2, 2, 3, 2, 1, 2, 2, 4, 4, 4, 3]
[2, 2, 1, 1, 1, 1, 2, 1, 2, 2, 2, 1, 2, 1, 2, 2, 1, 1, 2, 3, 4, 2, 1, 1, 4, 1, 5, 3, 3, 2, 5, 3, 3, 4, 2, 2, 3, 2, 1, 2, 2, 4, 4, 4, 3]
[2, 2, 1, 1, 1, 1, 2, 1, 2, 2, 2, 1, 2, 1, 2, 2, 1, 1, 2, 3, 4, 2, 1, 1, 4, 1, 5, 3, 3, 2, 5, 3, 3, 4, 2, 2, 3, 2, 1, 2, 2, 4, 4, 4, 3]
[2, 2, 1, 1, 1, 1, 2, 1, 2, 2, 2, 1, 2, 1, 2, 2, 1, 1, 2, 3, 4, 2, 1, 1, 4, 1, 5, 3, 3, 2, 5, 3, 3, 4, 2, 2, 3, 2, 1, 2, 2, 4, 4, 4, 3]
[2, 2, 1, 1, 1, 1, 2, 1, 2, 2, 2, 1, 2, 1, 2, 2, 1, 1, 2, 3, 4, 2, 1, 1, 4, 1, 5, 3, 3, 2, 5, 3, 3, 4, 2, 2, 3, 2, 1, 2, 2, 4, 4, 4, 3]
[2, 2, 1, 1, 1, 1, 2, 1, 2, 2, 2, 1, 2, 1, 2, 2, 1, 1, 2, 3, 4, 2, 1, 1, 4, 1, 5, 3, 3, 2, 5, 3, 3, 4, 2, 2, 3, 2, 1, 2, 2, 4, 4, 4, 3]
[2, 2, 1, 1, 1, 1, 2, 1, 2, 2, 2, 1, 2, 1, 2, 2, 1, 1, 2, 3, 4, 2, 1, 1, 4, 1, 5, 3, 3, 2, 5, 3, 3, 4, 2, 2, 3, 2, 1, 2, 2, 4, 4, 4, 3]
[2, 2, 1, 1, 1, 1, 2, 1, 2, 2, 2, 1, 2, 1, 2, 2, 1, 1, 2, 3, 4, 2, 1, 1, 4, 1, 5, 3, 3, 2, 5, 3, 3, 4, 2, 2, 3, 2, 1, 2, 2, 4, 4, 4, 3]
[2, 2, 1, 1, 1, 1, 2, 1, 2, 2, 2, 1, 2, 1, 2, 2, 1, 1, 2, 3, 4, 2, 1, 1, 4, 1, 5, 3, 3, 2, 5, 3, 3, 4, 2, 2, 3, 2, 1, 2, 2, 4, 4, 4, 3]
[2, 2, 1, 1, 1, 1, 2, 1, 2, 2, 2, 1, 2, 1, 2, 2, 1, 1, 2, 3, 4, 2, 1, 1, 4, 1, 5, 3, 3, 2, 5, 3, 3, 4, 2, 2, 3, 2, 1, 2, 2, 4, 4, 4, 3]
[25.185185185185187, 27.15099715099715, 5.925925925925924, 2.9772079772079767, 43.433048433048434, 6.730205278592376, 7.067448680351906, 2.5806451612903203, 19.73607038123167, 17.49266862170088]
[2, 2, 1, 1, 1, 1, 2, 1, 2, 2, 2, 1, 2, 1, 2, 2, 1, 1, 2, 3, 4, 2, 1, 1, 4, 1, 5, 3, 3, 2, 5, 3, 3, 4, 2, 2, 3, 2, 1, 2, 2, 4, 4, 4, 3]
particle 12 is updating position
due to fitness value of: 
[1.5954415954415992, 24.301994301994302, 0.34188034188034067, 6.680911680911681, 16.367521367521366, 33.41642228739003, 3.841642228739003, 1.2316715542521983, 18.563049853372434, 9.780058651026394]
which is less than: 
[25.185185185185187, 27.15099715099715, 5.925925925925924, 2.9772079772079767, 43.433048433048434, 6.730205278592376, 7.067448680351906, 2.5806451612903203, 19.73607038123167, 17.49266862170088]


[2, 1, 1, 1, 1, 2, 2, 1, 2, 2, 3, 2, 2, 1, 3, 2, 1, 1, 4, 3, 3, 2, 3, 2, 2, 1, 5, 3, 3, 4, 5, 3, 4, 4, 4, 1, 3, 2, 3, 2, 4, 3, 2, 4, 4]
[2, 1, 1, 1, 1, 2, 2, 1, 2, 2, 3, 2, 2, 1, 3, 2, 1, 1, 4, 3, 3, 2, 3, 2, 2, 1, 5, 3, 3, 4, 5, 3, 4, 4, 4, 1, 3, 2, 3, 2, 4, 3, 2, 4, 4]
Iteration 1
Best Fitness
[1.5954415954415992, 24.301994301994302, 0.34188034188034067, 6.680911680911681, 16.367521367521366, 33.41642228739003, 3.841642228739003, 1.2316715542521983, 18.563049853372434, 9.780058651026394]
Best Position
[2, 1, 1, 1, 1, 2, 2, 1, 2, 2, 3, 2, 2, 1, 3, 2, 1, 1, 4, 3, 3, 2, 3, 2, 2, 1, 5, 3, 3, 4, 5, 3, 4, 4, 4, 1, 3, 2, 3, 2, 4, 3, 2, 4, 4]

-------------

Current fitness of particle 0
: [22.962962962962962, 15.185185185185187, 2.2222222222222214, 5.0, 5.0, 58.63636363636363, 7.302052785923756, 0.9384164222873892, 30.0, 35.0]

Current fitness of particle 1
: [35.72649572649573, 27.15099715099715, 4.615384615384615, 46.28205128205128, 21.21082621082621, 0.6011730205278587, 7.067448680351906, 6.803519061583579, 23.665689149560116, 9.193548387096776]

Current fitness of particle 2
: [5.014245014245013, 30.0, 3.931623931623932, 26.054131054131055, 5.0, 42.214076246334315, 10.0, 1.4076246334310838, 1.3782991202346047, 35.0]

Current fitness of particle 3
: [15.840455840455839, 16.60968660968661, 15.156695156695157, 17.79202279202279, 1.866096866096866, 50.718475073313776, 5.249266862170089, 14.428152492668623, 12.697947214076244, 28.841642228739005]

Current fitness of particle 4
: [25.185185185185187, 27.15099715099715, 5.925925925925924, 2.9772079772079767, 43.433048433048434, 6.730205278592376, 7.067448680351906, 2.5806451612903203, 19.73607038123167, 17.49266862170088]

Current fitness of particle 5
: [6.381766381766383, 16.324786324786324, 7.179487179487181, 34.88603988603989, 5.0, 32.5366568914956, 3.7829912023460395, 6.803519061583579, 5.483870967741936, 35.0]

Current fitness of particle 6
: [19.544159544159548, 24.871794871794872, 15.327635327635328, 5.0, 5.0, 55.410557184750736, 4.428152492668622, 14.017595307917887, 30.0, 35.0]

Current fitness of particle 7
: [0.11396011396011119, 27.15099715099715, 1.3675213675213662, 30.897435897435898, 5.0, 35.76246334310851, 7.067448680351906, 2.8739002932551294, 3.4310850439882685, 35.0]

Current fitness of particle 8
: [27.521367521367523, 19.743589743589745, 9.743589743589745, 6.965811965811966, 5.0, 64.79472140762464, 1.1436950146627556, 12.375366568914956, 18.563049853372434, 35.0]

Current fitness of particle 9
: [4.102564102564102, 29.43019943019943, 0.22792022792022948, 29.757834757834758, 3.547008547008547, 27.84457478005865, 8.240469208211143, 1.2316715542521983, 7.536656891495603, 25.909090909090907]

Current fitness of particle 10
: [30.313390313390315, 30.0, 15.156695156695157, 17.507122507122507, 57.96296296296296, 3.2111436950146626, 10.0, 14.428152492668623, 10.058651026392962, 31.27565982404691]

Current fitness of particle 11
: [9.002849002849004, 26.011396011396013, 15.042735042735039, 6.965811965811966, 5.0, 44.56011730205279, 5.30791788856305, 13.724340175953074, 17.976539589442815, 35.0]

Current fitness of particle 12
: [1.5954415954415992, 24.301994301994302, 0.34188034188034067, 6.680911680911681, 16.367521367521366, 33.41642228739003, 3.841642228739003, 1.2316715542521983, 18.563049853372434, 9.780058651026394]

Current fitness of particle 13
: [21.25356125356125, 14.045584045584047, 8.034188034188034, 0.12820512820512775, 0.6980056980056979, 57.4633431085044, 5.542521994134898, 7.683284457478006, 27.360703812316714, 27.961876832844574]

Current fitness of particle 14
: [19.544159544159548, 28.29059829059829, 18.74643874643874, 5.0, 5.0, 55.410557184750736, 6.480938416422287, 16.070381231671554, 30.0, 35.0]

[2, 1, 1, 1, 1, 2, 2, 1, 2, 2, 3, 2, 2, 1, 3, 2, 1, 1, 4, 3, 3, 2, 3, 2, 2, 1, 5, 3, 3, 4, 5, 3, 4, 4, 4, 1, 3, 2, 3, 2, 4, 3, 2, 4, 4]
[2, 1, 1, 1, 1, 2, 2, 1, 2, 2, 3, 2, 2, 1, 3, 2, 1, 1, 4, 3, 3, 2, 3, 2, 2, 1, 5, 3, 3, 4, 5, 3, 4, 4, 4, 1, 3, 2, 3, 2, 4, 3, 2, 4, 4]
[2, 1, 1, 1, 1, 2, 2, 1, 2, 2, 3, 2, 2, 1, 3, 2, 1, 1, 4, 3, 3, 2, 3, 2, 2, 1, 5, 3, 3, 4, 5, 3, 4, 4, 4, 1, 3, 2, 3, 2, 4, 3, 2, 4, 4]
[2, 1, 1, 1, 1, 2, 2, 1, 2, 2, 3, 2, 2, 1, 3, 2, 1, 1, 4, 3, 3, 2, 3, 2, 2, 1, 5, 3, 3, 4, 5, 3, 4, 4, 4, 1, 3, 2, 3, 2, 4, 3, 2, 4, 4]
[2, 1, 1, 1, 1, 2, 2, 1, 2, 2, 3, 2, 2, 1, 3, 2, 1, 1, 4, 3, 3, 2, 3, 2, 2, 1, 5, 3, 3, 4, 5, 3, 4, 4, 4, 1, 3, 2, 3, 2, 4, 3, 2, 4, 4]
[2, 1, 1, 1, 1, 2, 2, 1, 2, 2, 3, 2, 2, 1, 3, 2, 1, 1, 4, 3, 3, 2, 3, 2, 2, 1, 5, 3, 3, 4, 5, 3, 4, 4, 4, 1, 3, 2, 3, 2, 4, 3, 2, 4, 4]
[2, 1, 1, 1, 1, 2, 2, 1, 2, 2, 3, 2, 2, 1, 3, 2, 1, 1, 4, 3, 3, 2, 3, 2, 2, 1, 5, 3, 3, 4, 5, 3, 4, 4, 4, 1, 3, 2, 3, 2, 4, 3, 2, 4, 4]
[2, 1, 1, 1, 1, 2, 2, 1, 2, 2, 3, 2, 2, 1, 3, 2, 1, 1, 4, 3, 3, 2, 3, 2, 2, 1, 5, 3, 3, 4, 5, 3, 4, 4, 4, 1, 3, 2, 3, 2, 4, 3, 2, 4, 4]
[2, 1, 1, 1, 1, 2, 2, 1, 2, 2, 3, 2, 2, 1, 3, 2, 1, 1, 4, 3, 3, 2, 3, 2, 2, 1, 5, 3, 3, 4, 5, 3, 4, 4, 4, 1, 3, 2, 3, 2, 4, 3, 2, 4, 4]
[2, 1, 1, 1, 1, 2, 2, 1, 2, 2, 3, 2, 2, 1, 3, 2, 1, 1, 4, 3, 3, 2, 3, 2, 2, 1, 5, 3, 3, 4, 5, 3, 4, 4, 4, 1, 3, 2, 3, 2, 4, 3, 2, 4, 4]
[2, 1, 1, 1, 1, 2, 2, 1, 2, 2, 3, 2, 2, 1, 3, 2, 1, 1, 4, 3, 3, 2, 3, 2, 2, 1, 5, 3, 3, 4, 5, 3, 4, 4, 4, 1, 3, 2, 3, 2, 4, 3, 2, 4, 4]
[2, 1, 1, 1, 1, 2, 2, 1, 2, 2, 3, 2, 2, 1, 3, 2, 1, 1, 4, 3, 3, 2, 3, 2, 2, 1, 5, 3, 3, 4, 5, 3, 4, 4, 4, 1, 3, 2, 3, 2, 4, 3, 2, 4, 4]
[2, 1, 1, 1, 1, 2, 2, 1, 2, 2, 3, 2, 2, 1, 3, 2, 1, 1, 4, 3, 3, 2, 3, 2, 2, 1, 5, 3, 3, 4, 5, 3, 4, 4, 4, 1, 3, 2, 3, 2, 4, 3, 2, 4, 4]
[2, 1, 1, 1, 1, 2, 2, 1, 2, 2, 3, 2, 2, 1, 3, 2, 1, 1, 4, 3, 3, 2, 3, 2, 2, 1, 5, 3, 3, 4, 5, 3, 4, 4, 4, 1, 3, 2, 3, 2, 4, 3, 2, 4, 4]
[2, 1, 1, 1, 1, 2, 2, 1, 2, 2, 3, 2, 2, 1, 3, 2, 1, 1, 4, 3, 3, 2, 3, 2, 2, 1, 5, 3, 3, 4, 5, 3, 4, 4, 4, 1, 3, 2, 3, 2, 4, 3, 2, 4, 4]
[1.5954415954415992, 24.301994301994302, 0.34188034188034067, 6.680911680911681, 16.367521367521366, 33.41642228739003, 3.841642228739003, 1.2316715542521983, 18.563049853372434, 9.780058651026394]
[2, 1, 1, 1, 1, 2, 2, 1, 2, 2, 3, 2, 2, 1, 3, 2, 1, 1, 4, 3, 3, 2, 3, 2, 2, 1, 5, 3, 3, 4, 5, 3, 4, 4, 4, 1, 3, 2, 3, 2, 4, 3, 2, 4, 4]
Iteration 2
Best Fitness
[1.5954415954415992, 24.301994301994302, 0.34188034188034067, 6.680911680911681, 16.367521367521366, 33.41642228739003, 3.841642228739003, 1.2316715542521983, 18.563049853372434, 9.780058651026394]
Best Position
[2, 1, 1, 1, 1, 2, 2, 1, 2, 2, 3, 2, 2, 1, 3, 2, 1, 1, 4, 3, 3, 2, 3, 2, 2, 1, 5, 3, 3, 4, 5, 3, 4, 4, 4, 1, 3, 2, 3, 2, 4, 3, 2, 4, 4]

-------------

Current fitness of particle 0
: [19.544159544159548, 10.91168091168091, 1.3675213675213662, 5.0, 5.0, 55.410557184750736, 8.181818181818183, 1.4076246334310838, 30.0, 35.0]

Current fitness of particle 1
: [18.689458689458682, 22.592592592592595, 7.350427350427353, 1.5527065527065522, 5.0, 57.17008797653959, 0.5571847507331373, 2.8739002932551294, 25.60117302052786, 35.0]

Current fitness of particle 2
: [25.52706552706553, 4.074074074074076, 19.715099715099715, 1.866096866096866, 0.12820512820512775, 61.86217008797654, 13.167155425219939, 19.41348973607038, 26.480938416422287, 29.13489736070381]

Current fitness of particle 3
: [17.26495726495726, 29.715099715099715, 19.88603988603989, 3.8603988603988606, 3.5754985754985755, 54.2375366568915, 9.120234604105573, 17.82991202346041, 29.120234604105573, 33.82697947214076]

Current fitness of particle 4
: [7.236467236467234, 29.145299145299145, 2.7920227920227916, 38.58974358974359, 5.0, 28.43108504398827, 9.70674486803519, 1.994134897360702, 14.281524926686217, 35.0]

Current fitness of particle 5
: [21.53846153846154, 26.58119658119658, 15.042735042735039, 5.0, 5.0, 59.22287390029325, 7.067448680351906, 12.84457478005865, 30.0, 35.0]

Current fitness of particle 6
: [0.17094017094017033, 16.894586894586894, 1.766381766381766, 23.49002849002849, 5.0, 38.401759530791786, 4.369501466275661, 5.0439882697947205, 2.72727272727273, 35.0]

Current fitness of particle 7
: [11.282051282051277, 30.0, 8.205128205128204, 13.518518518518519, 3.005698005698006, 46.61290322580645, 9.70674486803519, 5.806451612903224, 10.058651026392962, 32.65395894428153]

Current fitness of particle 8
: [25.242165242165242, 21.452991452991455, 6.210826210826209, 5.0, 5.0, 61.27565982404691, 1.1436950146627556, 2.287390029325511, 29.70674486803519, 35.0]

Current fitness of particle 9
: [21.766381766381766, 27.15099715099715, 9.743589743589745, 19.501424501424502, 39.15954415954416, 10.542521994134898, 5.30791788856305, 9.442815249266863, 6.539589442815249, 10.747800586510259]

Current fitness of particle 10
: [5.299145299145302, 27.72079772079772, 2.336182336182336, 8.96011396011396, 15.7977207977208, 37.52199413489736, 6.187683284457478, 7.096774193548388, 15.04398826979472, 9.193548387096776]

Current fitness of particle 11
: [16.353276353276353, 24.017094017094017, 3.7606837606837615, 49.131054131054135, 5.0, 19.04692082111437, 3.548387096774194, 6.803519061583579, 26.30498533724341, 35.0]

Current fitness of particle 12
: [1.5954415954415992, 24.301994301994302, 0.34188034188034067, 6.680911680911681, 16.367521367521366, 33.41642228739003, 3.841642228739003, 1.2316715542521983, 18.563049853372434, 9.780058651026394]

Current fitness of particle 13
: [5.014245014245013, 6.638176638176638, 16.296296296296298, 4.686609686609685, 13.233618233618234, 36.64222873900293, 14.04692082111437, 17.067448680351905, 22.082111436950147, 11.539589442815249]

Current fitness of particle 14
: [24.672364672364665, 22.592592592592595, 1.9373219373219364, 0.982905982905983, 5.0, 61.27565982404691, 0.9090909090909083, 0.5278592375366564, 25.89442815249267, 35.0]

[2, 1, 1, 1, 1, 2, 2, 1, 2, 2, 3, 2, 2, 1, 3, 2, 1, 1, 4, 3, 3, 2, 3, 2, 2, 1, 5, 3, 3, 4, 5, 3, 4, 4, 4, 1, 3, 2, 3, 2, 4, 3, 2, 4, 4]
[2, 1, 1, 1, 1, 2, 2, 1, 2, 2, 3, 2, 2, 1, 3, 2, 1, 1, 4, 3, 3, 2, 3, 2, 2, 1, 5, 3, 3, 4, 5, 3, 4, 4, 4, 1, 3, 2, 3, 2, 4, 3, 2, 4, 4]
[2, 1, 1, 1, 1, 2, 2, 1, 2, 2, 3, 2, 2, 1, 3, 2, 1, 1, 4, 3, 3, 2, 3, 2, 2, 1, 5, 3, 3, 4, 5, 3, 4, 4, 4, 1, 3, 2, 3, 2, 4, 3, 2, 4, 4]
[2, 1, 1, 1, 1, 2, 2, 1, 2, 2, 3, 2, 2, 1, 3, 2, 1, 1, 4, 3, 3, 2, 3, 2, 2, 1, 5, 3, 3, 4, 5, 3, 4, 4, 4, 1, 3, 2, 3, 2, 4, 3, 2, 4, 4]
[2, 1, 1, 1, 1, 2, 2, 1, 2, 2, 3, 2, 2, 1, 3, 2, 1, 1, 4, 3, 3, 2, 3, 2, 2, 1, 5, 3, 3, 4, 5, 3, 4, 4, 4, 1, 3, 2, 3, 2, 4, 3, 2, 4, 4]
[2, 1, 1, 1, 1, 2, 2, 1, 2, 2, 3, 2, 2, 1, 3, 2, 1, 1, 4, 3, 3, 2, 3, 2, 2, 1, 5, 3, 3, 4, 5, 3, 4, 4, 4, 1, 3, 2, 3, 2, 4, 3, 2, 4, 4]
[2, 1, 1, 1, 1, 2, 2, 1, 2, 2, 3, 2, 2, 1, 3, 2, 1, 1, 4, 3, 3, 2, 3, 2, 2, 1, 5, 3, 3, 4, 5, 3, 4, 4, 4, 1, 3, 2, 3, 2, 4, 3, 2, 4, 4]
[2, 1, 1, 1, 1, 2, 2, 1, 2, 2, 3, 2, 2, 1, 3, 2, 1, 1, 4, 3, 3, 2, 3, 2, 2, 1, 5, 3, 3, 4, 5, 3, 4, 4, 4, 1, 3, 2, 3, 2, 4, 3, 2, 4, 4]
[2, 1, 1, 1, 1, 2, 2, 1, 2, 2, 3, 2, 2, 1, 3, 2, 1, 1, 4, 3, 3, 2, 3, 2, 2, 1, 5, 3, 3, 4, 5, 3, 4, 4, 4, 1, 3, 2, 3, 2, 4, 3, 2, 4, 4]
[2, 1, 1, 1, 1, 2, 2, 1, 2, 2, 3, 2, 2, 1, 3, 2, 1, 1, 4, 3, 3, 2, 3, 2, 2, 1, 5, 3, 3, 4, 5, 3, 4, 4, 4, 1, 3, 2, 3, 2, 4, 3, 2, 4, 4]
[2, 1, 1, 1, 1, 2, 2, 1, 2, 2, 3, 2, 2, 1, 3, 2, 1, 1, 4, 3, 3, 2, 3, 2, 2, 1, 5, 3, 3, 4, 5, 3, 4, 4, 4, 1, 3, 2, 3, 2, 4, 3, 2, 4, 4]
[2, 1, 1, 1, 1, 2, 2, 1, 2, 2, 3, 2, 2, 1, 3, 2, 1, 1, 4, 3, 3, 2, 3, 2, 2, 1, 5, 3, 3, 4, 5, 3, 4, 4, 4, 1, 3, 2, 3, 2, 4, 3, 2, 4, 4]
[2, 1, 1, 1, 1, 2, 2, 1, 2, 2, 3, 2, 2, 1, 3, 2, 1, 1, 4, 3, 3, 2, 3, 2, 2, 1, 5, 3, 3, 4, 5, 3, 4, 4, 4, 1, 3, 2, 3, 2, 4, 3, 2, 4, 4]
[2, 1, 1, 1, 1, 2, 2, 1, 2, 2, 3, 2, 2, 1, 3, 2, 1, 1, 4, 3, 3, 2, 3, 2, 2, 1, 5, 3, 3, 4, 5, 3, 4, 4, 4, 1, 3, 2, 3, 2, 4, 3, 2, 4, 4]
[2, 1, 1, 1, 1, 2, 2, 1, 2, 2, 3, 2, 2, 1, 3, 2, 1, 1, 4, 3, 3, 2, 3, 2, 2, 1, 5, 3, 3, 4, 5, 3, 4, 4, 4, 1, 3, 2, 3, 2, 4, 3, 2, 4, 4]
[1.5954415954415992, 24.301994301994302, 0.34188034188034067, 6.680911680911681, 16.367521367521366, 33.41642228739003, 3.841642228739003, 1.2316715542521983, 18.563049853372434, 9.780058651026394]
[2, 1, 1, 1, 1, 2, 2, 1, 2, 2, 3, 2, 2, 1, 3, 2, 1, 1, 4, 3, 3, 2, 3, 2, 2, 1, 5, 3, 3, 4, 5, 3, 4, 4, 4, 1, 3, 2, 3, 2, 4, 3, 2, 4, 4]
particle 1 is updating position
due to fitness value of: 
[0.7407407407407405, 22.877492877492877, 1.1965811965811959, 28.33333333333333, 5.0, 32.82991202346041, 1.2023460410557174, 2.9912023460410566, 6.363636363636367, 35.0]
which is less than: 
[1.5954415954415992, 24.301994301994302, 0.34188034188034067, 6.680911680911681, 16.367521367521366, 33.41642228739003, 3.841642228739003, 1.2316715542521983, 18.563049853372434, 9.780058651026394]


[3, 1, 1, 1, 2, 1, 2, 1, 2, 2, 3, 3, 3, 1, 3, 2, 1, 1, 4, 3, 2, 1, 3, 2, 2, 1, 5, 2, 3, 4, 4, 3, 5, 4, 4, 1, 1, 3, 2, 2, 3, 1, 3, 5, 2]
[3, 1, 1, 1, 2, 1, 2, 1, 2, 2, 3, 3, 3, 1, 3, 2, 1, 1, 4, 3, 2, 1, 3, 2, 2, 1, 5, 2, 3, 4, 4, 3, 5, 4, 4, 1, 1, 3, 2, 2, 3, 1, 3, 5, 2]
Iteration 3
Best Fitness
[0.7407407407407405, 22.877492877492877, 1.1965811965811959, 28.33333333333333, 5.0, 32.82991202346041, 1.2023460410557174, 2.9912023460410566, 6.363636363636367, 35.0]
Best Position
[3, 1, 1, 1, 2, 1, 2, 1, 2, 2, 3, 3, 3, 1, 3, 2, 1, 1, 4, 3, 2, 1, 3, 2, 2, 1, 5, 2, 3, 4, 4, 3, 5, 4, 4, 1, 1, 3, 2, 2, 3, 1, 3, 5, 2]

-------------

Current fitness of particle 0
: [9.572649572649574, 30.0, 13.903133903133906, 11.524216524216524, 5.0, 47.785923753665685, 10.0, 11.085043988269796, 13.870967741935484, 35.0]

Current fitness of particle 1
: [0.7407407407407405, 22.877492877492877, 1.1965811965811959, 28.33333333333333, 5.0, 32.82991202346041, 1.2023460410557174, 2.9912023460410566, 6.363636363636367, 35.0]

Current fitness of particle 2
: [23.247863247863243, 18.034188034188034, 3.0769230769230766, 3.2905982905982905, 5.0, 59.516129032258064, 3.1964809384164212, 0.35190615835777095, 27.360703812316714, 35.0]

Current fitness of particle 3
: [4.159544159544161, 6.923076923076923, 3.7606837606837615, 11.524216524216524, 5.0, 41.04105571847507, 10.821114369501466, 2.9912023460410566, 14.164222873900293, 34.70674486803519]

Current fitness of particle 4
: [6.666666666666671, 22.022792022792025, 1.766381766381766, 14.08831908831909, 16.367521367521366, 29.017595307917887, 1.7888563049853374, 2.404692082111435, 10.64516129032258, 14.178885630498534]

Current fitness of particle 5
: [14.700854700854705, 20.028490028490026, 9.743589743589745, 20.071225071225072, 5.0, 49.252199413489734, 0.9090909090909083, 8.563049853372435, 4.780058651026394, 35.0]

Current fitness of particle 6
: [1.8233618233618216, 30.0, 2.051282051282051, 10.669515669515668, 23.205128205128204, 31.656891495601172, 10.0, 2.9912023460410566, 12.697947214076244, 5.967741935483868]

Current fitness of particle 7
: [29.743589743589745, 25.726495726495727, 19.145299145299145, 19.786324786324787, 54.82905982905983, 2.9178885630498534, 5.30791788856305, 19.120234604105573, 6.539589442815249, 28.049853372434015]

Current fitness of particle 8
: [6.438746438746435, 28.575498575498575, 2.336182336182336, 29.472934472934476, 5.0, 40.16129032258064, 7.947214076246334, 1.8181818181818166, 4.604105571847512, 35.0]

Current fitness of particle 9
: [2.450142450142451, 28.29059829059829, 4.045584045584047, 9.245014245014245, 20.64102564102564, 36.348973607038126, 8.533724340175953, 3.870967741935484, 16.80351906158358, 7.140762463343112]

Current fitness of particle 10
: [32.022792022792025, 28.29059829059829, 5.925925925925924, 53.68945868945868, 0.6980056980056979, 4.384164222873901, 8.826979472140762, 3.1671554252199385, 29.2375366568915, 27.961876832844574]

Current fitness of particle 11
: [1.5954415954415992, 30.0, 1.481481481481481, 12.094017094017094, 17.79202279202279, 31.363636363636367, 10.0, 1.1143695014662747, 12.697947214076244, 9.780058651026394]

Current fitness of particle 12
: [1.5954415954415992, 24.301994301994302, 0.34188034188034067, 6.680911680911681, 16.367521367521366, 33.70967741935484, 3.841642228739003, 1.2316715542521983, 18.856304985337246, 9.780058651026394]

Current fitness of particle 13
: [18.062678062678064, 27.435897435897438, 4.786324786324787, 42.008547008547005, 1.2962962962962967, 16.994134897360702, 8.533724340175953, 4.0469208211143695, 18.680351906158357, 31.187683284457478]

Current fitness of particle 14
: [16.63817663817664, 29.715099715099715, 15.156695156695157, 52.26495726495726, 9.245014245014245, 19.04692082111437, 8.826979472140762, 16.187683284457478, 29.530791788856305, 23.563049853372434]

[3, 1, 1, 1, 2, 1, 2, 1, 2, 2, 3, 3, 3, 1, 3, 2, 1, 1, 4, 3, 2, 1, 3, 2, 2, 1, 5, 2, 3, 4, 4, 3, 5, 4, 4, 1, 1, 3, 2, 2, 3, 1, 3, 5, 2]
[3, 1, 1, 1, 2, 1, 2, 1, 2, 2, 3, 3, 3, 1, 3, 2, 1, 1, 4, 3, 2, 1, 3, 2, 2, 1, 5, 2, 3, 4, 4, 3, 5, 4, 4, 1, 1, 3, 2, 2, 3, 1, 3, 5, 2]
[3, 1, 1, 1, 2, 1, 2, 1, 2, 2, 3, 3, 3, 1, 3, 2, 1, 1, 4, 3, 2, 1, 3, 2, 2, 1, 5, 2, 3, 4, 4, 3, 5, 4, 4, 1, 1, 3, 2, 2, 3, 1, 3, 5, 2]
[3, 1, 1, 1, 2, 1, 2, 1, 2, 2, 3, 3, 3, 1, 3, 2, 1, 1, 4, 3, 2, 1, 3, 2, 2, 1, 5, 2, 3, 4, 4, 3, 5, 4, 4, 1, 1, 3, 2, 2, 3, 1, 3, 5, 2]
[3, 1, 1, 1, 2, 1, 2, 1, 2, 2, 3, 3, 3, 1, 3, 2, 1, 1, 4, 3, 2, 1, 3, 2, 2, 1, 5, 2, 3, 4, 4, 3, 5, 4, 4, 1, 1, 3, 2, 2, 3, 1, 3, 5, 2]
[3, 1, 1, 1, 2, 1, 2, 1, 2, 2, 3, 3, 3, 1, 3, 2, 1, 1, 4, 3, 2, 1, 3, 2, 2, 1, 5, 2, 3, 4, 4, 3, 5, 4, 4, 1, 1, 3, 2, 2, 3, 1, 3, 5, 2]
[3, 1, 1, 1, 2, 1, 2, 1, 2, 2, 3, 3, 3, 1, 3, 2, 1, 1, 4, 3, 2, 1, 3, 2, 2, 1, 5, 2, 3, 4, 4, 3, 5, 4, 4, 1, 1, 3, 2, 2, 3, 1, 3, 5, 2]
[3, 1, 1, 1, 2, 1, 2, 1, 2, 2, 3, 3, 3, 1, 3, 2, 1, 1, 4, 3, 2, 1, 3, 2, 2, 1, 5, 2, 3, 4, 4, 3, 5, 4, 4, 1, 1, 3, 2, 2, 3, 1, 3, 5, 2]
[3, 1, 1, 1, 2, 1, 2, 1, 2, 2, 3, 3, 3, 1, 3, 2, 1, 1, 4, 3, 2, 1, 3, 2, 2, 1, 5, 2, 3, 4, 4, 3, 5, 4, 4, 1, 1, 3, 2, 2, 3, 1, 3, 5, 2]
[3, 1, 1, 1, 2, 1, 2, 1, 2, 2, 3, 3, 3, 1, 3, 2, 1, 1, 4, 3, 2, 1, 3, 2, 2, 1, 5, 2, 3, 4, 4, 3, 5, 4, 4, 1, 1, 3, 2, 2, 3, 1, 3, 5, 2]
[3, 1, 1, 1, 2, 1, 2, 1, 2, 2, 3, 3, 3, 1, 3, 2, 1, 1, 4, 3, 2, 1, 3, 2, 2, 1, 5, 2, 3, 4, 4, 3, 5, 4, 4, 1, 1, 3, 2, 2, 3, 1, 3, 5, 2]
[3, 1, 1, 1, 2, 1, 2, 1, 2, 2, 3, 3, 3, 1, 3, 2, 1, 1, 4, 3, 2, 1, 3, 2, 2, 1, 5, 2, 3, 4, 4, 3, 5, 4, 4, 1, 1, 3, 2, 2, 3, 1, 3, 5, 2]
[3, 1, 1, 1, 2, 1, 2, 1, 2, 2, 3, 3, 3, 1, 3, 2, 1, 1, 4, 3, 2, 1, 3, 2, 2, 1, 5, 2, 3, 4, 4, 3, 5, 4, 4, 1, 1, 3, 2, 2, 3, 1, 3, 5, 2]
[3, 1, 1, 1, 2, 1, 2, 1, 2, 2, 3, 3, 3, 1, 3, 2, 1, 1, 4, 3, 2, 1, 3, 2, 2, 1, 5, 2, 3, 4, 4, 3, 5, 4, 4, 1, 1, 3, 2, 2, 3, 1, 3, 5, 2]
[3, 1, 1, 1, 2, 1, 2, 1, 2, 2, 3, 3, 3, 1, 3, 2, 1, 1, 4, 3, 2, 1, 3, 2, 2, 1, 5, 2, 3, 4, 4, 3, 5, 4, 4, 1, 1, 3, 2, 2, 3, 1, 3, 5, 2]
[0.7407407407407405, 22.877492877492877, 1.1965811965811959, 28.33333333333333, 5.0, 32.82991202346041, 1.2023460410557174, 2.9912023460410566, 6.363636363636367, 35.0]
[3, 1, 1, 1, 2, 1, 2, 1, 2, 2, 3, 3, 3, 1, 3, 2, 1, 1, 4, 3, 2, 1, 3, 2, 2, 1, 5, 2, 3, 4, 4, 3, 5, 4, 4, 1, 1, 3, 2, 2, 3, 1, 3, 5, 2]
Iteration 4
Best Fitness
[0.7407407407407405, 22.877492877492877, 1.1965811965811959, 28.33333333333333, 5.0, 32.82991202346041, 1.2023460410557174, 2.9912023460410566, 6.363636363636367, 35.0]
Best Position
[3, 1, 1, 1, 2, 1, 2, 1, 2, 2, 3, 3, 3, 1, 3, 2, 1, 1, 4, 3, 2, 1, 3, 2, 2, 1, 5, 2, 3, 4, 4, 3, 5, 4, 4, 1, 1, 3, 2, 2, 3, 1, 3, 5, 2]

-------------

Current fitness of particle 0
: [0.45584045584045896, 26.58119658119658, 11.452991452991453, 13.803418803418804, 23.774928774928775, 33.12316715542522, 6.774193548387097, 10.32258064516129, 13.284457478005866, 2.741935483870968]

Current fitness of particle 1
: [0.7407407407407405, 22.877492877492877, 1.1965811965811959, 28.33333333333333, 5.0, 33.12316715542522, 1.2023460410557174, 2.9912023460410566, 6.070381231671554, 35.0]

Current fitness of particle 2
: [14.700854700854705, 28.575498575498575, 5.185185185185187, 16.082621082621085, 2.9772079772079767, 55.117302052785924, 7.653958944281525, 7.096774193548388, 12.111436950146626, 28.255131964809387]

Current fitness of particle 3
: [22.62108262108262, 8.347578347578349, 20.0, 3.547008547008547, 47.42165242165242, 12.302052785923756, 7.888563049853374, 20.0, 19.73607038123167, 19.54545454545454]

Current fitness of particle 4
: [23.19088319088319, 10.91168091168091, 15.726495726495727, 28.903133903133906, 20.925925925925924, 13.475073313782993, 7.595307917888565, 15.014662756598241, 5.19061583577713, 11.24633431085044]

Current fitness of particle 5
: [15.555555555555557, 21.168091168091166, 8.603988603988604, 6.396011396011396, 7.820512820512819, 53.35777126099707, 0.2639296187683282, 10.32258064516129, 20.6158357771261, 22.683284457478006]

Current fitness of particle 6
: [2.7350427350427324, 18.88888888888889, 16.58119658119658, 8.390313390313391, 24.34472934472934, 35.76246334310851, 1.2023460410557174, 16.187683284457478, 17.976539589442815, 0.3958944281524879]

Current fitness of particle 7
: [25.52706552706553, 30.0, 17.435897435897438, 2.6923076923076925, 19.216524216524217, 61.568914956011724, 10.0, 17.947214076246333, 20.029325513196483, 13.592375366568916]

Current fitness of particle 8
: [9.287749287749286, 18.31908831908832, 19.43019943019943, 13.803418803418804, 14.65811965811966, 44.266862170087975, 2.0234604105571847, 18.826979472140764, 12.991202346041057, 14.472140762463344]

Current fitness of particle 9
: [11.851851851851848, 30.0, 5.470085470085468, 28.618233618233617, 5.0, 43.97360703812317, 9.120234604105573, 2.9912023460410566, 3.137829912023456, 35.0]

Current fitness of particle 10
: [6.438746438746435, 2.6495726495726473, 20.0, 0.7264957264957266, 16.937321937321936, 40.45454545454545, 15.219941348973606, 19.41348973607038, 25.60117302052786, 10.659824046920821]

Current fitness of particle 11
: [2.7350427350427324, 30.0, 20.0, 26.62393162393162, 20.64102564102564, 35.469208211143695, 10.0, 18.826979472140764, 6.070381231671554, 12.712609970674489]

Current fitness of particle 12
: [15.555555555555557, 24.586894586894587, 9.629629629629626, 0.6980056980056979, 1.2962962962962967, 49.83870967741935, 3.255131964809385, 7.27272727272727, 22.961876832844574, 30.89442815249267]

Current fitness of particle 13
: [29.173789173789174, 30.0, 10.313390313390315, 25.1994301994302, 44.287749287749286, 6.143695014662756, 10.0, 11.495601173020528, 0.4985337243401773, 14.853372434017594]

Current fitness of particle 14
: [19.544159544159548, 23.732193732193732, 14.188034188034187, 5.0, 5.0, 56.29032258064516, 2.3753665689149557, 11.085043988269796, 30.0, 35.0]

[3, 1, 1, 1, 2, 1, 2, 1, 2, 2, 3, 3, 3, 1, 3, 2, 1, 1, 4, 3, 2, 1, 3, 2, 2, 1, 5, 2, 3, 4, 4, 3, 5, 4, 4, 1, 1, 3, 2, 2, 3, 1, 3, 5, 2]
[3, 1, 1, 1, 2, 1, 2, 1, 2, 2, 3, 3, 3, 1, 3, 2, 1, 1, 4, 3, 2, 1, 3, 2, 2, 1, 5, 2, 3, 4, 4, 3, 5, 4, 4, 1, 1, 3, 2, 2, 3, 1, 3, 5, 2]
[3, 1, 1, 1, 2, 1, 2, 1, 2, 2, 3, 3, 3, 1, 3, 2, 1, 1, 4, 3, 2, 1, 3, 2, 2, 1, 5, 2, 3, 4, 4, 3, 5, 4, 4, 1, 1, 3, 2, 2, 3, 1, 3, 5, 2]
[3, 1, 1, 1, 2, 1, 2, 1, 2, 2, 3, 3, 3, 1, 3, 2, 1, 1, 4, 3, 2, 1, 3, 2, 2, 1, 5, 2, 3, 4, 4, 3, 5, 4, 4, 1, 1, 3, 2, 2, 3, 1, 3, 5, 2]
[3, 1, 1, 1, 2, 1, 2, 1, 2, 2, 3, 3, 3, 1, 3, 2, 1, 1, 4, 3, 2, 1, 3, 2, 2, 1, 5, 2, 3, 4, 4, 3, 5, 4, 4, 1, 1, 3, 2, 2, 3, 1, 3, 5, 2]
[3, 1, 1, 1, 2, 1, 2, 1, 2, 2, 3, 3, 3, 1, 3, 2, 1, 1, 4, 3, 2, 1, 3, 2, 2, 1, 5, 2, 3, 4, 4, 3, 5, 4, 4, 1, 1, 3, 2, 2, 3, 1, 3, 5, 2]
[3, 1, 1, 1, 2, 1, 2, 1, 2, 2, 3, 3, 3, 1, 3, 2, 1, 1, 4, 3, 2, 1, 3, 2, 2, 1, 5, 2, 3, 4, 4, 3, 5, 4, 4, 1, 1, 3, 2, 2, 3, 1, 3, 5, 2]
[3, 1, 1, 1, 2, 1, 2, 1, 2, 2, 3, 3, 3, 1, 3, 2, 1, 1, 4, 3, 2, 1, 3, 2, 2, 1, 5, 2, 3, 4, 4, 3, 5, 4, 4, 1, 1, 3, 2, 2, 3, 1, 3, 5, 2]
[3, 1, 1, 1, 2, 1, 2, 1, 2, 2, 3, 3, 3, 1, 3, 2, 1, 1, 4, 3, 2, 1, 3, 2, 2, 1, 5, 2, 3, 4, 4, 3, 5, 4, 4, 1, 1, 3, 2, 2, 3, 1, 3, 5, 2]
[3, 1, 1, 1, 2, 1, 2, 1, 2, 2, 3, 3, 3, 1, 3, 2, 1, 1, 4, 3, 2, 1, 3, 2, 2, 1, 5, 2, 3, 4, 4, 3, 5, 4, 4, 1, 1, 3, 2, 2, 3, 1, 3, 5, 2]
[3, 1, 1, 1, 2, 1, 2, 1, 2, 2, 3, 3, 3, 1, 3, 2, 1, 1, 4, 3, 2, 1, 3, 2, 2, 1, 5, 2, 3, 4, 4, 3, 5, 4, 4, 1, 1, 3, 2, 2, 3, 1, 3, 5, 2]
[3, 1, 1, 1, 2, 1, 2, 1, 2, 2, 3, 3, 3, 1, 3, 2, 1, 1, 4, 3, 2, 1, 3, 2, 2, 1, 5, 2, 3, 4, 4, 3, 5, 4, 4, 1, 1, 3, 2, 2, 3, 1, 3, 5, 2]
[3, 1, 1, 1, 2, 1, 2, 1, 2, 2, 3, 3, 3, 1, 3, 2, 1, 1, 4, 3, 2, 1, 3, 2, 2, 1, 5, 2, 3, 4, 4, 3, 5, 4, 4, 1, 1, 3, 2, 2, 3, 1, 3, 5, 2]
[3, 1, 1, 1, 2, 1, 2, 1, 2, 2, 3, 3, 3, 1, 3, 2, 1, 1, 4, 3, 2, 1, 3, 2, 2, 1, 5, 2, 3, 4, 4, 3, 5, 4, 4, 1, 1, 3, 2, 2, 3, 1, 3, 5, 2]
[3, 1, 1, 1, 2, 1, 2, 1, 2, 2, 3, 3, 3, 1, 3, 2, 1, 1, 4, 3, 2, 1, 3, 2, 2, 1, 5, 2, 3, 4, 4, 3, 5, 4, 4, 1, 1, 3, 2, 2, 3, 1, 3, 5, 2]
[0.7407407407407405, 22.877492877492877, 1.1965811965811959, 28.33333333333333, 5.0, 32.82991202346041, 1.2023460410557174, 2.9912023460410566, 6.363636363636367, 35.0]
[3, 1, 1, 1, 2, 1, 2, 1, 2, 2, 3, 3, 3, 1, 3, 2, 1, 1, 4, 3, 2, 1, 3, 2, 2, 1, 5, 2, 3, 4, 4, 3, 5, 4, 4, 1, 1, 3, 2, 2, 3, 1, 3, 5, 2]
