particle 0 is updating position
due to fitness value of: 
[37.95918367346939, 30.0, 11.83673469387755, 84.79591836734694, 5.0, 5.0, 10.0, 10.24390243902439, 60.243902439024396, 35.0]
which is less than: 
null


[0.7490128761564389, 0.3855472592042697, 0.8097340977971628, 0.3615068918696731, 0.3761201956379765, 0.5834427014333085, 0.4157980533542345, 0.9105018906980394, 0.1767240909540858, 0.4879542261472256, 0.5012015051680554, 0.8227835001765197, 0.7094405960579502, 0.5744672429209943, 0.7641180628654269, 0.7728889344226878, 88.0, 10.0, 68.0, 92.0, 25.0, 42.0, 52.0, 76.0, 15.0, 100.0, 67.0]
[0.7490128761564389, 0.3855472592042697, 0.8097340977971628, 0.3615068918696731, 0.3761201956379765, 0.5834427014333085, 0.4157980533542345, 0.9105018906980394, 0.1767240909540858, 0.4879542261472256, 0.5012015051680554, 0.8227835001765197, 0.7094405960579502, 0.5744672429209943, 0.7641180628654269, 0.7728889344226878, 88.0, 10.0, 68.0, 92.0, 25.0, 42.0, 52.0, 76.0, 15.0, 100.0, 67.0]
particle 4 is updating position
due to fitness value of: 
[37.95918367346939, 25.918367346938776, 20.0, 5.204081632653061, 78.6734693877551, 5.0, 7.560975609756097, 20.0, 20.24390243902439, 52.804878048780495]
which is less than: 
[37.95918367346939, 30.0, 11.83673469387755, 84.79591836734694, 5.0, 5.0, 10.0, 10.24390243902439, 60.243902439024396, 35.0]


[0.8845035728603876, 0.8962244658059663, 0.4221459862783563, 0.41511027091287545, 0.2901799838641146, 0.9301055922764588, 0.35457848904025135, 0.5877536610921716, 0.6290423855667365, 0.7221883103973922, 0.14843664927715428, 0.2530988905912147, 0.20354771661863968, 0.31380643784303086, 0.5402203354782905, 0.7286219442144253, 27.0, 75.0, 60.0, 11.0, 55.0, 1.0, 0.001, 47.0, 75.0, 20.0, 1.0]
[0.8845035728603876, 0.8962244658059663, 0.4221459862783563, 0.41511027091287545, 0.2901799838641146, 0.9301055922764588, 0.35457848904025135, 0.5877536610921716, 0.6290423855667365, 0.7221883103973922, 0.14843664927715428, 0.2530988905912147, 0.20354771661863968, 0.31380643784303086, 0.5402203354782905, 0.7286219442144253, 27.0, 75.0, 60.0, 11.0, 55.0, 1.0, 0.001, 47.0, 75.0, 20.0, 1.0]
particle 11 is updating position
due to fitness value of: 
[37.95918367346939, 30.0, 11.83673469387755, 64.38775510204081, 15.408163265306122, 5.0, 10.0, 10.24390243902439, 48.048780487804876, 22.804878048780488]
which is less than: 
[37.95918367346939, 25.918367346938776, 20.0, 5.204081632653061, 78.6734693877551, 5.0, 7.560975609756097, 20.0, 20.24390243902439, 52.804878048780495]


[0.9772367730191719, 0.4021832754011957, 0.2939135791540023, 0.927515404604909, 0.028423992426533373, 0.6969110673073421, 0.5144954587795549, 0.2617712574238069, 0.830519945930571, 0.47631500975911667, 0.6375897383826105, 0.7028891066976676, 0.6024606429448017, 0.14927840037787732, 0.07698215626159244, 0.5901229618925417, 88.0, 88.0, 23.0, 61.0, 41.0, 43.0, 26.0, 12.0, 95.0, 47.0, 68.0]
[0.9772367730191719, 0.4021832754011957, 0.2939135791540023, 0.927515404604909, 0.028423992426533373, 0.6969110673073421, 0.5144954587795549, 0.2617712574238069, 0.830519945930571, 0.47631500975911667, 0.6375897383826105, 0.7028891066976676, 0.6024606429448017, 0.14927840037787732, 0.07698215626159244, 0.5901229618925417, 88.0, 88.0, 23.0, 61.0, 41.0, 43.0, 26.0, 12.0, 95.0, 47.0, 68.0]
particle 13 is updating position
due to fitness value of: 
[37.95918367346939, 30.0, 11.83673469387755, 70.51020408163265, 9.285714285714285, 5.0, 10.0, 10.24390243902439, 43.170731707317074, 17.926829268292682]
which is less than: 
[37.95918367346939, 30.0, 11.83673469387755, 64.38775510204081, 15.408163265306122, 5.0, 10.0, 10.24390243902439, 48.048780487804876, 22.804878048780488]


[0.07397585214570235, 0.7552002802408396, 0.18893994592983188, 0.9783649170243071, 0.09714412729824728, 0.9042434838888086, 0.44894965965370837, 0.4523146104272371, 0.9672765594857203, 0.8246078522041941, 0.7462253921510937, 0.27257228614792284, 0.11864665722040035, 0.09636025590201747, 0.5624152085528084, 0.3545843393936827, 67.0, 50.0, 75.0, 52.0, 47.0, 15.0, 64.0, 75.0, 24.0, 95.0, 21.0]
[0.07397585214570235, 0.7552002802408396, 0.18893994592983188, 0.9783649170243071, 0.09714412729824728, 0.9042434838888086, 0.44894965965370837, 0.4523146104272371, 0.9672765594857203, 0.8246078522041941, 0.7462253921510937, 0.27257228614792284, 0.11864665722040035, 0.09636025590201747, 0.5624152085528084, 0.3545843393936827, 67.0, 50.0, 75.0, 52.0, 47.0, 15.0, 64.0, 75.0, 24.0, 95.0, 21.0]
Iteration 0
Best Fitness
[37.95918367346939, 30.0, 11.83673469387755, 70.51020408163265, 9.285714285714285, 5.0, 10.0, 10.24390243902439, 43.170731707317074, 17.926829268292682]
Best Position
[0.07397585214570235, 0.7552002802408396, 0.18893994592983188, 0.9783649170243071, 0.09714412729824728, 0.9042434838888086, 0.44894965965370837, 0.4523146104272371, 0.9672765594857203, 0.8246078522041941, 0.7462253921510937, 0.27257228614792284, 0.11864665722040035, 0.09636025590201747, 0.5624152085528084, 0.3545843393936827, 67.0, 50.0, 75.0, 52.0, 47.0, 15.0, 64.0, 75.0, 24.0, 95.0, 21.0]

-------------

Current fitness of particle 0:
 [37.95918367346939, 30.0, 11.83673469387755, 84.79591836734694, 5.0, 5.0, 10.0, 10.24390243902439, 60.243902439024396, 35.0]

Current fitness of particle 1:
 [40.0, 30.0, 20.0, 70.51020408163265, 19.489795918367346, 5.0, 10.0, 15.121951219512194, 43.170731707317074, 13.048780487804876]

Current fitness of particle 2:
 [41.63265306122449, 11.632653061224488, 20.0, 5.0, 5.0, 80.36585365853658, 4.634146341463413, 20.0, 30.0, 35.0]

Current fitness of particle 3:
 [41.63265306122449, 17.755102040816325, 13.877551020408163, 5.0, 5.0, 80.36585365853658, 0.24390243902439046, 15.121951219512194, 30.0, 35.0]

Current fitness of particle 4:
 [37.95918367346939, 25.918367346938776, 20.0, 5.204081632653061, 78.6734693877551, 5.0, 7.560975609756097, 20.0, 20.24390243902439, 52.804878048780495]

Current fitness of particle 5:
 [40.0, 30.0, 15.918367346938776, 5.0, 90.91836734693877, 5.0, 10.0, 12.682926829268293, 30.0, 57.6829268292683]

Current fitness of particle 6:
 [2.857142857142854, 30.0, 7.755102040816327, 5.0, 39.89795918367347, 53.536585365853654, 10.0, 10.24390243902439, 30.0, 3.2926829268292686]

Current fitness of particle 7:
 [40.0, 30.0, 20.0, 5.204081632653061, 84.79591836734694, 5.0, 10.0, 15.121951219512194, 25.121951219512194, 55.243902439024396]

Current fitness of particle 8:
 [40.0, 30.0, 20.0, 5.0, 95.0, 5.0, 10.0, 20.0, 30.0, 65.0]

Current fitness of particle 9:
 [29.79591836734694, 30.0, 20.0, 5.0, 84.79591836734694, 4.7560975609756095, 10.0, 20.0, 30.0, 55.243902439024396]

Current fitness of particle 10:
 [40.0, 30.0, 20.0, 37.857142857142854, 52.14285714285714, 5.0, 5.121951219512195, 20.0, 11.46341463414634, 18.65853658536586]

Current fitness of particle 11:
 [37.95918367346939, 30.0, 11.83673469387755, 64.38775510204081, 15.408163265306122, 5.0, 10.0, 10.24390243902439, 48.048780487804876, 22.804878048780488]

Current fitness of particle 12:
 [41.63265306122449, 30.0, 1.632653061224488, 5.0, 5.0, 80.36585365853658, 10.0, 5.365853658536587, 30.0, 35.0]

Current fitness of particle 13:
 [37.95918367346939, 30.0, 11.83673469387755, 70.51020408163265, 9.285714285714285, 5.0, 10.0, 10.24390243902439, 43.170731707317074, 17.926829268292682]

Current fitness of particle 14:
 [40.0, 30.0, 20.0, 5.0, 95.0, 5.0, 10.0, 20.0, 30.0, 65.0]

[0.07397585214570235, 0.7552002802408396, 0.18893994592983188, 0.9783649170243071, 0.09714412729824728, 0.9042434838888086, 0.44894965965370837, 0.4523146104272371, 0.9672765594857203, 0.8246078522041941, 0.7462253921510937, 0.27257228614792284, 0.11864665722040035, 0.09636025590201747, 0.5624152085528084, 0.3545843393936827, 67.0, 50.0, 75.0, 52.0, 47.0, 15.0, 64.0, 75.0, 24.0, 95.0, 21.0]
[0.07397585214570235, 0.7552002802408396, 0.18893994592983188, 0.9783649170243071, 0.09714412729824728, 0.9042434838888086, 0.44894965965370837, 0.4523146104272371, 0.9672765594857203, 0.8246078522041941, 0.7462253921510937, 0.27257228614792284, 0.11864665722040035, 0.09636025590201747, 0.5624152085528084, 0.3545843393936827, 67.0, 50.0, 75.0, 52.0, 47.0, 15.0, 64.0, 75.0, 24.0, 95.0, 21.0]
[0.07397585214570235, 0.7552002802408396, 0.18893994592983188, 0.9783649170243071, 0.09714412729824728, 0.9042434838888086, 0.44894965965370837, 0.4523146104272371, 0.9672765594857203, 0.8246078522041941, 0.7462253921510937, 0.27257228614792284, 0.11864665722040035, 0.09636025590201747, 0.5624152085528084, 0.3545843393936827, 67.0, 50.0, 75.0, 52.0, 47.0, 15.0, 64.0, 75.0, 24.0, 95.0, 21.0]
[0.07397585214570235, 0.7552002802408396, 0.18893994592983188, 0.9783649170243071, 0.09714412729824728, 0.9042434838888086, 0.44894965965370837, 0.4523146104272371, 0.9672765594857203, 0.8246078522041941, 0.7462253921510937, 0.27257228614792284, 0.11864665722040035, 0.09636025590201747, 0.5624152085528084, 0.3545843393936827, 67.0, 50.0, 75.0, 52.0, 47.0, 15.0, 64.0, 75.0, 24.0, 95.0, 21.0]
[0.07397585214570235, 0.7552002802408396, 0.18893994592983188, 0.9783649170243071, 0.09714412729824728, 0.9042434838888086, 0.44894965965370837, 0.4523146104272371, 0.9672765594857203, 0.8246078522041941, 0.7462253921510937, 0.27257228614792284, 0.11864665722040035, 0.09636025590201747, 0.5624152085528084, 0.3545843393936827, 67.0, 50.0, 75.0, 52.0, 47.0, 15.0, 64.0, 75.0, 24.0, 95.0, 21.0]
[0.07397585214570235, 0.7552002802408396, 0.18893994592983188, 0.9783649170243071, 0.09714412729824728, 0.9042434838888086, 0.44894965965370837, 0.4523146104272371, 0.9672765594857203, 0.8246078522041941, 0.7462253921510937, 0.27257228614792284, 0.11864665722040035, 0.09636025590201747, 0.5624152085528084, 0.3545843393936827, 67.0, 50.0, 75.0, 52.0, 47.0, 15.0, 64.0, 75.0, 24.0, 95.0, 21.0]
[0.07397585214570235, 0.7552002802408396, 0.18893994592983188, 0.9783649170243071, 0.09714412729824728, 0.9042434838888086, 0.44894965965370837, 0.4523146104272371, 0.9672765594857203, 0.8246078522041941, 0.7462253921510937, 0.27257228614792284, 0.11864665722040035, 0.09636025590201747, 0.5624152085528084, 0.3545843393936827, 67.0, 50.0, 75.0, 52.0, 47.0, 15.0, 64.0, 75.0, 24.0, 95.0, 21.0]
[0.07397585214570235, 0.7552002802408396, 0.18893994592983188, 0.9783649170243071, 0.09714412729824728, 0.9042434838888086, 0.44894965965370837, 0.4523146104272371, 0.9672765594857203, 0.8246078522041941, 0.7462253921510937, 0.27257228614792284, 0.11864665722040035, 0.09636025590201747, 0.5624152085528084, 0.3545843393936827, 67.0, 50.0, 75.0, 52.0, 47.0, 15.0, 64.0, 75.0, 24.0, 95.0, 21.0]
[0.07397585214570235, 0.7552002802408396, 0.18893994592983188, 0.9783649170243071, 0.09714412729824728, 0.9042434838888086, 0.44894965965370837, 0.4523146104272371, 0.9672765594857203, 0.8246078522041941, 0.7462253921510937, 0.27257228614792284, 0.11864665722040035, 0.09636025590201747, 0.5624152085528084, 0.3545843393936827, 67.0, 50.0, 75.0, 52.0, 47.0, 15.0, 64.0, 75.0, 24.0, 95.0, 21.0]
[0.07397585214570235, 0.7552002802408396, 0.18893994592983188, 0.9783649170243071, 0.09714412729824728, 0.9042434838888086, 0.44894965965370837, 0.4523146104272371, 0.9672765594857203, 0.8246078522041941, 0.7462253921510937, 0.27257228614792284, 0.11864665722040035, 0.09636025590201747, 0.5624152085528084, 0.3545843393936827, 67.0, 50.0, 75.0, 52.0, 47.0, 15.0, 64.0, 75.0, 24.0, 95.0, 21.0]
[0.07397585214570235, 0.7552002802408396, 0.18893994592983188, 0.9783649170243071, 0.09714412729824728, 0.9042434838888086, 0.44894965965370837, 0.4523146104272371, 0.9672765594857203, 0.8246078522041941, 0.7462253921510937, 0.27257228614792284, 0.11864665722040035, 0.09636025590201747, 0.5624152085528084, 0.3545843393936827, 67.0, 50.0, 75.0, 52.0, 47.0, 15.0, 64.0, 75.0, 24.0, 95.0, 21.0]
[0.07397585214570235, 0.7552002802408396, 0.18893994592983188, 0.9783649170243071, 0.09714412729824728, 0.9042434838888086, 0.44894965965370837, 0.4523146104272371, 0.9672765594857203, 0.8246078522041941, 0.7462253921510937, 0.27257228614792284, 0.11864665722040035, 0.09636025590201747, 0.5624152085528084, 0.3545843393936827, 67.0, 50.0, 75.0, 52.0, 47.0, 15.0, 64.0, 75.0, 24.0, 95.0, 21.0]
[0.07397585214570235, 0.7552002802408396, 0.18893994592983188, 0.9783649170243071, 0.09714412729824728, 0.9042434838888086, 0.44894965965370837, 0.4523146104272371, 0.9672765594857203, 0.8246078522041941, 0.7462253921510937, 0.27257228614792284, 0.11864665722040035, 0.09636025590201747, 0.5624152085528084, 0.3545843393936827, 67.0, 50.0, 75.0, 52.0, 47.0, 15.0, 64.0, 75.0, 24.0, 95.0, 21.0]
[0.07397585214570235, 0.7552002802408396, 0.18893994592983188, 0.9783649170243071, 0.09714412729824728, 0.9042434838888086, 0.44894965965370837, 0.4523146104272371, 0.9672765594857203, 0.8246078522041941, 0.7462253921510937, 0.27257228614792284, 0.11864665722040035, 0.09636025590201747, 0.5624152085528084, 0.3545843393936827, 67.0, 50.0, 75.0, 52.0, 47.0, 15.0, 64.0, 75.0, 24.0, 95.0, 21.0]
[0.07397585214570235, 0.7552002802408396, 0.18893994592983188, 0.9783649170243071, 0.09714412729824728, 0.9042434838888086, 0.44894965965370837, 0.4523146104272371, 0.9672765594857203, 0.8246078522041941, 0.7462253921510937, 0.27257228614792284, 0.11864665722040035, 0.09636025590201747, 0.5624152085528084, 0.3545843393936827, 67.0, 50.0, 75.0, 52.0, 47.0, 15.0, 64.0, 75.0, 24.0, 95.0, 21.0]
[37.95918367346939, 30.0, 11.83673469387755, 70.51020408163265, 9.285714285714285, 5.0, 10.0, 10.24390243902439, 43.170731707317074, 17.926829268292682]
[0.07397585214570235, 0.7552002802408396, 0.18893994592983188, 0.9783649170243071, 0.09714412729824728, 0.9042434838888086, 0.44894965965370837, 0.4523146104272371, 0.9672765594857203, 0.8246078522041941, 0.7462253921510937, 0.27257228614792284, 0.11864665722040035, 0.09636025590201747, 0.5624152085528084, 0.3545843393936827, 67.0, 50.0, 75.0, 52.0, 47.0, 15.0, 64.0, 75.0, 24.0, 95.0, 21.0]
particle 12 is updating position
due to fitness value of: 
[25.714285714285715, 30.0, 9.795918367346939, 70.51020408163265, 5.0, 24.268292682926827, 10.0, 10.24390243902439, 30.975609756097562, 35.0]
which is less than: 
[37.95918367346939, 30.0, 11.83673469387755, 70.51020408163265, 9.285714285714285, 5.0, 10.0, 10.24390243902439, 43.170731707317074, 17.926829268292682]


[0.7571146983189894, 1.0, 0.23595944186160112, 1.0, 0.2118763656708209, 0.658006670587714, 0.8492244279636381, 0.6422291513838496, 1.0, 0.21363415944542258, 1.0, 0.25266378738539413, 0.2066543050504039, 0.8989295586038997, 0.780941819207287, 1.0, 100.0, 100.0, 100.0, 100.0, 100.0, 40.75567596829477, 76.31675584350293, 74.74433196429774, 100.0, 100.0, 100.0]
[0.7571146983189894, 1.0, 0.23595944186160112, 1.0, 0.2118763656708209, 0.658006670587714, 0.8492244279636381, 0.6422291513838496, 1.0, 0.21363415944542258, 1.0, 0.25266378738539413, 0.2066543050504039, 0.8989295586038997, 0.780941819207287, 1.0, 100.0, 100.0, 100.0, 100.0, 100.0, 40.75567596829477, 76.31675584350293, 74.74433196429774, 100.0, 100.0, 100.0]
Iteration 1
Best Fitness
[25.714285714285715, 30.0, 9.795918367346939, 70.51020408163265, 5.0, 24.268292682926827, 10.0, 10.24390243902439, 30.975609756097562, 35.0]
Best Position
[0.7571146983189894, 1.0, 0.23595944186160112, 1.0, 0.2118763656708209, 0.658006670587714, 0.8492244279636381, 0.6422291513838496, 1.0, 0.21363415944542258, 1.0, 0.25266378738539413, 0.2066543050504039, 0.8989295586038997, 0.780941819207287, 1.0, 100.0, 100.0, 100.0, 100.0, 100.0, 40.75567596829477, 76.31675584350293, 74.74433196429774, 100.0, 100.0, 100.0]

-------------

Current fitness of particle 0:
 [40.0, 30.0, 20.0, 5.204081632653061, 84.79591836734694, 5.0, 10.0, 20.0, 20.24390243902439, 55.243902439024396]

Current fitness of particle 1:
 [40.0, 30.0, 20.0, 5.0, 95.0, 5.0, 10.0, 20.0, 30.0, 65.0]

Current fitness of particle 2:
 [40.0, 30.0, 13.877551020408163, 88.87755102040816, 5.0, 5.0, 10.0, 12.682926829268293, 62.6829268292683, 35.0]

Current fitness of particle 3:
 [40.0, 30.0, 20.0, 5.0, 95.0, 5.0, 10.0, 20.0, 30.0, 65.0]

Current fitness of particle 4:
 [40.0, 30.0, 20.0, 5.0, 95.0, 5.0, 10.0, 20.0, 30.0, 65.0]

Current fitness of particle 5:
 [40.0, 30.0, 20.0, 5.0, 95.0, 5.0, 10.0, 20.0, 30.0, 65.0]

Current fitness of particle 6:
 [40.0, 30.0, 20.0, 5.0, 95.0, 5.0, 10.0, 20.0, 30.0, 65.0]

Current fitness of particle 7:
 [40.0, 30.0, 20.0, 5.0, 95.0, 5.0, 10.0, 20.0, 30.0, 65.0]

Current fitness of particle 8:
 [40.0, 30.0, 20.0, 5.0, 95.0, 5.0, 10.0, 20.0, 30.0, 65.0]

Current fitness of particle 9:
 [40.0, 30.0, 20.0, 5.204081632653061, 84.79591836734694, 5.0, 10.0, 15.121951219512194, 25.121951219512194, 55.243902439024396]

Current fitness of particle 10:
 [40.0, 30.0, 20.0, 5.0, 95.0, 5.0, 10.0, 20.0, 30.0, 65.0]

Current fitness of particle 11:
 [40.0, 30.0, 20.0, 5.0, 95.0, 5.0, 10.0, 20.0, 30.0, 65.0]

Current fitness of particle 12:
 [25.714285714285715, 30.0, 9.795918367346939, 70.51020408163265, 5.0, 24.268292682926827, 10.0, 10.24390243902439, 30.975609756097562, 35.0]

Current fitness of particle 13:
 [37.95918367346939, 30.0, 11.83673469387755, 70.51020408163265, 9.285714285714285, 5.0, 10.0, 10.24390243902439, 43.170731707317074, 17.926829268292682]

Current fitness of particle 14:
 [40.0, 30.0, 20.0, 5.0, 95.0, 5.0, 10.0, 20.0, 30.0, 65.0]

[0.7571146983189894, 1.0, 0.23595944186160112, 1.0, 0.2118763656708209, 0.658006670587714, 0.8492244279636381, 0.6422291513838496, 1.0, 0.21363415944542258, 1.0, 0.25266378738539413, 0.2066543050504039, 0.8989295586038997, 0.780941819207287, 1.0, 100.0, 100.0, 100.0, 100.0, 100.0, 40.75567596829477, 76.31675584350293, 74.74433196429774, 100.0, 100.0, 100.0]
[0.7571146983189894, 1.0, 0.23595944186160112, 1.0, 0.2118763656708209, 0.658006670587714, 0.8492244279636381, 0.6422291513838496, 1.0, 0.21363415944542258, 1.0, 0.25266378738539413, 0.2066543050504039, 0.8989295586038997, 0.780941819207287, 1.0, 100.0, 100.0, 100.0, 100.0, 100.0, 40.75567596829477, 76.31675584350293, 74.74433196429774, 100.0, 100.0, 100.0]
[0.7571146983189894, 1.0, 0.23595944186160112, 1.0, 0.2118763656708209, 0.658006670587714, 0.8492244279636381, 0.6422291513838496, 1.0, 0.21363415944542258, 1.0, 0.25266378738539413, 0.2066543050504039, 0.8989295586038997, 0.780941819207287, 1.0, 100.0, 100.0, 100.0, 100.0, 100.0, 40.75567596829477, 76.31675584350293, 74.74433196429774, 100.0, 100.0, 100.0]
[0.7571146983189894, 1.0, 0.23595944186160112, 1.0, 0.2118763656708209, 0.658006670587714, 0.8492244279636381, 0.6422291513838496, 1.0, 0.21363415944542258, 1.0, 0.25266378738539413, 0.2066543050504039, 0.8989295586038997, 0.780941819207287, 1.0, 100.0, 100.0, 100.0, 100.0, 100.0, 40.75567596829477, 76.31675584350293, 74.74433196429774, 100.0, 100.0, 100.0]
[0.7571146983189894, 1.0, 0.23595944186160112, 1.0, 0.2118763656708209, 0.658006670587714, 0.8492244279636381, 0.6422291513838496, 1.0, 0.21363415944542258, 1.0, 0.25266378738539413, 0.2066543050504039, 0.8989295586038997, 0.780941819207287, 1.0, 100.0, 100.0, 100.0, 100.0, 100.0, 40.75567596829477, 76.31675584350293, 74.74433196429774, 100.0, 100.0, 100.0]
[0.7571146983189894, 1.0, 0.23595944186160112, 1.0, 0.2118763656708209, 0.658006670587714, 0.8492244279636381, 0.6422291513838496, 1.0, 0.21363415944542258, 1.0, 0.25266378738539413, 0.2066543050504039, 0.8989295586038997, 0.780941819207287, 1.0, 100.0, 100.0, 100.0, 100.0, 100.0, 40.75567596829477, 76.31675584350293, 74.74433196429774, 100.0, 100.0, 100.0]
[0.7571146983189894, 1.0, 0.23595944186160112, 1.0, 0.2118763656708209, 0.658006670587714, 0.8492244279636381, 0.6422291513838496, 1.0, 0.21363415944542258, 1.0, 0.25266378738539413, 0.2066543050504039, 0.8989295586038997, 0.780941819207287, 1.0, 100.0, 100.0, 100.0, 100.0, 100.0, 40.75567596829477, 76.31675584350293, 74.74433196429774, 100.0, 100.0, 100.0]
[0.7571146983189894, 1.0, 0.23595944186160112, 1.0, 0.2118763656708209, 0.658006670587714, 0.8492244279636381, 0.6422291513838496, 1.0, 0.21363415944542258, 1.0, 0.25266378738539413, 0.2066543050504039, 0.8989295586038997, 0.780941819207287, 1.0, 100.0, 100.0, 100.0, 100.0, 100.0, 40.75567596829477, 76.31675584350293, 74.74433196429774, 100.0, 100.0, 100.0]
[0.7571146983189894, 1.0, 0.23595944186160112, 1.0, 0.2118763656708209, 0.658006670587714, 0.8492244279636381, 0.6422291513838496, 1.0, 0.21363415944542258, 1.0, 0.25266378738539413, 0.2066543050504039, 0.8989295586038997, 0.780941819207287, 1.0, 100.0, 100.0, 100.0, 100.0, 100.0, 40.75567596829477, 76.31675584350293, 74.74433196429774, 100.0, 100.0, 100.0]
[0.7571146983189894, 1.0, 0.23595944186160112, 1.0, 0.2118763656708209, 0.658006670587714, 0.8492244279636381, 0.6422291513838496, 1.0, 0.21363415944542258, 1.0, 0.25266378738539413, 0.2066543050504039, 0.8989295586038997, 0.780941819207287, 1.0, 100.0, 100.0, 100.0, 100.0, 100.0, 40.75567596829477, 76.31675584350293, 74.74433196429774, 100.0, 100.0, 100.0]
[0.7571146983189894, 1.0, 0.23595944186160112, 1.0, 0.2118763656708209, 0.658006670587714, 0.8492244279636381, 0.6422291513838496, 1.0, 0.21363415944542258, 1.0, 0.25266378738539413, 0.2066543050504039, 0.8989295586038997, 0.780941819207287, 1.0, 100.0, 100.0, 100.0, 100.0, 100.0, 40.75567596829477, 76.31675584350293, 74.74433196429774, 100.0, 100.0, 100.0]
[0.7571146983189894, 1.0, 0.23595944186160112, 1.0, 0.2118763656708209, 0.658006670587714, 0.8492244279636381, 0.6422291513838496, 1.0, 0.21363415944542258, 1.0, 0.25266378738539413, 0.2066543050504039, 0.8989295586038997, 0.780941819207287, 1.0, 100.0, 100.0, 100.0, 100.0, 100.0, 40.75567596829477, 76.31675584350293, 74.74433196429774, 100.0, 100.0, 100.0]
[0.7571146983189894, 1.0, 0.23595944186160112, 1.0, 0.2118763656708209, 0.658006670587714, 0.8492244279636381, 0.6422291513838496, 1.0, 0.21363415944542258, 1.0, 0.25266378738539413, 0.2066543050504039, 0.8989295586038997, 0.780941819207287, 1.0, 100.0, 100.0, 100.0, 100.0, 100.0, 40.75567596829477, 76.31675584350293, 74.74433196429774, 100.0, 100.0, 100.0]
[0.7571146983189894, 1.0, 0.23595944186160112, 1.0, 0.2118763656708209, 0.658006670587714, 0.8492244279636381, 0.6422291513838496, 1.0, 0.21363415944542258, 1.0, 0.25266378738539413, 0.2066543050504039, 0.8989295586038997, 0.780941819207287, 1.0, 100.0, 100.0, 100.0, 100.0, 100.0, 40.75567596829477, 76.31675584350293, 74.74433196429774, 100.0, 100.0, 100.0]
[0.7571146983189894, 1.0, 0.23595944186160112, 1.0, 0.2118763656708209, 0.658006670587714, 0.8492244279636381, 0.6422291513838496, 1.0, 0.21363415944542258, 1.0, 0.25266378738539413, 0.2066543050504039, 0.8989295586038997, 0.780941819207287, 1.0, 100.0, 100.0, 100.0, 100.0, 100.0, 40.75567596829477, 76.31675584350293, 74.74433196429774, 100.0, 100.0, 100.0]
[25.714285714285715, 30.0, 9.795918367346939, 70.51020408163265, 5.0, 24.268292682926827, 10.0, 10.24390243902439, 30.975609756097562, 35.0]
[0.7571146983189894, 1.0, 0.23595944186160112, 1.0, 0.2118763656708209, 0.658006670587714, 0.8492244279636381, 0.6422291513838496, 1.0, 0.21363415944542258, 1.0, 0.25266378738539413, 0.2066543050504039, 0.8989295586038997, 0.780941819207287, 1.0, 100.0, 100.0, 100.0, 100.0, 100.0, 40.75567596829477, 76.31675584350293, 74.74433196429774, 100.0, 100.0, 100.0]
particle 12 is updating position
due to fitness value of: 
[25.714285714285715, 30.0, 9.795918367346939, 70.51020408163265, 5.0, 24.268292682926827, 10.0, 10.24390243902439, 30.975609756097562, 35.0]
which is less than: 
[25.714285714285715, 30.0, 9.795918367346939, 70.51020408163265, 5.0, 24.268292682926827, 10.0, 10.24390243902439, 30.975609756097562, 35.0]


[0.7571146983189894, 1.0, 0.23595944186160112, 1.0, 0.2118763656708209, 0.658006670587714, 0.8492244279636381, 0.6422291513838496, 1.0, 0.21363415944542258, 1.0, 0.25266378738539413, 0.2066543050504039, 0.8989295586038997, 0.780941819207287, 1.0, 100.0, 100.0, 100.0, 100.0, 100.0, 40.75567596829477, 76.31675584350293, 74.74433196429774, 100.0, 100.0, 100.0]
[0.7571146983189894, 1.0, 0.23595944186160112, 1.0, 0.2118763656708209, 0.658006670587714, 0.8492244279636381, 0.6422291513838496, 1.0, 0.21363415944542258, 1.0, 0.25266378738539413, 0.2066543050504039, 0.8989295586038997, 0.780941819207287, 1.0, 100.0, 100.0, 100.0, 100.0, 100.0, 40.75567596829477, 76.31675584350293, 74.74433196429774, 100.0, 100.0, 100.0]
Iteration 2
Best Fitness
[25.714285714285715, 30.0, 9.795918367346939, 70.51020408163265, 5.0, 24.268292682926827, 10.0, 10.24390243902439, 30.975609756097562, 35.0]
Best Position
[0.7571146983189894, 1.0, 0.23595944186160112, 1.0, 0.2118763656708209, 0.658006670587714, 0.8492244279636381, 0.6422291513838496, 1.0, 0.21363415944542258, 1.0, 0.25266378738539413, 0.2066543050504039, 0.8989295586038997, 0.780941819207287, 1.0, 100.0, 100.0, 100.0, 100.0, 100.0, 40.75567596829477, 76.31675584350293, 74.74433196429774, 100.0, 100.0, 100.0]

-------------

Current fitness of particle 0:
 [40.0, 30.0, 20.0, 5.204081632653061, 84.79591836734694, 5.0, 10.0, 20.0, 20.24390243902439, 55.243902439024396]

Current fitness of particle 1:
 [40.0, 30.0, 20.0, 9.285714285714285, 80.71428571428571, 5.0, 10.0, 15.121951219512194, 12.926829268292682, 43.048780487804876]

Current fitness of particle 2:
 [40.0, 30.0, 13.877551020408163, 88.87755102040816, 5.0, 5.0, 10.0, 12.682926829268293, 60.243902439024396, 32.5609756097561]

Current fitness of particle 3:
 [40.0, 30.0, 20.0, 5.0, 95.0, 5.0, 10.0, 20.0, 30.0, 65.0]

Current fitness of particle 4:
 [40.0, 30.0, 20.0, 5.0, 95.0, 5.0, 10.0, 20.0, 30.0, 65.0]

Current fitness of particle 5:
 [40.0, 30.0, 20.0, 1.1224489795918364, 88.87755102040816, 5.0, 10.0, 15.121951219512194, 27.5609756097561, 57.6829268292683]

Current fitness of particle 6:
 [40.0, 30.0, 20.0, 5.0, 95.0, 5.0, 10.0, 20.0, 30.0, 65.0]

Current fitness of particle 7:
 [40.0, 30.0, 20.0, 5.0, 95.0, 5.0, 10.0, 20.0, 30.0, 65.0]

Current fitness of particle 8:
 [40.0, 30.0, 20.0, 5.0, 95.0, 5.0, 10.0, 20.0, 30.0, 65.0]

Current fitness of particle 9:
 [37.95918367346939, 30.0, 11.83673469387755, 5.0, 84.79591836734694, 5.0, 10.0, 10.24390243902439, 30.0, 55.243902439024396]

Current fitness of particle 10:
 [40.0, 30.0, 20.0, 5.0, 95.0, 5.0, 10.0, 20.0, 30.0, 65.0]

Current fitness of particle 11:
 [40.0, 30.0, 20.0, 5.0, 95.0, 5.0, 10.0, 15.121951219512194, 30.0, 60.1219512195122]

Current fitness of particle 12:
 [25.714285714285715, 30.0, 9.795918367346939, 70.51020408163265, 5.0, 24.268292682926827, 10.0, 10.24390243902439, 30.975609756097562, 35.0]

Current fitness of particle 13:
 [40.0, 30.0, 20.0, 5.204081632653061, 84.79591836734694, 5.0, 10.0, 15.121951219512194, 25.121951219512194, 55.243902439024396]

Current fitness of particle 14:
 [37.95918367346939, 30.0, 11.83673469387755, 5.0, 84.79591836734694, 5.0, 10.0, 10.24390243902439, 30.0, 55.243902439024396]

[0.7571146983189894, 1.0, 0.23595944186160112, 1.0, 0.2118763656708209, 0.658006670587714, 0.8492244279636381, 0.6422291513838496, 1.0, 0.21363415944542258, 1.0, 0.25266378738539413, 0.2066543050504039, 0.8989295586038997, 0.780941819207287, 1.0, 100.0, 100.0, 100.0, 100.0, 100.0, 40.75567596829477, 76.31675584350293, 74.74433196429774, 100.0, 100.0, 100.0]
[0.7571146983189894, 1.0, 0.23595944186160112, 1.0, 0.2118763656708209, 0.658006670587714, 0.8492244279636381, 0.6422291513838496, 1.0, 0.21363415944542258, 1.0, 0.25266378738539413, 0.2066543050504039, 0.8989295586038997, 0.780941819207287, 1.0, 100.0, 100.0, 100.0, 100.0, 100.0, 40.75567596829477, 76.31675584350293, 74.74433196429774, 100.0, 100.0, 100.0]
[0.7571146983189894, 1.0, 0.23595944186160112, 1.0, 0.2118763656708209, 0.658006670587714, 0.8492244279636381, 0.6422291513838496, 1.0, 0.21363415944542258, 1.0, 0.25266378738539413, 0.2066543050504039, 0.8989295586038997, 0.780941819207287, 1.0, 100.0, 100.0, 100.0, 100.0, 100.0, 40.75567596829477, 76.31675584350293, 74.74433196429774, 100.0, 100.0, 100.0]
[0.7571146983189894, 1.0, 0.23595944186160112, 1.0, 0.2118763656708209, 0.658006670587714, 0.8492244279636381, 0.6422291513838496, 1.0, 0.21363415944542258, 1.0, 0.25266378738539413, 0.2066543050504039, 0.8989295586038997, 0.780941819207287, 1.0, 100.0, 100.0, 100.0, 100.0, 100.0, 40.75567596829477, 76.31675584350293, 74.74433196429774, 100.0, 100.0, 100.0]
[0.7571146983189894, 1.0, 0.23595944186160112, 1.0, 0.2118763656708209, 0.658006670587714, 0.8492244279636381, 0.6422291513838496, 1.0, 0.21363415944542258, 1.0, 0.25266378738539413, 0.2066543050504039, 0.8989295586038997, 0.780941819207287, 1.0, 100.0, 100.0, 100.0, 100.0, 100.0, 40.75567596829477, 76.31675584350293, 74.74433196429774, 100.0, 100.0, 100.0]
[0.7571146983189894, 1.0, 0.23595944186160112, 1.0, 0.2118763656708209, 0.658006670587714, 0.8492244279636381, 0.6422291513838496, 1.0, 0.21363415944542258, 1.0, 0.25266378738539413, 0.2066543050504039, 0.8989295586038997, 0.780941819207287, 1.0, 100.0, 100.0, 100.0, 100.0, 100.0, 40.75567596829477, 76.31675584350293, 74.74433196429774, 100.0, 100.0, 100.0]
[0.7571146983189894, 1.0, 0.23595944186160112, 1.0, 0.2118763656708209, 0.658006670587714, 0.8492244279636381, 0.6422291513838496, 1.0, 0.21363415944542258, 1.0, 0.25266378738539413, 0.2066543050504039, 0.8989295586038997, 0.780941819207287, 1.0, 100.0, 100.0, 100.0, 100.0, 100.0, 40.75567596829477, 76.31675584350293, 74.74433196429774, 100.0, 100.0, 100.0]
[0.7571146983189894, 1.0, 0.23595944186160112, 1.0, 0.2118763656708209, 0.658006670587714, 0.8492244279636381, 0.6422291513838496, 1.0, 0.21363415944542258, 1.0, 0.25266378738539413, 0.2066543050504039, 0.8989295586038997, 0.780941819207287, 1.0, 100.0, 100.0, 100.0, 100.0, 100.0, 40.75567596829477, 76.31675584350293, 74.74433196429774, 100.0, 100.0, 100.0]
[0.7571146983189894, 1.0, 0.23595944186160112, 1.0, 0.2118763656708209, 0.658006670587714, 0.8492244279636381, 0.6422291513838496, 1.0, 0.21363415944542258, 1.0, 0.25266378738539413, 0.2066543050504039, 0.8989295586038997, 0.780941819207287, 1.0, 100.0, 100.0, 100.0, 100.0, 100.0, 40.75567596829477, 76.31675584350293, 74.74433196429774, 100.0, 100.0, 100.0]
[0.7571146983189894, 1.0, 0.23595944186160112, 1.0, 0.2118763656708209, 0.658006670587714, 0.8492244279636381, 0.6422291513838496, 1.0, 0.21363415944542258, 1.0, 0.25266378738539413, 0.2066543050504039, 0.8989295586038997, 0.780941819207287, 1.0, 100.0, 100.0, 100.0, 100.0, 100.0, 40.75567596829477, 76.31675584350293, 74.74433196429774, 100.0, 100.0, 100.0]
[0.7571146983189894, 1.0, 0.23595944186160112, 1.0, 0.2118763656708209, 0.658006670587714, 0.8492244279636381, 0.6422291513838496, 1.0, 0.21363415944542258, 1.0, 0.25266378738539413, 0.2066543050504039, 0.8989295586038997, 0.780941819207287, 1.0, 100.0, 100.0, 100.0, 100.0, 100.0, 40.75567596829477, 76.31675584350293, 74.74433196429774, 100.0, 100.0, 100.0]
[0.7571146983189894, 1.0, 0.23595944186160112, 1.0, 0.2118763656708209, 0.658006670587714, 0.8492244279636381, 0.6422291513838496, 1.0, 0.21363415944542258, 1.0, 0.25266378738539413, 0.2066543050504039, 0.8989295586038997, 0.780941819207287, 1.0, 100.0, 100.0, 100.0, 100.0, 100.0, 40.75567596829477, 76.31675584350293, 74.74433196429774, 100.0, 100.0, 100.0]
[0.7571146983189894, 1.0, 0.23595944186160112, 1.0, 0.2118763656708209, 0.658006670587714, 0.8492244279636381, 0.6422291513838496, 1.0, 0.21363415944542258, 1.0, 0.25266378738539413, 0.2066543050504039, 0.8989295586038997, 0.780941819207287, 1.0, 100.0, 100.0, 100.0, 100.0, 100.0, 40.75567596829477, 76.31675584350293, 74.74433196429774, 100.0, 100.0, 100.0]
[0.7571146983189894, 1.0, 0.23595944186160112, 1.0, 0.2118763656708209, 0.658006670587714, 0.8492244279636381, 0.6422291513838496, 1.0, 0.21363415944542258, 1.0, 0.25266378738539413, 0.2066543050504039, 0.8989295586038997, 0.780941819207287, 1.0, 100.0, 100.0, 100.0, 100.0, 100.0, 40.75567596829477, 76.31675584350293, 74.74433196429774, 100.0, 100.0, 100.0]
[0.7571146983189894, 1.0, 0.23595944186160112, 1.0, 0.2118763656708209, 0.658006670587714, 0.8492244279636381, 0.6422291513838496, 1.0, 0.21363415944542258, 1.0, 0.25266378738539413, 0.2066543050504039, 0.8989295586038997, 0.780941819207287, 1.0, 100.0, 100.0, 100.0, 100.0, 100.0, 40.75567596829477, 76.31675584350293, 74.74433196429774, 100.0, 100.0, 100.0]
[25.714285714285715, 30.0, 9.795918367346939, 70.51020408163265, 5.0, 24.268292682926827, 10.0, 10.24390243902439, 30.975609756097562, 35.0]
[0.7571146983189894, 1.0, 0.23595944186160112, 1.0, 0.2118763656708209, 0.658006670587714, 0.8492244279636381, 0.6422291513838496, 1.0, 0.21363415944542258, 1.0, 0.25266378738539413, 0.2066543050504039, 0.8989295586038997, 0.780941819207287, 1.0, 100.0, 100.0, 100.0, 100.0, 100.0, 40.75567596829477, 76.31675584350293, 74.74433196429774, 100.0, 100.0, 100.0]
particle 12 is updating position
due to fitness value of: 
[25.714285714285715, 30.0, 9.795918367346939, 70.51020408163265, 5.0, 24.268292682926827, 10.0, 10.24390243902439, 30.975609756097562, 35.0]
which is less than: 
[25.714285714285715, 30.0, 9.795918367346939, 70.51020408163265, 5.0, 24.268292682926827, 10.0, 10.24390243902439, 30.975609756097562, 35.0]


[0.7571146983189894, 1.0, 0.23595944186160112, 1.0, 0.2118763656708209, 0.658006670587714, 0.8492244279636381, 0.6422291513838496, 1.0, 0.21363415944542258, 1.0, 0.25266378738539413, 0.2066543050504039, 0.8989295586038997, 0.780941819207287, 1.0, 100.0, 100.0, 100.0, 100.0, 100.0, 40.75567596829477, 76.31675584350293, 74.74433196429774, 100.0, 100.0, 100.0]
[0.7571146983189894, 1.0, 0.23595944186160112, 1.0, 0.2118763656708209, 0.658006670587714, 0.8492244279636381, 0.6422291513838496, 1.0, 0.21363415944542258, 1.0, 0.25266378738539413, 0.2066543050504039, 0.8989295586038997, 0.780941819207287, 1.0, 100.0, 100.0, 100.0, 100.0, 100.0, 40.75567596829477, 76.31675584350293, 74.74433196429774, 100.0, 100.0, 100.0]
Iteration 3
Best Fitness
[25.714285714285715, 30.0, 9.795918367346939, 70.51020408163265, 5.0, 24.268292682926827, 10.0, 10.24390243902439, 30.975609756097562, 35.0]
Best Position
[0.7571146983189894, 1.0, 0.23595944186160112, 1.0, 0.2118763656708209, 0.658006670587714, 0.8492244279636381, 0.6422291513838496, 1.0, 0.21363415944542258, 1.0, 0.25266378738539413, 0.2066543050504039, 0.8989295586038997, 0.780941819207287, 1.0, 100.0, 100.0, 100.0, 100.0, 100.0, 40.75567596829477, 76.31675584350293, 74.74433196429774, 100.0, 100.0, 100.0]

-------------

Current fitness of particle 0:
 [37.95918367346939, 30.0, 11.83673469387755, 5.0, 84.79591836734694, 5.0, 10.0, 10.24390243902439, 30.0, 55.243902439024396]

Current fitness of particle 1:
 [41.63265306122449, 30.0, 1.632653061224488, 5.0, 5.0, 80.36585365853658, 10.0, 5.365853658536587, 30.0, 35.0]

Current fitness of particle 2:
 [40.0, 30.0, 13.877551020408163, 88.87755102040816, 5.0, 5.0, 10.0, 12.682926829268293, 62.6829268292683, 35.0]

Current fitness of particle 3:
 [37.95918367346939, 30.0, 11.83673469387755, 84.79591836734694, 5.0, 5.0, 10.0, 10.24390243902439, 60.243902439024396, 35.0]

Current fitness of particle 4:
 [29.79591836734694, 30.0, 15.918367346938776, 5.0, 80.71428571428571, 12.073170731707318, 10.0, 15.121951219512194, 30.0, 43.048780487804876]

Current fitness of particle 5:
 [29.79591836734694, 30.0, 15.918367346938776, 80.71428571428571, 5.0, 12.073170731707318, 10.0, 15.121951219512194, 48.048780487804876, 35.0]

Current fitness of particle 6:
 [40.0, 30.0, 20.0, 5.0, 95.0, 5.0, 10.0, 20.0, 30.0, 65.0]

Current fitness of particle 7:
 [40.0, 30.0, 20.0, 5.0, 95.0, 5.0, 10.0, 20.0, 30.0, 65.0]

Current fitness of particle 8:
 [41.63265306122449, 30.0, 1.632653061224488, 5.0, 5.0, 80.36585365853658, 10.0, 5.365853658536587, 30.0, 35.0]

Current fitness of particle 9:
 [41.63265306122449, 30.0, 1.632653061224488, 5.0, 5.0, 80.36585365853658, 10.0, 5.365853658536587, 30.0, 35.0]

Current fitness of particle 10:
 [37.95918367346939, 30.0, 11.83673469387755, 5.0, 84.79591836734694, 5.0, 10.0, 10.24390243902439, 30.0, 55.243902439024396]

Current fitness of particle 11:
 [40.0, 30.0, 20.0, 5.0, 95.0, 5.0, 10.0, 20.0, 30.0, 65.0]

Current fitness of particle 12:
 [25.714285714285715, 30.0, 9.795918367346939, 70.51020408163265, 5.0, 24.268292682926827, 10.0, 10.24390243902439, 30.975609756097562, 35.0]

Current fitness of particle 13:
 [40.0, 30.0, 20.0, 50.10204081632652, 39.89795918367347, 5.0, 10.0, 15.121951219512194, 33.41463414634146, 3.2926829268292686]

Current fitness of particle 14:
 [37.95918367346939, 30.0, 11.83673469387755, 5.0, 84.79591836734694, 5.0, 10.0, 10.24390243902439, 30.0, 55.243902439024396]

[0.7571146983189894, 1.0, 0.23595944186160112, 1.0, 0.2118763656708209, 0.658006670587714, 0.8492244279636381, 0.6422291513838496, 1.0, 0.21363415944542258, 1.0, 0.25266378738539413, 0.2066543050504039, 0.8989295586038997, 0.780941819207287, 1.0, 100.0, 100.0, 100.0, 100.0, 100.0, 40.75567596829477, 76.31675584350293, 74.74433196429774, 100.0, 100.0, 100.0]
[0.7571146983189894, 1.0, 0.23595944186160112, 1.0, 0.2118763656708209, 0.658006670587714, 0.8492244279636381, 0.6422291513838496, 1.0, 0.21363415944542258, 1.0, 0.25266378738539413, 0.2066543050504039, 0.8989295586038997, 0.780941819207287, 1.0, 100.0, 100.0, 100.0, 100.0, 100.0, 40.75567596829477, 76.31675584350293, 74.74433196429774, 100.0, 100.0, 100.0]
[0.7571146983189894, 1.0, 0.23595944186160112, 1.0, 0.2118763656708209, 0.658006670587714, 0.8492244279636381, 0.6422291513838496, 1.0, 0.21363415944542258, 1.0, 0.25266378738539413, 0.2066543050504039, 0.8989295586038997, 0.780941819207287, 1.0, 100.0, 100.0, 100.0, 100.0, 100.0, 40.75567596829477, 76.31675584350293, 74.74433196429774, 100.0, 100.0, 100.0]
[0.7571146983189894, 1.0, 0.23595944186160112, 1.0, 0.2118763656708209, 0.658006670587714, 0.8492244279636381, 0.6422291513838496, 1.0, 0.21363415944542258, 1.0, 0.25266378738539413, 0.2066543050504039, 0.8989295586038997, 0.780941819207287, 1.0, 100.0, 100.0, 100.0, 100.0, 100.0, 40.75567596829477, 76.31675584350293, 74.74433196429774, 100.0, 100.0, 100.0]
[0.7571146983189894, 1.0, 0.23595944186160112, 1.0, 0.2118763656708209, 0.658006670587714, 0.8492244279636381, 0.6422291513838496, 1.0, 0.21363415944542258, 1.0, 0.25266378738539413, 0.2066543050504039, 0.8989295586038997, 0.780941819207287, 1.0, 100.0, 100.0, 100.0, 100.0, 100.0, 40.75567596829477, 76.31675584350293, 74.74433196429774, 100.0, 100.0, 100.0]
[0.7571146983189894, 1.0, 0.23595944186160112, 1.0, 0.2118763656708209, 0.658006670587714, 0.8492244279636381, 0.6422291513838496, 1.0, 0.21363415944542258, 1.0, 0.25266378738539413, 0.2066543050504039, 0.8989295586038997, 0.780941819207287, 1.0, 100.0, 100.0, 100.0, 100.0, 100.0, 40.75567596829477, 76.31675584350293, 74.74433196429774, 100.0, 100.0, 100.0]
[0.7571146983189894, 1.0, 0.23595944186160112, 1.0, 0.2118763656708209, 0.658006670587714, 0.8492244279636381, 0.6422291513838496, 1.0, 0.21363415944542258, 1.0, 0.25266378738539413, 0.2066543050504039, 0.8989295586038997, 0.780941819207287, 1.0, 100.0, 100.0, 100.0, 100.0, 100.0, 40.75567596829477, 76.31675584350293, 74.74433196429774, 100.0, 100.0, 100.0]
[0.7571146983189894, 1.0, 0.23595944186160112, 1.0, 0.2118763656708209, 0.658006670587714, 0.8492244279636381, 0.6422291513838496, 1.0, 0.21363415944542258, 1.0, 0.25266378738539413, 0.2066543050504039, 0.8989295586038997, 0.780941819207287, 1.0, 100.0, 100.0, 100.0, 100.0, 100.0, 40.75567596829477, 76.31675584350293, 74.74433196429774, 100.0, 100.0, 100.0]
[0.7571146983189894, 1.0, 0.23595944186160112, 1.0, 0.2118763656708209, 0.658006670587714, 0.8492244279636381, 0.6422291513838496, 1.0, 0.21363415944542258, 1.0, 0.25266378738539413, 0.2066543050504039, 0.8989295586038997, 0.780941819207287, 1.0, 100.0, 100.0, 100.0, 100.0, 100.0, 40.75567596829477, 76.31675584350293, 74.74433196429774, 100.0, 100.0, 100.0]
[0.7571146983189894, 1.0, 0.23595944186160112, 1.0, 0.2118763656708209, 0.658006670587714, 0.8492244279636381, 0.6422291513838496, 1.0, 0.21363415944542258, 1.0, 0.25266378738539413, 0.2066543050504039, 0.8989295586038997, 0.780941819207287, 1.0, 100.0, 100.0, 100.0, 100.0, 100.0, 40.75567596829477, 76.31675584350293, 74.74433196429774, 100.0, 100.0, 100.0]
[0.7571146983189894, 1.0, 0.23595944186160112, 1.0, 0.2118763656708209, 0.658006670587714, 0.8492244279636381, 0.6422291513838496, 1.0, 0.21363415944542258, 1.0, 0.25266378738539413, 0.2066543050504039, 0.8989295586038997, 0.780941819207287, 1.0, 100.0, 100.0, 100.0, 100.0, 100.0, 40.75567596829477, 76.31675584350293, 74.74433196429774, 100.0, 100.0, 100.0]
[0.7571146983189894, 1.0, 0.23595944186160112, 1.0, 0.2118763656708209, 0.658006670587714, 0.8492244279636381, 0.6422291513838496, 1.0, 0.21363415944542258, 1.0, 0.25266378738539413, 0.2066543050504039, 0.8989295586038997, 0.780941819207287, 1.0, 100.0, 100.0, 100.0, 100.0, 100.0, 40.75567596829477, 76.31675584350293, 74.74433196429774, 100.0, 100.0, 100.0]
[0.7571146983189894, 1.0, 0.23595944186160112, 1.0, 0.2118763656708209, 0.658006670587714, 0.8492244279636381, 0.6422291513838496, 1.0, 0.21363415944542258, 1.0, 0.25266378738539413, 0.2066543050504039, 0.8989295586038997, 0.780941819207287, 1.0, 100.0, 100.0, 100.0, 100.0, 100.0, 40.75567596829477, 76.31675584350293, 74.74433196429774, 100.0, 100.0, 100.0]
[0.7571146983189894, 1.0, 0.23595944186160112, 1.0, 0.2118763656708209, 0.658006670587714, 0.8492244279636381, 0.6422291513838496, 1.0, 0.21363415944542258, 1.0, 0.25266378738539413, 0.2066543050504039, 0.8989295586038997, 0.780941819207287, 1.0, 100.0, 100.0, 100.0, 100.0, 100.0, 40.75567596829477, 76.31675584350293, 74.74433196429774, 100.0, 100.0, 100.0]
[0.7571146983189894, 1.0, 0.23595944186160112, 1.0, 0.2118763656708209, 0.658006670587714, 0.8492244279636381, 0.6422291513838496, 1.0, 0.21363415944542258, 1.0, 0.25266378738539413, 0.2066543050504039, 0.8989295586038997, 0.780941819207287, 1.0, 100.0, 100.0, 100.0, 100.0, 100.0, 40.75567596829477, 76.31675584350293, 74.74433196429774, 100.0, 100.0, 100.0]
[25.714285714285715, 30.0, 9.795918367346939, 70.51020408163265, 5.0, 24.268292682926827, 10.0, 10.24390243902439, 30.975609756097562, 35.0]
[0.7571146983189894, 1.0, 0.23595944186160112, 1.0, 0.2118763656708209, 0.658006670587714, 0.8492244279636381, 0.6422291513838496, 1.0, 0.21363415944542258, 1.0, 0.25266378738539413, 0.2066543050504039, 0.8989295586038997, 0.780941819207287, 1.0, 100.0, 100.0, 100.0, 100.0, 100.0, 40.75567596829477, 76.31675584350293, 74.74433196429774, 100.0, 100.0, 100.0]
particle 12 is updating position
due to fitness value of: 
[25.714285714285715, 30.0, 9.795918367346939, 70.51020408163265, 5.0, 24.268292682926827, 10.0, 10.24390243902439, 30.975609756097562, 35.0]
which is less than: 
[25.714285714285715, 30.0, 9.795918367346939, 70.51020408163265, 5.0, 24.268292682926827, 10.0, 10.24390243902439, 30.975609756097562, 35.0]


[0.7571146983189894, 1.0, 0.23595944186160112, 1.0, 0.2118763656708209, 0.658006670587714, 0.8492244279636381, 0.6422291513838496, 1.0, 0.21363415944542258, 1.0, 0.25266378738539413, 0.2066543050504039, 0.8989295586038997, 0.780941819207287, 1.0, 100.0, 100.0, 100.0, 100.0, 100.0, 40.75567596829477, 76.31675584350293, 74.74433196429774, 100.0, 100.0, 100.0]
[0.7571146983189894, 1.0, 0.23595944186160112, 1.0, 0.2118763656708209, 0.658006670587714, 0.8492244279636381, 0.6422291513838496, 1.0, 0.21363415944542258, 1.0, 0.25266378738539413, 0.2066543050504039, 0.8989295586038997, 0.780941819207287, 1.0, 100.0, 100.0, 100.0, 100.0, 100.0, 40.75567596829477, 76.31675584350293, 74.74433196429774, 100.0, 100.0, 100.0]
Iteration 4
Best Fitness
[25.714285714285715, 30.0, 9.795918367346939, 70.51020408163265, 5.0, 24.268292682926827, 10.0, 10.24390243902439, 30.975609756097562, 35.0]
Best Position
[0.7571146983189894, 1.0, 0.23595944186160112, 1.0, 0.2118763656708209, 0.658006670587714, 0.8492244279636381, 0.6422291513838496, 1.0, 0.21363415944542258, 1.0, 0.25266378738539413, 0.2066543050504039, 0.8989295586038997, 0.780941819207287, 1.0, 100.0, 100.0, 100.0, 100.0, 100.0, 40.75567596829477, 76.31675584350293, 74.74433196429774, 100.0, 100.0, 100.0]

-------------

Current fitness of particle 0:
 [37.95918367346939, 30.0, 11.83673469387755, 84.79591836734694, 5.0, 5.0, 10.0, 10.24390243902439, 60.243902439024396, 35.0]

Current fitness of particle 1:
 [41.63265306122449, 30.0, 1.632653061224488, 5.0, 5.0, 80.36585365853658, 10.0, 5.365853658536587, 30.0, 35.0]

Current fitness of particle 2:
 [41.63265306122449, 30.0, 1.632653061224488, 5.0, 5.0, 80.36585365853658, 10.0, 5.365853658536587, 30.0, 35.0]

Current fitness of particle 3:
 [41.63265306122449, 30.0, 1.632653061224488, 5.0, 5.0, 80.36585365853658, 10.0, 5.365853658536587, 30.0, 35.0]

Current fitness of particle 4:
 [41.63265306122449, 30.0, 1.632653061224488, 5.0, 5.0, 80.36585365853658, 10.0, 5.365853658536587, 30.0, 35.0]

Current fitness of particle 5:
 [41.63265306122449, 30.0, 1.632653061224488, 5.0, 5.0, 80.36585365853658, 10.0, 5.365853658536587, 30.0, 35.0]

Current fitness of particle 6:
 [37.95918367346939, 30.0, 11.83673469387755, 5.0, 84.79591836734694, 5.0, 10.0, 10.24390243902439, 30.0, 55.243902439024396]

Current fitness of particle 7:
 [40.0, 30.0, 20.0, 5.0, 95.0, 5.0, 10.0, 20.0, 30.0, 65.0]

Current fitness of particle 8:
 [41.63265306122449, 30.0, 1.632653061224488, 5.0, 5.0, 80.36585365853658, 10.0, 5.365853658536587, 30.0, 35.0]

Current fitness of particle 9:
 [41.63265306122449, 30.0, 1.632653061224488, 5.0, 5.0, 80.36585365853658, 10.0, 5.365853658536587, 30.0, 35.0]

Current fitness of particle 10:
 [37.95918367346939, 30.0, 11.83673469387755, 84.79591836734694, 5.0, 5.0, 10.0, 10.24390243902439, 60.243902439024396, 35.0]

Current fitness of particle 11:
 [29.79591836734694, 30.0, 15.918367346938776, 80.71428571428571, 5.0, 12.073170731707318, 10.0, 15.121951219512194, 48.048780487804876, 35.0]

Current fitness of particle 12:
 [25.714285714285715, 30.0, 9.795918367346939, 70.51020408163265, 5.0, 24.268292682926827, 10.0, 10.24390243902439, 30.975609756097562, 35.0]

Current fitness of particle 13:
 [29.79591836734694, 30.0, 15.918367346938776, 80.71428571428571, 5.0, 12.073170731707318, 10.0, 15.121951219512194, 48.048780487804876, 35.0]

Current fitness of particle 14:
 [37.95918367346939, 30.0, 11.83673469387755, 84.79591836734694, 5.0, 5.0, 10.0, 10.24390243902439, 60.243902439024396, 35.0]

[0.7571146983189894, 1.0, 0.23595944186160112, 1.0, 0.2118763656708209, 0.658006670587714, 0.8492244279636381, 0.6422291513838496, 1.0, 0.21363415944542258, 1.0, 0.25266378738539413, 0.2066543050504039, 0.8989295586038997, 0.780941819207287, 1.0, 100.0, 100.0, 100.0, 100.0, 100.0, 40.75567596829477, 76.31675584350293, 74.74433196429774, 100.0, 100.0, 100.0]
[0.7571146983189894, 1.0, 0.23595944186160112, 1.0, 0.2118763656708209, 0.658006670587714, 0.8492244279636381, 0.6422291513838496, 1.0, 0.21363415944542258, 1.0, 0.25266378738539413, 0.2066543050504039, 0.8989295586038997, 0.780941819207287, 1.0, 100.0, 100.0, 100.0, 100.0, 100.0, 40.75567596829477, 76.31675584350293, 74.74433196429774, 100.0, 100.0, 100.0]
[0.7571146983189894, 1.0, 0.23595944186160112, 1.0, 0.2118763656708209, 0.658006670587714, 0.8492244279636381, 0.6422291513838496, 1.0, 0.21363415944542258, 1.0, 0.25266378738539413, 0.2066543050504039, 0.8989295586038997, 0.780941819207287, 1.0, 100.0, 100.0, 100.0, 100.0, 100.0, 40.75567596829477, 76.31675584350293, 74.74433196429774, 100.0, 100.0, 100.0]
[0.7571146983189894, 1.0, 0.23595944186160112, 1.0, 0.2118763656708209, 0.658006670587714, 0.8492244279636381, 0.6422291513838496, 1.0, 0.21363415944542258, 1.0, 0.25266378738539413, 0.2066543050504039, 0.8989295586038997, 0.780941819207287, 1.0, 100.0, 100.0, 100.0, 100.0, 100.0, 40.75567596829477, 76.31675584350293, 74.74433196429774, 100.0, 100.0, 100.0]
[0.7571146983189894, 1.0, 0.23595944186160112, 1.0, 0.2118763656708209, 0.658006670587714, 0.8492244279636381, 0.6422291513838496, 1.0, 0.21363415944542258, 1.0, 0.25266378738539413, 0.2066543050504039, 0.8989295586038997, 0.780941819207287, 1.0, 100.0, 100.0, 100.0, 100.0, 100.0, 40.75567596829477, 76.31675584350293, 74.74433196429774, 100.0, 100.0, 100.0]
[0.7571146983189894, 1.0, 0.23595944186160112, 1.0, 0.2118763656708209, 0.658006670587714, 0.8492244279636381, 0.6422291513838496, 1.0, 0.21363415944542258, 1.0, 0.25266378738539413, 0.2066543050504039, 0.8989295586038997, 0.780941819207287, 1.0, 100.0, 100.0, 100.0, 100.0, 100.0, 40.75567596829477, 76.31675584350293, 74.74433196429774, 100.0, 100.0, 100.0]
[0.7571146983189894, 1.0, 0.23595944186160112, 1.0, 0.2118763656708209, 0.658006670587714, 0.8492244279636381, 0.6422291513838496, 1.0, 0.21363415944542258, 1.0, 0.25266378738539413, 0.2066543050504039, 0.8989295586038997, 0.780941819207287, 1.0, 100.0, 100.0, 100.0, 100.0, 100.0, 40.75567596829477, 76.31675584350293, 74.74433196429774, 100.0, 100.0, 100.0]
[0.7571146983189894, 1.0, 0.23595944186160112, 1.0, 0.2118763656708209, 0.658006670587714, 0.8492244279636381, 0.6422291513838496, 1.0, 0.21363415944542258, 1.0, 0.25266378738539413, 0.2066543050504039, 0.8989295586038997, 0.780941819207287, 1.0, 100.0, 100.0, 100.0, 100.0, 100.0, 40.75567596829477, 76.31675584350293, 74.74433196429774, 100.0, 100.0, 100.0]
[0.7571146983189894, 1.0, 0.23595944186160112, 1.0, 0.2118763656708209, 0.658006670587714, 0.8492244279636381, 0.6422291513838496, 1.0, 0.21363415944542258, 1.0, 0.25266378738539413, 0.2066543050504039, 0.8989295586038997, 0.780941819207287, 1.0, 100.0, 100.0, 100.0, 100.0, 100.0, 40.75567596829477, 76.31675584350293, 74.74433196429774, 100.0, 100.0, 100.0]
[0.7571146983189894, 1.0, 0.23595944186160112, 1.0, 0.2118763656708209, 0.658006670587714, 0.8492244279636381, 0.6422291513838496, 1.0, 0.21363415944542258, 1.0, 0.25266378738539413, 0.2066543050504039, 0.8989295586038997, 0.780941819207287, 1.0, 100.0, 100.0, 100.0, 100.0, 100.0, 40.75567596829477, 76.31675584350293, 74.74433196429774, 100.0, 100.0, 100.0]
[0.7571146983189894, 1.0, 0.23595944186160112, 1.0, 0.2118763656708209, 0.658006670587714, 0.8492244279636381, 0.6422291513838496, 1.0, 0.21363415944542258, 1.0, 0.25266378738539413, 0.2066543050504039, 0.8989295586038997, 0.780941819207287, 1.0, 100.0, 100.0, 100.0, 100.0, 100.0, 40.75567596829477, 76.31675584350293, 74.74433196429774, 100.0, 100.0, 100.0]
[0.7571146983189894, 1.0, 0.23595944186160112, 1.0, 0.2118763656708209, 0.658006670587714, 0.8492244279636381, 0.6422291513838496, 1.0, 0.21363415944542258, 1.0, 0.25266378738539413, 0.2066543050504039, 0.8989295586038997, 0.780941819207287, 1.0, 100.0, 100.0, 100.0, 100.0, 100.0, 40.75567596829477, 76.31675584350293, 74.74433196429774, 100.0, 100.0, 100.0]
[0.7571146983189894, 1.0, 0.23595944186160112, 1.0, 0.2118763656708209, 0.658006670587714, 0.8492244279636381, 0.6422291513838496, 1.0, 0.21363415944542258, 1.0, 0.25266378738539413, 0.2066543050504039, 0.8989295586038997, 0.780941819207287, 1.0, 100.0, 100.0, 100.0, 100.0, 100.0, 40.75567596829477, 76.31675584350293, 74.74433196429774, 100.0, 100.0, 100.0]
[0.7571146983189894, 1.0, 0.23595944186160112, 1.0, 0.2118763656708209, 0.658006670587714, 0.8492244279636381, 0.6422291513838496, 1.0, 0.21363415944542258, 1.0, 0.25266378738539413, 0.2066543050504039, 0.8989295586038997, 0.780941819207287, 1.0, 100.0, 100.0, 100.0, 100.0, 100.0, 40.75567596829477, 76.31675584350293, 74.74433196429774, 100.0, 100.0, 100.0]
[0.7571146983189894, 1.0, 0.23595944186160112, 1.0, 0.2118763656708209, 0.658006670587714, 0.8492244279636381, 0.6422291513838496, 1.0, 0.21363415944542258, 1.0, 0.25266378738539413, 0.2066543050504039, 0.8989295586038997, 0.780941819207287, 1.0, 100.0, 100.0, 100.0, 100.0, 100.0, 40.75567596829477, 76.31675584350293, 74.74433196429774, 100.0, 100.0, 100.0]
[25.714285714285715, 30.0, 9.795918367346939, 70.51020408163265, 5.0, 24.268292682926827, 10.0, 10.24390243902439, 30.975609756097562, 35.0]
[0.7571146983189894, 1.0, 0.23595944186160112, 1.0, 0.2118763656708209, 0.658006670587714, 0.8492244279636381, 0.6422291513838496, 1.0, 0.21363415944542258, 1.0, 0.25266378738539413, 0.2066543050504039, 0.8989295586038997, 0.780941819207287, 1.0, 100.0, 100.0, 100.0, 100.0, 100.0, 40.75567596829477, 76.31675584350293, 74.74433196429774, 100.0, 100.0, 100.0]
