particle 0 is updating position
due to fitness value of: 
[40.0, 30.0, 20.0, 95.0, 5.0, 5.0, 10.0, 20.0, 70.0, 35.0]
which is less than: 
null


[1, 2, 1, 2, 2, 2, 2, 2, 2, 2, 1, 2, 1, 1, 2, 1, 2, 2, 2, 1, 3, 5, 1, 5, 2, 2, 4, 5, 3, 3, 4, 3, 1, 5, 3, 3, 2, 1, 5, 5, 3, 3, 5, 4, 4]
[1, 2, 1, 2, 2, 2, 2, 2, 2, 2, 1, 2, 1, 1, 2, 1, 2, 2, 2, 1, 3, 5, 1, 5, 2, 2, 4, 5, 3, 3, 4, 3, 1, 5, 3, 3, 2, 1, 5, 5, 3, 3, 5, 4, 4]
Iteration 0
Best Fitness
[40.0, 30.0, 20.0, 95.0, 5.0, 5.0, 10.0, 20.0, 70.0, 35.0]
Best Position
[1, 2, 1, 2, 2, 2, 2, 2, 2, 2, 1, 2, 1, 1, 2, 1, 2, 2, 2, 1, 3, 5, 1, 5, 2, 2, 4, 5, 3, 3, 4, 3, 1, 5, 3, 3, 2, 1, 5, 5, 3, 3, 5, 4, 4]

-------------

Current fitness of particle 0
: [40.0, 30.0, 20.0, 95.0, 5.0, 5.0, 10.0, 20.0, 70.0, 35.0]

Current fitness of particle 1
: [40.0, 30.0, 20.0, 95.0, 5.0, 5.0, 10.0, 20.0, 70.0, 35.0]

Current fitness of particle 2
: [40.0, 30.0, 20.0, 45.0, 45.0, 5.0, 10.0, 20.0, 70.0, 35.0]

Current fitness of particle 3
: [60.0, 30.0, 20.0, 5.0, 5.0, 5.0, 10.0, 20.0, 30.0, 65.0]

Current fitness of particle 4
: [60.0, 30.0, 20.0, 5.0, 5.0, 5.0, 10.0, 80.0, 30.0, 35.0]

Current fitness of particle 5
: [40.0, 30.0, 20.0, 5.0, 95.0, 5.0, 10.0, 20.0, 30.0, 65.0]

Current fitness of particle 6
: [60.0, 30.0, 20.0, 5.0, 5.0, 5.0, 10.0, 80.0, 30.0, 35.0]

Current fitness of particle 7
: [60.0, 30.0, 20.0, 5.0, 5.0, 5.0, 90.0, 20.0, 30.0, 35.0]

Current fitness of particle 8
: [60.0, 30.0, 20.0, 5.0, 5.0, 5.0, 90.0, 20.0, 30.0, 35.0]

Current fitness of particle 9
: [40.0, 30.0, 20.0, 95.0, 5.0, 5.0, 10.0, 20.0, 70.0, 35.0]

Current fitness of particle 10
: [40.0, 30.0, 20.0, 5.0, 95.0, 5.0, 10.0, 20.0, 30.0, 65.0]

Current fitness of particle 11
: [40.0, 30.0, 20.0, 95.0, 5.0, 5.0, 10.0, 80.0, 30.0, 35.0]

Current fitness of particle 12
: [40.0, 30.0, 20.0, 5.0, 95.0, 5.0, 10.0, 20.0, 30.0, 65.0]

Current fitness of particle 13
: [60.0, 30.0, 20.0, 5.0, 5.0, 5.0, 10.0, 80.0, 30.0, 35.0]

Current fitness of particle 14
: [10.0, 30.0, 20.0, 5.0, 45.0, 95.0, 10.0, 20.0, 30.0, 35.0]

[1, 2, 1, 2, 2, 2, 2, 2, 2, 2, 1, 2, 1, 1, 2, 1, 2, 2, 2, 1, 3, 5, 1, 5, 2, 2, 4, 5, 3, 3, 4, 3, 1, 5, 3, 3, 2, 1, 5, 5, 3, 3, 5, 4, 4]
[1, 2, 1, 2, 2, 2, 2, 2, 2, 2, 1, 2, 1, 1, 2, 1, 2, 2, 2, 1, 3, 5, 1, 5, 2, 2, 4, 5, 3, 3, 4, 3, 1, 5, 3, 3, 2, 1, 5, 5, 3, 3, 5, 4, 4]
[1, 2, 1, 2, 2, 2, 2, 2, 2, 2, 1, 2, 1, 1, 2, 1, 2, 2, 2, 1, 3, 5, 1, 5, 2, 2, 4, 5, 3, 3, 4, 3, 1, 5, 3, 3, 2, 1, 5, 5, 3, 3, 5, 4, 4]
[1, 2, 1, 2, 2, 2, 2, 2, 2, 2, 1, 2, 1, 1, 2, 1, 2, 2, 2, 1, 3, 5, 1, 5, 2, 2, 4, 5, 3, 3, 4, 3, 1, 5, 3, 3, 2, 1, 5, 5, 3, 3, 5, 4, 4]
[1, 2, 1, 2, 2, 2, 2, 2, 2, 2, 1, 2, 1, 1, 2, 1, 2, 2, 2, 1, 3, 5, 1, 5, 2, 2, 4, 5, 3, 3, 4, 3, 1, 5, 3, 3, 2, 1, 5, 5, 3, 3, 5, 4, 4]
[1, 2, 1, 2, 2, 2, 2, 2, 2, 2, 1, 2, 1, 1, 2, 1, 2, 2, 2, 1, 3, 5, 1, 5, 2, 2, 4, 5, 3, 3, 4, 3, 1, 5, 3, 3, 2, 1, 5, 5, 3, 3, 5, 4, 4]
[1, 2, 1, 2, 2, 2, 2, 2, 2, 2, 1, 2, 1, 1, 2, 1, 2, 2, 2, 1, 3, 5, 1, 5, 2, 2, 4, 5, 3, 3, 4, 3, 1, 5, 3, 3, 2, 1, 5, 5, 3, 3, 5, 4, 4]
[1, 2, 1, 2, 2, 2, 2, 2, 2, 2, 1, 2, 1, 1, 2, 1, 2, 2, 2, 1, 3, 5, 1, 5, 2, 2, 4, 5, 3, 3, 4, 3, 1, 5, 3, 3, 2, 1, 5, 5, 3, 3, 5, 4, 4]
[1, 2, 1, 2, 2, 2, 2, 2, 2, 2, 1, 2, 1, 1, 2, 1, 2, 2, 2, 1, 3, 5, 1, 5, 2, 2, 4, 5, 3, 3, 4, 3, 1, 5, 3, 3, 2, 1, 5, 5, 3, 3, 5, 4, 4]
[1, 2, 1, 2, 2, 2, 2, 2, 2, 2, 1, 2, 1, 1, 2, 1, 2, 2, 2, 1, 3, 5, 1, 5, 2, 2, 4, 5, 3, 3, 4, 3, 1, 5, 3, 3, 2, 1, 5, 5, 3, 3, 5, 4, 4]
[1, 2, 1, 2, 2, 2, 2, 2, 2, 2, 1, 2, 1, 1, 2, 1, 2, 2, 2, 1, 3, 5, 1, 5, 2, 2, 4, 5, 3, 3, 4, 3, 1, 5, 3, 3, 2, 1, 5, 5, 3, 3, 5, 4, 4]
[1, 2, 1, 2, 2, 2, 2, 2, 2, 2, 1, 2, 1, 1, 2, 1, 2, 2, 2, 1, 3, 5, 1, 5, 2, 2, 4, 5, 3, 3, 4, 3, 1, 5, 3, 3, 2, 1, 5, 5, 3, 3, 5, 4, 4]
[1, 2, 1, 2, 2, 2, 2, 2, 2, 2, 1, 2, 1, 1, 2, 1, 2, 2, 2, 1, 3, 5, 1, 5, 2, 2, 4, 5, 3, 3, 4, 3, 1, 5, 3, 3, 2, 1, 5, 5, 3, 3, 5, 4, 4]
[1, 2, 1, 2, 2, 2, 2, 2, 2, 2, 1, 2, 1, 1, 2, 1, 2, 2, 2, 1, 3, 5, 1, 5, 2, 2, 4, 5, 3, 3, 4, 3, 1, 5, 3, 3, 2, 1, 5, 5, 3, 3, 5, 4, 4]
[1, 2, 1, 2, 2, 2, 2, 2, 2, 2, 1, 2, 1, 1, 2, 1, 2, 2, 2, 1, 3, 5, 1, 5, 2, 2, 4, 5, 3, 3, 4, 3, 1, 5, 3, 3, 2, 1, 5, 5, 3, 3, 5, 4, 4]
[40.0, 30.0, 20.0, 95.0, 5.0, 5.0, 10.0, 20.0, 70.0, 35.0]
[1, 2, 1, 2, 2, 2, 2, 2, 2, 2, 1, 2, 1, 1, 2, 1, 2, 2, 2, 1, 3, 5, 1, 5, 2, 2, 4, 5, 3, 3, 4, 3, 1, 5, 3, 3, 2, 1, 5, 5, 3, 3, 5, 4, 4]
Iteration 1
Best Fitness
[40.0, 30.0, 20.0, 95.0, 5.0, 5.0, 10.0, 20.0, 70.0, 35.0]
Best Position
[1, 2, 1, 2, 2, 2, 2, 2, 2, 2, 1, 2, 1, 1, 2, 1, 2, 2, 2, 1, 3, 5, 1, 5, 2, 2, 4, 5, 3, 3, 4, 3, 1, 5, 3, 3, 2, 1, 5, 5, 3, 3, 5, 4, 4]

-------------

Current fitness of particle 0
: [40.0, 30.0, 20.0, 95.0, 5.0, 5.0, 10.0, 20.0, 70.0, 35.0]

Current fitness of particle 1
: [40.0, 30.0, 20.0, 5.0, 95.0, 5.0, 10.0, 20.0, 30.0, 65.0]

Current fitness of particle 2
: [40.0, 30.0, 20.0, 5.0, 95.0, 5.0, 10.0, 20.0, 30.0, 65.0]

Current fitness of particle 3
: [60.0, 30.0, 20.0, 5.0, 5.0, 5.0, 10.0, 80.0, 30.0, 35.0]

Current fitness of particle 4
: [40.0, 30.0, 20.0, 95.0, 5.0, 5.0, 10.0, 20.0, 70.0, 35.0]

Current fitness of particle 5
: [60.0, 30.0, 20.0, 5.0, 5.0, 5.0, 90.0, 20.0, 30.0, 35.0]

Current fitness of particle 6
: [40.0, 30.0, 20.0, 95.0, 5.0, 5.0, 10.0, 20.0, 70.0, 35.0]

Current fitness of particle 7
: [60.0, 30.0, 20.0, 5.0, 5.0, 5.0, 90.0, 20.0, 30.0, 35.0]

Current fitness of particle 8
: [40.0, 30.0, 20.0, 5.0, 95.0, 5.0, 10.0, 20.0, 70.0, 35.0]

Current fitness of particle 9
: [60.0, 30.0, 20.0, 5.0, 5.0, 5.0, 10.0, 80.0, 30.0, 35.0]

Current fitness of particle 10
: [40.0, 30.0, 20.0, 95.0, 5.0, 5.0, 10.0, 20.0, 70.0, 35.0]

Current fitness of particle 11
: [40.0, 30.0, 20.0, 95.0, 5.0, 5.0, 10.0, 20.0, 70.0, 35.0]

Current fitness of particle 12
: [60.0, 30.0, 20.0, 5.0, 5.0, 5.0, 10.0, 80.0, 30.0, 35.0]

Current fitness of particle 13
: [40.0, 30.0, 20.0, 95.0, 5.0, 5.0, 10.0, 20.0, 70.0, 35.0]

Current fitness of particle 14
: [40.0, 30.0, 20.0, 5.0, 95.0, 5.0, 10.0, 20.0, 30.0, 65.0]

[1, 2, 1, 2, 2, 2, 2, 2, 2, 2, 1, 2, 1, 1, 2, 1, 2, 2, 2, 1, 3, 5, 1, 5, 2, 2, 4, 5, 3, 3, 4, 3, 1, 5, 3, 3, 2, 1, 5, 5, 3, 3, 5, 4, 4]
[1, 2, 1, 2, 2, 2, 2, 2, 2, 2, 1, 2, 1, 1, 2, 1, 2, 2, 2, 1, 3, 5, 1, 5, 2, 2, 4, 5, 3, 3, 4, 3, 1, 5, 3, 3, 2, 1, 5, 5, 3, 3, 5, 4, 4]
[1, 2, 1, 2, 2, 2, 2, 2, 2, 2, 1, 2, 1, 1, 2, 1, 2, 2, 2, 1, 3, 5, 1, 5, 2, 2, 4, 5, 3, 3, 4, 3, 1, 5, 3, 3, 2, 1, 5, 5, 3, 3, 5, 4, 4]
[1, 2, 1, 2, 2, 2, 2, 2, 2, 2, 1, 2, 1, 1, 2, 1, 2, 2, 2, 1, 3, 5, 1, 5, 2, 2, 4, 5, 3, 3, 4, 3, 1, 5, 3, 3, 2, 1, 5, 5, 3, 3, 5, 4, 4]
[1, 2, 1, 2, 2, 2, 2, 2, 2, 2, 1, 2, 1, 1, 2, 1, 2, 2, 2, 1, 3, 5, 1, 5, 2, 2, 4, 5, 3, 3, 4, 3, 1, 5, 3, 3, 2, 1, 5, 5, 3, 3, 5, 4, 4]
[1, 2, 1, 2, 2, 2, 2, 2, 2, 2, 1, 2, 1, 1, 2, 1, 2, 2, 2, 1, 3, 5, 1, 5, 2, 2, 4, 5, 3, 3, 4, 3, 1, 5, 3, 3, 2, 1, 5, 5, 3, 3, 5, 4, 4]
[1, 2, 1, 2, 2, 2, 2, 2, 2, 2, 1, 2, 1, 1, 2, 1, 2, 2, 2, 1, 3, 5, 1, 5, 2, 2, 4, 5, 3, 3, 4, 3, 1, 5, 3, 3, 2, 1, 5, 5, 3, 3, 5, 4, 4]
[1, 2, 1, 2, 2, 2, 2, 2, 2, 2, 1, 2, 1, 1, 2, 1, 2, 2, 2, 1, 3, 5, 1, 5, 2, 2, 4, 5, 3, 3, 4, 3, 1, 5, 3, 3, 2, 1, 5, 5, 3, 3, 5, 4, 4]
[1, 2, 1, 2, 2, 2, 2, 2, 2, 2, 1, 2, 1, 1, 2, 1, 2, 2, 2, 1, 3, 5, 1, 5, 2, 2, 4, 5, 3, 3, 4, 3, 1, 5, 3, 3, 2, 1, 5, 5, 3, 3, 5, 4, 4]
[1, 2, 1, 2, 2, 2, 2, 2, 2, 2, 1, 2, 1, 1, 2, 1, 2, 2, 2, 1, 3, 5, 1, 5, 2, 2, 4, 5, 3, 3, 4, 3, 1, 5, 3, 3, 2, 1, 5, 5, 3, 3, 5, 4, 4]
[1, 2, 1, 2, 2, 2, 2, 2, 2, 2, 1, 2, 1, 1, 2, 1, 2, 2, 2, 1, 3, 5, 1, 5, 2, 2, 4, 5, 3, 3, 4, 3, 1, 5, 3, 3, 2, 1, 5, 5, 3, 3, 5, 4, 4]
[1, 2, 1, 2, 2, 2, 2, 2, 2, 2, 1, 2, 1, 1, 2, 1, 2, 2, 2, 1, 3, 5, 1, 5, 2, 2, 4, 5, 3, 3, 4, 3, 1, 5, 3, 3, 2, 1, 5, 5, 3, 3, 5, 4, 4]
[1, 2, 1, 2, 2, 2, 2, 2, 2, 2, 1, 2, 1, 1, 2, 1, 2, 2, 2, 1, 3, 5, 1, 5, 2, 2, 4, 5, 3, 3, 4, 3, 1, 5, 3, 3, 2, 1, 5, 5, 3, 3, 5, 4, 4]
[1, 2, 1, 2, 2, 2, 2, 2, 2, 2, 1, 2, 1, 1, 2, 1, 2, 2, 2, 1, 3, 5, 1, 5, 2, 2, 4, 5, 3, 3, 4, 3, 1, 5, 3, 3, 2, 1, 5, 5, 3, 3, 5, 4, 4]
[1, 2, 1, 2, 2, 2, 2, 2, 2, 2, 1, 2, 1, 1, 2, 1, 2, 2, 2, 1, 3, 5, 1, 5, 2, 2, 4, 5, 3, 3, 4, 3, 1, 5, 3, 3, 2, 1, 5, 5, 3, 3, 5, 4, 4]
[40.0, 30.0, 20.0, 95.0, 5.0, 5.0, 10.0, 20.0, 70.0, 35.0]
[1, 2, 1, 2, 2, 2, 2, 2, 2, 2, 1, 2, 1, 1, 2, 1, 2, 2, 2, 1, 3, 5, 1, 5, 2, 2, 4, 5, 3, 3, 4, 3, 1, 5, 3, 3, 2, 1, 5, 5, 3, 3, 5, 4, 4]
Iteration 2
Best Fitness
[40.0, 30.0, 20.0, 95.0, 5.0, 5.0, 10.0, 20.0, 70.0, 35.0]
Best Position
[1, 2, 1, 2, 2, 2, 2, 2, 2, 2, 1, 2, 1, 1, 2, 1, 2, 2, 2, 1, 3, 5, 1, 5, 2, 2, 4, 5, 3, 3, 4, 3, 1, 5, 3, 3, 2, 1, 5, 5, 3, 3, 5, 4, 4]

-------------

Current fitness of particle 0
: [40.0, 30.0, 20.0, 95.0, 5.0, 5.0, 10.0, 20.0, 70.0, 35.0]

Current fitness of particle 1
: [40.0, 30.0, 20.0, 5.0, 95.0, 5.0, 10.0, 20.0, 30.0, 65.0]

Current fitness of particle 2
: [40.0, 30.0, 20.0, 45.0, 45.0, 5.0, 10.0, 20.0, 30.0, 65.0]

Current fitness of particle 3
: [40.0, 30.0, 20.0, 95.0, 5.0, 5.0, 10.0, 20.0, 30.0, 65.0]

Current fitness of particle 4
: [40.0, 30.0, 20.0, 5.0, 95.0, 5.0, 10.0, 20.0, 30.0, 65.0]

Current fitness of particle 5
: [10.0, 30.0, 20.0, 5.0, 45.0, 5.0, 10.0, 20.0, 30.0, 65.0]

Current fitness of particle 6
: [60.0, 30.0, 20.0, 5.0, 5.0, 5.0, 10.0, 20.0, 30.0, 65.0]

Current fitness of particle 7
: [60.0, 30.0, 20.0, 5.0, 5.0, 5.0, 10.0, 80.0, 30.0, 35.0]

Current fitness of particle 8
: [40.0, 30.0, 20.0, 95.0, 5.0, 5.0, 10.0, 20.0, 70.0, 35.0]

Current fitness of particle 9
: [40.0, 30.0, 20.0, 45.0, 45.0, 5.0, 10.0, 20.0, 70.0, 35.0]

Current fitness of particle 10
: [60.0, 30.0, 20.0, 5.0, 5.0, 5.0, 10.0, 80.0, 30.0, 35.0]

Current fitness of particle 11
: [40.0, 30.0, 20.0, 95.0, 5.0, 5.0, 10.0, 20.0, 70.0, 35.0]

Current fitness of particle 12
: [40.0, 30.0, 20.0, 95.0, 5.0, 5.0, 10.0, 20.0, 70.0, 35.0]

Current fitness of particle 13
: [40.0, 30.0, 20.0, 95.0, 5.0, 5.0, 10.0, 20.0, 70.0, 35.0]

Current fitness of particle 14
: [60.0, 30.0, 20.0, 5.0, 5.0, 5.0, 10.0, 80.0, 30.0, 35.0]

[1, 2, 1, 2, 2, 2, 2, 2, 2, 2, 1, 2, 1, 1, 2, 1, 2, 2, 2, 1, 3, 5, 1, 5, 2, 2, 4, 5, 3, 3, 4, 3, 1, 5, 3, 3, 2, 1, 5, 5, 3, 3, 5, 4, 4]
[1, 2, 1, 2, 2, 2, 2, 2, 2, 2, 1, 2, 1, 1, 2, 1, 2, 2, 2, 1, 3, 5, 1, 5, 2, 2, 4, 5, 3, 3, 4, 3, 1, 5, 3, 3, 2, 1, 5, 5, 3, 3, 5, 4, 4]
[1, 2, 1, 2, 2, 2, 2, 2, 2, 2, 1, 2, 1, 1, 2, 1, 2, 2, 2, 1, 3, 5, 1, 5, 2, 2, 4, 5, 3, 3, 4, 3, 1, 5, 3, 3, 2, 1, 5, 5, 3, 3, 5, 4, 4]
[1, 2, 1, 2, 2, 2, 2, 2, 2, 2, 1, 2, 1, 1, 2, 1, 2, 2, 2, 1, 3, 5, 1, 5, 2, 2, 4, 5, 3, 3, 4, 3, 1, 5, 3, 3, 2, 1, 5, 5, 3, 3, 5, 4, 4]
[1, 2, 1, 2, 2, 2, 2, 2, 2, 2, 1, 2, 1, 1, 2, 1, 2, 2, 2, 1, 3, 5, 1, 5, 2, 2, 4, 5, 3, 3, 4, 3, 1, 5, 3, 3, 2, 1, 5, 5, 3, 3, 5, 4, 4]
[1, 2, 1, 2, 2, 2, 2, 2, 2, 2, 1, 2, 1, 1, 2, 1, 2, 2, 2, 1, 3, 5, 1, 5, 2, 2, 4, 5, 3, 3, 4, 3, 1, 5, 3, 3, 2, 1, 5, 5, 3, 3, 5, 4, 4]
[1, 2, 1, 2, 2, 2, 2, 2, 2, 2, 1, 2, 1, 1, 2, 1, 2, 2, 2, 1, 3, 5, 1, 5, 2, 2, 4, 5, 3, 3, 4, 3, 1, 5, 3, 3, 2, 1, 5, 5, 3, 3, 5, 4, 4]
[1, 2, 1, 2, 2, 2, 2, 2, 2, 2, 1, 2, 1, 1, 2, 1, 2, 2, 2, 1, 3, 5, 1, 5, 2, 2, 4, 5, 3, 3, 4, 3, 1, 5, 3, 3, 2, 1, 5, 5, 3, 3, 5, 4, 4]
[1, 2, 1, 2, 2, 2, 2, 2, 2, 2, 1, 2, 1, 1, 2, 1, 2, 2, 2, 1, 3, 5, 1, 5, 2, 2, 4, 5, 3, 3, 4, 3, 1, 5, 3, 3, 2, 1, 5, 5, 3, 3, 5, 4, 4]
[1, 2, 1, 2, 2, 2, 2, 2, 2, 2, 1, 2, 1, 1, 2, 1, 2, 2, 2, 1, 3, 5, 1, 5, 2, 2, 4, 5, 3, 3, 4, 3, 1, 5, 3, 3, 2, 1, 5, 5, 3, 3, 5, 4, 4]
[1, 2, 1, 2, 2, 2, 2, 2, 2, 2, 1, 2, 1, 1, 2, 1, 2, 2, 2, 1, 3, 5, 1, 5, 2, 2, 4, 5, 3, 3, 4, 3, 1, 5, 3, 3, 2, 1, 5, 5, 3, 3, 5, 4, 4]
[1, 2, 1, 2, 2, 2, 2, 2, 2, 2, 1, 2, 1, 1, 2, 1, 2, 2, 2, 1, 3, 5, 1, 5, 2, 2, 4, 5, 3, 3, 4, 3, 1, 5, 3, 3, 2, 1, 5, 5, 3, 3, 5, 4, 4]
[1, 2, 1, 2, 2, 2, 2, 2, 2, 2, 1, 2, 1, 1, 2, 1, 2, 2, 2, 1, 3, 5, 1, 5, 2, 2, 4, 5, 3, 3, 4, 3, 1, 5, 3, 3, 2, 1, 5, 5, 3, 3, 5, 4, 4]
[1, 2, 1, 2, 2, 2, 2, 2, 2, 2, 1, 2, 1, 1, 2, 1, 2, 2, 2, 1, 3, 5, 1, 5, 2, 2, 4, 5, 3, 3, 4, 3, 1, 5, 3, 3, 2, 1, 5, 5, 3, 3, 5, 4, 4]
[1, 2, 1, 2, 2, 2, 2, 2, 2, 2, 1, 2, 1, 1, 2, 1, 2, 2, 2, 1, 3, 5, 1, 5, 2, 2, 4, 5, 3, 3, 4, 3, 1, 5, 3, 3, 2, 1, 5, 5, 3, 3, 5, 4, 4]
[40.0, 30.0, 20.0, 95.0, 5.0, 5.0, 10.0, 20.0, 70.0, 35.0]
[1, 2, 1, 2, 2, 2, 2, 2, 2, 2, 1, 2, 1, 1, 2, 1, 2, 2, 2, 1, 3, 5, 1, 5, 2, 2, 4, 5, 3, 3, 4, 3, 1, 5, 3, 3, 2, 1, 5, 5, 3, 3, 5, 4, 4]
Iteration 3
Best Fitness
[40.0, 30.0, 20.0, 95.0, 5.0, 5.0, 10.0, 20.0, 70.0, 35.0]
Best Position
[1, 2, 1, 2, 2, 2, 2, 2, 2, 2, 1, 2, 1, 1, 2, 1, 2, 2, 2, 1, 3, 5, 1, 5, 2, 2, 4, 5, 3, 3, 4, 3, 1, 5, 3, 3, 2, 1, 5, 5, 3, 3, 5, 4, 4]

-------------

Current fitness of particle 0
: [40.0, 30.0, 20.0, 95.0, 5.0, 5.0, 10.0, 20.0, 70.0, 35.0]

Current fitness of particle 1
: [40.0, 30.0, 20.0, 95.0, 5.0, 5.0, 10.0, 20.0, 70.0, 35.0]

Current fitness of particle 2
: [60.0, 30.0, 20.0, 5.0, 5.0, 5.0, 10.0, 80.0, 30.0, 35.0]

Current fitness of particle 3
: [40.0, 30.0, 20.0, 5.0, 95.0, 5.0, 10.0, 20.0, 30.0, 65.0]

Current fitness of particle 4
: [40.0, 30.0, 20.0, 45.0, 45.0, 5.0, 10.0, 20.0, 70.0, 35.0]

Current fitness of particle 5
: [40.0, 30.0, 20.0, 95.0, 5.0, 5.0, 10.0, 20.0, 70.0, 35.0]

Current fitness of particle 6
: [40.0, 30.0, 20.0, 5.0, 95.0, 5.0, 10.0, 20.0, 30.0, 65.0]

Current fitness of particle 7
: [40.0, 30.0, 20.0, 95.0, 5.0, 5.0, 10.0, 20.0, 70.0, 35.0]

Current fitness of particle 8
: [40.0, 30.0, 20.0, 5.0, 95.0, 5.0, 10.0, 20.0, 30.0, 65.0]

Current fitness of particle 9
: [40.0, 30.0, 20.0, 5.0, 95.0, 5.0, 10.0, 20.0, 30.0, 65.0]

Current fitness of particle 10
: [40.0, 30.0, 20.0, 95.0, 5.0, 5.0, 10.0, 20.0, 70.0, 35.0]

Current fitness of particle 11
: [40.0, 30.0, 20.0, 45.0, 45.0, 5.0, 10.0, 20.0, 30.0, 65.0]

Current fitness of particle 12
: [40.0, 30.0, 20.0, 95.0, 5.0, 5.0, 10.0, 20.0, 70.0, 35.0]

Current fitness of particle 13
: [40.0, 30.0, 20.0, 5.0, 95.0, 5.0, 10.0, 20.0, 30.0, 65.0]

Current fitness of particle 14
: [40.0, 30.0, 20.0, 95.0, 5.0, 5.0, 10.0, 20.0, 70.0, 35.0]

[1, 2, 1, 2, 2, 2, 2, 2, 2, 2, 1, 2, 1, 1, 2, 1, 2, 2, 2, 1, 3, 5, 1, 5, 2, 2, 4, 5, 3, 3, 4, 3, 1, 5, 3, 3, 2, 1, 5, 5, 3, 3, 5, 4, 4]
[1, 2, 1, 2, 2, 2, 2, 2, 2, 2, 1, 2, 1, 1, 2, 1, 2, 2, 2, 1, 3, 5, 1, 5, 2, 2, 4, 5, 3, 3, 4, 3, 1, 5, 3, 3, 2, 1, 5, 5, 3, 3, 5, 4, 4]
[1, 2, 1, 2, 2, 2, 2, 2, 2, 2, 1, 2, 1, 1, 2, 1, 2, 2, 2, 1, 3, 5, 1, 5, 2, 2, 4, 5, 3, 3, 4, 3, 1, 5, 3, 3, 2, 1, 5, 5, 3, 3, 5, 4, 4]
[1, 2, 1, 2, 2, 2, 2, 2, 2, 2, 1, 2, 1, 1, 2, 1, 2, 2, 2, 1, 3, 5, 1, 5, 2, 2, 4, 5, 3, 3, 4, 3, 1, 5, 3, 3, 2, 1, 5, 5, 3, 3, 5, 4, 4]
[1, 2, 1, 2, 2, 2, 2, 2, 2, 2, 1, 2, 1, 1, 2, 1, 2, 2, 2, 1, 3, 5, 1, 5, 2, 2, 4, 5, 3, 3, 4, 3, 1, 5, 3, 3, 2, 1, 5, 5, 3, 3, 5, 4, 4]
[1, 2, 1, 2, 2, 2, 2, 2, 2, 2, 1, 2, 1, 1, 2, 1, 2, 2, 2, 1, 3, 5, 1, 5, 2, 2, 4, 5, 3, 3, 4, 3, 1, 5, 3, 3, 2, 1, 5, 5, 3, 3, 5, 4, 4]
[1, 2, 1, 2, 2, 2, 2, 2, 2, 2, 1, 2, 1, 1, 2, 1, 2, 2, 2, 1, 3, 5, 1, 5, 2, 2, 4, 5, 3, 3, 4, 3, 1, 5, 3, 3, 2, 1, 5, 5, 3, 3, 5, 4, 4]
[1, 2, 1, 2, 2, 2, 2, 2, 2, 2, 1, 2, 1, 1, 2, 1, 2, 2, 2, 1, 3, 5, 1, 5, 2, 2, 4, 5, 3, 3, 4, 3, 1, 5, 3, 3, 2, 1, 5, 5, 3, 3, 5, 4, 4]
[1, 2, 1, 2, 2, 2, 2, 2, 2, 2, 1, 2, 1, 1, 2, 1, 2, 2, 2, 1, 3, 5, 1, 5, 2, 2, 4, 5, 3, 3, 4, 3, 1, 5, 3, 3, 2, 1, 5, 5, 3, 3, 5, 4, 4]
[1, 2, 1, 2, 2, 2, 2, 2, 2, 2, 1, 2, 1, 1, 2, 1, 2, 2, 2, 1, 3, 5, 1, 5, 2, 2, 4, 5, 3, 3, 4, 3, 1, 5, 3, 3, 2, 1, 5, 5, 3, 3, 5, 4, 4]
[1, 2, 1, 2, 2, 2, 2, 2, 2, 2, 1, 2, 1, 1, 2, 1, 2, 2, 2, 1, 3, 5, 1, 5, 2, 2, 4, 5, 3, 3, 4, 3, 1, 5, 3, 3, 2, 1, 5, 5, 3, 3, 5, 4, 4]
[1, 2, 1, 2, 2, 2, 2, 2, 2, 2, 1, 2, 1, 1, 2, 1, 2, 2, 2, 1, 3, 5, 1, 5, 2, 2, 4, 5, 3, 3, 4, 3, 1, 5, 3, 3, 2, 1, 5, 5, 3, 3, 5, 4, 4]
[1, 2, 1, 2, 2, 2, 2, 2, 2, 2, 1, 2, 1, 1, 2, 1, 2, 2, 2, 1, 3, 5, 1, 5, 2, 2, 4, 5, 3, 3, 4, 3, 1, 5, 3, 3, 2, 1, 5, 5, 3, 3, 5, 4, 4]
[1, 2, 1, 2, 2, 2, 2, 2, 2, 2, 1, 2, 1, 1, 2, 1, 2, 2, 2, 1, 3, 5, 1, 5, 2, 2, 4, 5, 3, 3, 4, 3, 1, 5, 3, 3, 2, 1, 5, 5, 3, 3, 5, 4, 4]
[1, 2, 1, 2, 2, 2, 2, 2, 2, 2, 1, 2, 1, 1, 2, 1, 2, 2, 2, 1, 3, 5, 1, 5, 2, 2, 4, 5, 3, 3, 4, 3, 1, 5, 3, 3, 2, 1, 5, 5, 3, 3, 5, 4, 4]
[40.0, 30.0, 20.0, 95.0, 5.0, 5.0, 10.0, 20.0, 70.0, 35.0]
[1, 2, 1, 2, 2, 2, 2, 2, 2, 2, 1, 2, 1, 1, 2, 1, 2, 2, 2, 1, 3, 5, 1, 5, 2, 2, 4, 5, 3, 3, 4, 3, 1, 5, 3, 3, 2, 1, 5, 5, 3, 3, 5, 4, 4]
Iteration 4
Best Fitness
[40.0, 30.0, 20.0, 95.0, 5.0, 5.0, 10.0, 20.0, 70.0, 35.0]
Best Position
[1, 2, 1, 2, 2, 2, 2, 2, 2, 2, 1, 2, 1, 1, 2, 1, 2, 2, 2, 1, 3, 5, 1, 5, 2, 2, 4, 5, 3, 3, 4, 3, 1, 5, 3, 3, 2, 1, 5, 5, 3, 3, 5, 4, 4]

-------------

Current fitness of particle 0
: [40.0, 30.0, 20.0, 95.0, 5.0, 5.0, 10.0, 20.0, 70.0, 35.0]

Current fitness of particle 1
: [40.0, 30.0, 20.0, 45.0, 45.0, 5.0, 10.0, 20.0, 30.0, 65.0]

Current fitness of particle 2
: [40.0, 30.0, 20.0, 5.0, 95.0, 5.0, 10.0, 20.0, 30.0, 65.0]

Current fitness of particle 3
: [60.0, 30.0, 20.0, 5.0, 5.0, 95.0, 10.0, 20.0, 30.0, 35.0]

Current fitness of particle 4
: [10.0, 30.0, 20.0, 45.0, 5.0, 5.0, 10.0, 80.0, 30.0, 35.0]

Current fitness of particle 5
: [60.0, 30.0, 20.0, 5.0, 5.0, 5.0, 90.0, 20.0, 30.0, 35.0]

Current fitness of particle 6
: [40.0, 30.0, 20.0, 5.0, 95.0, 5.0, 10.0, 20.0, 30.0, 65.0]

Current fitness of particle 7
: [40.0, 30.0, 20.0, 5.0, 95.0, 5.0, 10.0, 20.0, 30.0, 65.0]

Current fitness of particle 8
: [60.0, 30.0, 20.0, 5.0, 5.0, 5.0, 90.0, 20.0, 30.0, 35.0]

Current fitness of particle 9
: [40.0, 30.0, 20.0, 5.0, 95.0, 5.0, 10.0, 20.0, 30.0, 65.0]

Current fitness of particle 10
: [40.0, 30.0, 20.0, 45.0, 45.0, 5.0, 10.0, 20.0, 30.0, 65.0]

Current fitness of particle 11
: [40.0, 30.0, 20.0, 45.0, 45.0, 5.0, 90.0, 20.0, 30.0, 35.0]

Current fitness of particle 12
: [10.0, 30.0, 20.0, 5.0, 45.0, 95.0, 10.0, 20.0, 30.0, 35.0]

Current fitness of particle 13
: [40.0, 30.0, 20.0, 45.0, 45.0, 5.0, 10.0, 20.0, 30.0, 65.0]

Current fitness of particle 14
: [40.0, 30.0, 20.0, 5.0, 95.0, 5.0, 10.0, 20.0, 30.0, 65.0]

[1, 2, 1, 2, 2, 2, 2, 2, 2, 2, 1, 2, 1, 1, 2, 1, 2, 2, 2, 1, 3, 5, 1, 5, 2, 2, 4, 5, 3, 3, 4, 3, 1, 5, 3, 3, 2, 1, 5, 5, 3, 3, 5, 4, 4]
[1, 2, 1, 2, 2, 2, 2, 2, 2, 2, 1, 2, 1, 1, 2, 1, 2, 2, 2, 1, 3, 5, 1, 5, 2, 2, 4, 5, 3, 3, 4, 3, 1, 5, 3, 3, 2, 1, 5, 5, 3, 3, 5, 4, 4]
[1, 2, 1, 2, 2, 2, 2, 2, 2, 2, 1, 2, 1, 1, 2, 1, 2, 2, 2, 1, 3, 5, 1, 5, 2, 2, 4, 5, 3, 3, 4, 3, 1, 5, 3, 3, 2, 1, 5, 5, 3, 3, 5, 4, 4]
[1, 2, 1, 2, 2, 2, 2, 2, 2, 2, 1, 2, 1, 1, 2, 1, 2, 2, 2, 1, 3, 5, 1, 5, 2, 2, 4, 5, 3, 3, 4, 3, 1, 5, 3, 3, 2, 1, 5, 5, 3, 3, 5, 4, 4]
[1, 2, 1, 2, 2, 2, 2, 2, 2, 2, 1, 2, 1, 1, 2, 1, 2, 2, 2, 1, 3, 5, 1, 5, 2, 2, 4, 5, 3, 3, 4, 3, 1, 5, 3, 3, 2, 1, 5, 5, 3, 3, 5, 4, 4]
[1, 2, 1, 2, 2, 2, 2, 2, 2, 2, 1, 2, 1, 1, 2, 1, 2, 2, 2, 1, 3, 5, 1, 5, 2, 2, 4, 5, 3, 3, 4, 3, 1, 5, 3, 3, 2, 1, 5, 5, 3, 3, 5, 4, 4]
[1, 2, 1, 2, 2, 2, 2, 2, 2, 2, 1, 2, 1, 1, 2, 1, 2, 2, 2, 1, 3, 5, 1, 5, 2, 2, 4, 5, 3, 3, 4, 3, 1, 5, 3, 3, 2, 1, 5, 5, 3, 3, 5, 4, 4]
[1, 2, 1, 2, 2, 2, 2, 2, 2, 2, 1, 2, 1, 1, 2, 1, 2, 2, 2, 1, 3, 5, 1, 5, 2, 2, 4, 5, 3, 3, 4, 3, 1, 5, 3, 3, 2, 1, 5, 5, 3, 3, 5, 4, 4]
[1, 2, 1, 2, 2, 2, 2, 2, 2, 2, 1, 2, 1, 1, 2, 1, 2, 2, 2, 1, 3, 5, 1, 5, 2, 2, 4, 5, 3, 3, 4, 3, 1, 5, 3, 3, 2, 1, 5, 5, 3, 3, 5, 4, 4]
[1, 2, 1, 2, 2, 2, 2, 2, 2, 2, 1, 2, 1, 1, 2, 1, 2, 2, 2, 1, 3, 5, 1, 5, 2, 2, 4, 5, 3, 3, 4, 3, 1, 5, 3, 3, 2, 1, 5, 5, 3, 3, 5, 4, 4]
[1, 2, 1, 2, 2, 2, 2, 2, 2, 2, 1, 2, 1, 1, 2, 1, 2, 2, 2, 1, 3, 5, 1, 5, 2, 2, 4, 5, 3, 3, 4, 3, 1, 5, 3, 3, 2, 1, 5, 5, 3, 3, 5, 4, 4]
[1, 2, 1, 2, 2, 2, 2, 2, 2, 2, 1, 2, 1, 1, 2, 1, 2, 2, 2, 1, 3, 5, 1, 5, 2, 2, 4, 5, 3, 3, 4, 3, 1, 5, 3, 3, 2, 1, 5, 5, 3, 3, 5, 4, 4]
[1, 2, 1, 2, 2, 2, 2, 2, 2, 2, 1, 2, 1, 1, 2, 1, 2, 2, 2, 1, 3, 5, 1, 5, 2, 2, 4, 5, 3, 3, 4, 3, 1, 5, 3, 3, 2, 1, 5, 5, 3, 3, 5, 4, 4]
[1, 2, 1, 2, 2, 2, 2, 2, 2, 2, 1, 2, 1, 1, 2, 1, 2, 2, 2, 1, 3, 5, 1, 5, 2, 2, 4, 5, 3, 3, 4, 3, 1, 5, 3, 3, 2, 1, 5, 5, 3, 3, 5, 4, 4]
[1, 2, 1, 2, 2, 2, 2, 2, 2, 2, 1, 2, 1, 1, 2, 1, 2, 2, 2, 1, 3, 5, 1, 5, 2, 2, 4, 5, 3, 3, 4, 3, 1, 5, 3, 3, 2, 1, 5, 5, 3, 3, 5, 4, 4]
[40.0, 30.0, 20.0, 95.0, 5.0, 5.0, 10.0, 20.0, 70.0, 35.0]
[1, 2, 1, 2, 2, 2, 2, 2, 2, 2, 1, 2, 1, 1, 2, 1, 2, 2, 2, 1, 3, 5, 1, 5, 2, 2, 4, 5, 3, 3, 4, 3, 1, 5, 3, 3, 2, 1, 5, 5, 3, 3, 5, 4, 4]
