particle 0 is updating position
due to fitness value of: 
[28.383838383838384, 30.0, 5.85858585858586, 17.727272727272727, 46.515151515151516, 1.8627450980392162, 10.0, 7.254901960784315, 4.509803921568629, 19.90196078431373]
which is less than: 
null


[0.4491594424912678, 0.9297018262124629, 0.8020058458630419, 0.04093451253334901, 0.9332959230458103, 0.6634530084443111, 0.052222447681366746, 0.3162393470476297, 0.004762470188812373, 0.10274716683192775, 0.07014474640511204, 0.9906499423507007, 0.2169894733009876, 0.8784249658288532, 0.32915997074243164, 0.29914513505579, 84.0, 68.0, 70.0, 19.0, 22.0, 46.0, 66.0, 88.0, 98.0, 96.0, 53.0]
[0.4491594424912678, 0.9297018262124629, 0.8020058458630419, 0.04093451253334901, 0.9332959230458103, 0.6634530084443111, 0.052222447681366746, 0.3162393470476297, 0.004762470188812373, 0.10274716683192775, 0.07014474640511204, 0.9906499423507007, 0.2169894733009876, 0.8784249658288532, 0.32915997074243164, 0.29914513505579, 84.0, 68.0, 70.0, 19.0, 22.0, 46.0, 66.0, 88.0, 98.0, 96.0, 53.0]
particle 7 is updating position
due to fitness value of: 
[8.686868686868685, 30.0, 1.212121212121211, 5.0, 42.474747474747474, 20.98039215686275, 10.0, 2.549019607843139, 30.0, 16.470588235294116]
which is less than: 
[28.383838383838384, 30.0, 5.85858585858586, 17.727272727272727, 46.515151515151516, 1.8627450980392162, 10.0, 7.254901960784315, 4.509803921568629, 19.90196078431373]


[0.17944501552698855, 0.7039769212347667, 0.7231192824000304, 0.528857241513436, 0.05922448263017355, 0.04563294949870045, 0.48549611317970676, 0.17374114893953096, 0.9854574903962809, 0.32773280404463223, 0.05547089609896383, 0.44808269003779366, 0.986433042437173, 0.45797215510923217, 0.7988755991378542, 0.3921692984711874, 86.0, 85.0, 72.0, 4.0, 99.0, 13.0, 50.0, 72.0, 92.0, 67.0, 8.0]
[0.17944501552698855, 0.7039769212347667, 0.7231192824000304, 0.528857241513436, 0.05922448263017355, 0.04563294949870045, 0.48549611317970676, 0.17374114893953096, 0.9854574903962809, 0.32773280404463223, 0.05547089609896383, 0.44808269003779366, 0.986433042437173, 0.45797215510923217, 0.7988755991378542, 0.3921692984711874, 86.0, 85.0, 72.0, 4.0, 99.0, 13.0, 50.0, 72.0, 92.0, 67.0, 8.0]
Iteration 0
Best Fitness
[8.686868686868685, 30.0, 1.212121212121211, 5.0, 42.474747474747474, 20.98039215686275, 10.0, 2.549019607843139, 30.0, 16.470588235294116]
Best Position
[0.17944501552698855, 0.7039769212347667, 0.7231192824000304, 0.528857241513436, 0.05922448263017355, 0.04563294949870045, 0.48549611317970676, 0.17374114893953096, 0.9854574903962809, 0.32773280404463223, 0.05547089609896383, 0.44808269003779366, 0.986433042437173, 0.45797215510923217, 0.7988755991378542, 0.3921692984711874, 86.0, 85.0, 72.0, 4.0, 99.0, 13.0, 50.0, 72.0, 92.0, 67.0, 8.0]

-------------

Current fitness of particle 0:
 [28.383838383838384, 30.0, 5.85858585858586, 17.727272727272727, 46.515151515151516, 1.8627450980392162, 10.0, 7.254901960784315, 4.509803921568629, 19.90196078431373]

Current fitness of particle 1:
 [39.494949494949495, 30.0, 13.93939393939394, 5.0, 88.43434343434343, 4.019607843137255, 10.0, 13.627450980392158, 30.0, 57.64705882352942]

Current fitness of particle 2:
 [17.272727272727273, 30.0, 6.2626262626262665, 5.0, 46.010101010101, 12.647058823529413, 10.0, 7.450980392156865, 30.0, 19.90196078431373]

Current fitness of particle 3:
 [38.484848484848484, 30.0, 1.8181818181818166, 5.0, 75.3030303030303, 2.058823529411765, 10.0, 1.0784313725490193, 30.0, 40.980392156862735]

Current fitness of particle 4:
 [17.272727272727273, 3.7373737373737335, 20.0, 5.0, 46.010101010101, 12.647058823529413, 17.450980392156865, 20.0, 30.0, 19.90196078431373]

Current fitness of particle 5:
 [11.212121212121211, 9.7979797979798, 20.0, 5.0, 46.010101010101, 19.019607843137255, 11.07843137254902, 20.0, 30.0, 19.90196078431373]

Current fitness of particle 6:
 [11.212121212121211, 9.7979797979798, 20.0, 5.0, 46.010101010101, 19.019607843137255, 11.07843137254902, 20.0, 30.0, 19.90196078431373]

Current fitness of particle 7:
 [8.686868686868685, 30.0, 1.212121212121211, 5.0, 42.474747474747474, 20.98039215686275, 10.0, 2.549019607843139, 30.0, 16.470588235294116]

Current fitness of particle 8:
 [18.58585858585859, 30.0, 21.41414141414141, 5.0, 5.0, 48.92156862745098, 10.0, 26.07843137254902, 30.0, 35.0]

Current fitness of particle 9:
 [24.343434343434343, 30.0, 18.38383838383838, 4.494949494949495, 40.45454545454545, 5.784313725490197, 10.0, 19.705882352941174, 30.0, 14.509803921568633]

Current fitness of particle 10:
 [17.272727272727273, 30.0, 6.2626262626262665, 12.676767676767678, 28.33333333333333, 12.647058823529413, 10.0, 7.450980392156865, 10.882352941176471, 0.7843137254901933]

Current fitness of particle 11:
 [6.666666666666671, 11.414141414141412, 20.0, 5.0, 20.252525252525253, 23.921568627450984, 36.07843137254902, 20.0, 30.0, 10.0]

Current fitness of particle 12:
 [37.474747474747474, 30.0, 10.303030303030305, 5.0, 62.17171717171718, 1.0784313725490198, 10.0, 13.333333333333329, 30.0, 27.745098039215684]

Current fitness of particle 13:
 [17.272727272727273, 30.0, 6.2626262626262665, 46.010101010101, 5.0, 12.647058823529413, 10.0, 7.450980392156865, 24.90196078431373, 35.0]

Current fitness of particle 14:
 [16.767676767676768, 11.818181818181817, 3.8383838383838373, 5.0, 37.42424242424242, 13.627450980392158, 11.07843137254902, 4.803921568627452, 30.0, 10.098039215686278]

[0.17944501552698855, 0.7039769212347667, 0.7231192824000304, 0.528857241513436, 0.05922448263017355, 0.04563294949870045, 0.48549611317970676, 0.17374114893953096, 0.9854574903962809, 0.32773280404463223, 0.05547089609896383, 0.44808269003779366, 0.986433042437173, 0.45797215510923217, 0.7988755991378542, 0.3921692984711874, 86.0, 85.0, 72.0, 4.0, 99.0, 13.0, 50.0, 72.0, 92.0, 67.0, 8.0]
[0.17944501552698855, 0.7039769212347667, 0.7231192824000304, 0.528857241513436, 0.05922448263017355, 0.04563294949870045, 0.48549611317970676, 0.17374114893953096, 0.9854574903962809, 0.32773280404463223, 0.05547089609896383, 0.44808269003779366, 0.986433042437173, 0.45797215510923217, 0.7988755991378542, 0.3921692984711874, 86.0, 85.0, 72.0, 4.0, 99.0, 13.0, 50.0, 72.0, 92.0, 67.0, 8.0]
[0.17944501552698855, 0.7039769212347667, 0.7231192824000304, 0.528857241513436, 0.05922448263017355, 0.04563294949870045, 0.48549611317970676, 0.17374114893953096, 0.9854574903962809, 0.32773280404463223, 0.05547089609896383, 0.44808269003779366, 0.986433042437173, 0.45797215510923217, 0.7988755991378542, 0.3921692984711874, 86.0, 85.0, 72.0, 4.0, 99.0, 13.0, 50.0, 72.0, 92.0, 67.0, 8.0]
[0.17944501552698855, 0.7039769212347667, 0.7231192824000304, 0.528857241513436, 0.05922448263017355, 0.04563294949870045, 0.48549611317970676, 0.17374114893953096, 0.9854574903962809, 0.32773280404463223, 0.05547089609896383, 0.44808269003779366, 0.986433042437173, 0.45797215510923217, 0.7988755991378542, 0.3921692984711874, 86.0, 85.0, 72.0, 4.0, 99.0, 13.0, 50.0, 72.0, 92.0, 67.0, 8.0]
[0.17944501552698855, 0.7039769212347667, 0.7231192824000304, 0.528857241513436, 0.05922448263017355, 0.04563294949870045, 0.48549611317970676, 0.17374114893953096, 0.9854574903962809, 0.32773280404463223, 0.05547089609896383, 0.44808269003779366, 0.986433042437173, 0.45797215510923217, 0.7988755991378542, 0.3921692984711874, 86.0, 85.0, 72.0, 4.0, 99.0, 13.0, 50.0, 72.0, 92.0, 67.0, 8.0]
[0.17944501552698855, 0.7039769212347667, 0.7231192824000304, 0.528857241513436, 0.05922448263017355, 0.04563294949870045, 0.48549611317970676, 0.17374114893953096, 0.9854574903962809, 0.32773280404463223, 0.05547089609896383, 0.44808269003779366, 0.986433042437173, 0.45797215510923217, 0.7988755991378542, 0.3921692984711874, 86.0, 85.0, 72.0, 4.0, 99.0, 13.0, 50.0, 72.0, 92.0, 67.0, 8.0]
[0.17944501552698855, 0.7039769212347667, 0.7231192824000304, 0.528857241513436, 0.05922448263017355, 0.04563294949870045, 0.48549611317970676, 0.17374114893953096, 0.9854574903962809, 0.32773280404463223, 0.05547089609896383, 0.44808269003779366, 0.986433042437173, 0.45797215510923217, 0.7988755991378542, 0.3921692984711874, 86.0, 85.0, 72.0, 4.0, 99.0, 13.0, 50.0, 72.0, 92.0, 67.0, 8.0]
[0.17944501552698855, 0.7039769212347667, 0.7231192824000304, 0.528857241513436, 0.05922448263017355, 0.04563294949870045, 0.48549611317970676, 0.17374114893953096, 0.9854574903962809, 0.32773280404463223, 0.05547089609896383, 0.44808269003779366, 0.986433042437173, 0.45797215510923217, 0.7988755991378542, 0.3921692984711874, 86.0, 85.0, 72.0, 4.0, 99.0, 13.0, 50.0, 72.0, 92.0, 67.0, 8.0]
[0.17944501552698855, 0.7039769212347667, 0.7231192824000304, 0.528857241513436, 0.05922448263017355, 0.04563294949870045, 0.48549611317970676, 0.17374114893953096, 0.9854574903962809, 0.32773280404463223, 0.05547089609896383, 0.44808269003779366, 0.986433042437173, 0.45797215510923217, 0.7988755991378542, 0.3921692984711874, 86.0, 85.0, 72.0, 4.0, 99.0, 13.0, 50.0, 72.0, 92.0, 67.0, 8.0]
[0.17944501552698855, 0.7039769212347667, 0.7231192824000304, 0.528857241513436, 0.05922448263017355, 0.04563294949870045, 0.48549611317970676, 0.17374114893953096, 0.9854574903962809, 0.32773280404463223, 0.05547089609896383, 0.44808269003779366, 0.986433042437173, 0.45797215510923217, 0.7988755991378542, 0.3921692984711874, 86.0, 85.0, 72.0, 4.0, 99.0, 13.0, 50.0, 72.0, 92.0, 67.0, 8.0]
[0.17944501552698855, 0.7039769212347667, 0.7231192824000304, 0.528857241513436, 0.05922448263017355, 0.04563294949870045, 0.48549611317970676, 0.17374114893953096, 0.9854574903962809, 0.32773280404463223, 0.05547089609896383, 0.44808269003779366, 0.986433042437173, 0.45797215510923217, 0.7988755991378542, 0.3921692984711874, 86.0, 85.0, 72.0, 4.0, 99.0, 13.0, 50.0, 72.0, 92.0, 67.0, 8.0]
[0.17944501552698855, 0.7039769212347667, 0.7231192824000304, 0.528857241513436, 0.05922448263017355, 0.04563294949870045, 0.48549611317970676, 0.17374114893953096, 0.9854574903962809, 0.32773280404463223, 0.05547089609896383, 0.44808269003779366, 0.986433042437173, 0.45797215510923217, 0.7988755991378542, 0.3921692984711874, 86.0, 85.0, 72.0, 4.0, 99.0, 13.0, 50.0, 72.0, 92.0, 67.0, 8.0]
[0.17944501552698855, 0.7039769212347667, 0.7231192824000304, 0.528857241513436, 0.05922448263017355, 0.04563294949870045, 0.48549611317970676, 0.17374114893953096, 0.9854574903962809, 0.32773280404463223, 0.05547089609896383, 0.44808269003779366, 0.986433042437173, 0.45797215510923217, 0.7988755991378542, 0.3921692984711874, 86.0, 85.0, 72.0, 4.0, 99.0, 13.0, 50.0, 72.0, 92.0, 67.0, 8.0]
[0.17944501552698855, 0.7039769212347667, 0.7231192824000304, 0.528857241513436, 0.05922448263017355, 0.04563294949870045, 0.48549611317970676, 0.17374114893953096, 0.9854574903962809, 0.32773280404463223, 0.05547089609896383, 0.44808269003779366, 0.986433042437173, 0.45797215510923217, 0.7988755991378542, 0.3921692984711874, 86.0, 85.0, 72.0, 4.0, 99.0, 13.0, 50.0, 72.0, 92.0, 67.0, 8.0]
[0.17944501552698855, 0.7039769212347667, 0.7231192824000304, 0.528857241513436, 0.05922448263017355, 0.04563294949870045, 0.48549611317970676, 0.17374114893953096, 0.9854574903962809, 0.32773280404463223, 0.05547089609896383, 0.44808269003779366, 0.986433042437173, 0.45797215510923217, 0.7988755991378542, 0.3921692984711874, 86.0, 85.0, 72.0, 4.0, 99.0, 13.0, 50.0, 72.0, 92.0, 67.0, 8.0]
[8.686868686868685, 30.0, 1.212121212121211, 5.0, 42.474747474747474, 20.98039215686275, 10.0, 2.549019607843139, 30.0, 16.470588235294116]
[0.17944501552698855, 0.7039769212347667, 0.7231192824000304, 0.528857241513436, 0.05922448263017355, 0.04563294949870045, 0.48549611317970676, 0.17374114893953096, 0.9854574903962809, 0.32773280404463223, 0.05547089609896383, 0.44808269003779366, 0.986433042437173, 0.45797215510923217, 0.7988755991378542, 0.3921692984711874, 86.0, 85.0, 72.0, 4.0, 99.0, 13.0, 50.0, 72.0, 92.0, 67.0, 8.0]
particle 7 is updating position
due to fitness value of: 
[8.686868686868685, 30.0, 1.212121212121211, 5.0, 42.474747474747474, 20.98039215686275, 10.0, 2.549019607843139, 30.0, 16.470588235294116]
which is less than: 
[8.686868686868685, 30.0, 1.212121212121211, 5.0, 42.474747474747474, 20.98039215686275, 10.0, 2.549019607843139, 30.0, 16.470588235294116]


[0.17944501552698855, 0.7039769212347667, 0.7231192824000304, 0.528857241513436, 0.05922448263017355, 0.04563294949870045, 0.48549611317970676, 0.17374114893953096, 0.9854574903962809, 0.32773280404463223, 0.05547089609896383, 0.44808269003779366, 0.986433042437173, 0.45797215510923217, 0.7988755991378542, 0.3921692984711874, 86.0, 85.0, 72.0, 4.0, 99.0, 13.0, 50.0, 72.0, 92.0, 67.0, 8.0]
[0.17944501552698855, 0.7039769212347667, 0.7231192824000304, 0.528857241513436, 0.05922448263017355, 0.04563294949870045, 0.48549611317970676, 0.17374114893953096, 0.9854574903962809, 0.32773280404463223, 0.05547089609896383, 0.44808269003779366, 0.986433042437173, 0.45797215510923217, 0.7988755991378542, 0.3921692984711874, 86.0, 85.0, 72.0, 4.0, 99.0, 13.0, 50.0, 72.0, 92.0, 67.0, 8.0]
Iteration 1
Best Fitness
[8.686868686868685, 30.0, 1.212121212121211, 5.0, 42.474747474747474, 20.98039215686275, 10.0, 2.549019607843139, 30.0, 16.470588235294116]
Best Position
[0.17944501552698855, 0.7039769212347667, 0.7231192824000304, 0.528857241513436, 0.05922448263017355, 0.04563294949870045, 0.48549611317970676, 0.17374114893953096, 0.9854574903962809, 0.32773280404463223, 0.05547089609896383, 0.44808269003779366, 0.986433042437173, 0.45797215510923217, 0.7988755991378542, 0.3921692984711874, 86.0, 85.0, 72.0, 4.0, 99.0, 13.0, 50.0, 72.0, 92.0, 67.0, 8.0]

-------------

Current fitness of particle 0:
 [37.474747474747474, 30.0, 10.303030303030305, 5.0, 62.17171717171718, 1.0784313725490198, 10.0, 13.333333333333329, 30.0, 27.745098039215684]

Current fitness of particle 1:
 [39.494949494949495, 30.0, 13.93939393939394, 8.131313131313133, 75.3030303030303, 4.019607843137255, 10.0, 13.627450980392158, 13.333333333333336, 40.980392156862735]

Current fitness of particle 2:
 [39.494949494949495, 30.0, 13.93939393939394, 15.2020202020202, 68.23232323232324, 4.019607843137255, 10.0, 13.627450980392158, 17.745098039215687, 45.3921568627451]

Current fitness of particle 3:
 [40.0, 30.0, 20.0, 5.0, 95.0, 5.0, 10.0, 20.0, 30.0, 65.0]

Current fitness of particle 4:
 [38.484848484848484, 30.0, 1.8181818181818166, 5.0, 75.3030303030303, 2.058823529411765, 10.0, 1.0784313725490193, 30.0, 40.980392156862735]

Current fitness of particle 5:
 [18.58585858585859, 30.0, 21.41414141414141, 5.0, 5.0, 48.92156862745098, 10.0, 26.07843137254902, 30.0, 35.0]

Current fitness of particle 6:
 [40.0, 30.0, 20.0, 5.0, 95.0, 5.0, 10.0, 20.0, 30.0, 65.0]

Current fitness of particle 7:
 [8.686868686868685, 30.0, 1.212121212121211, 5.0, 42.474747474747474, 20.98039215686275, 10.0, 2.549019607843139, 30.0, 16.470588235294116]

Current fitness of particle 8:
 [40.0, 30.0, 20.0, 5.0, 95.0, 5.0, 10.0, 20.0, 30.0, 65.0]

Current fitness of particle 9:
 [38.484848484848484, 30.0, 1.8181818181818166, 24.292929292929294, 46.010101010101, 2.058823529411765, 10.0, 1.0784313725490193, 8.92156862745098, 19.90196078431373]

Current fitness of particle 10:
 [40.0, 30.0, 20.0, 5.0, 95.0, 5.0, 10.0, 20.0, 30.0, 65.0]

Current fitness of particle 11:
 [7.1717171717171695, 30.0, 21.41414141414141, 20.757575757575758, 5.0, 23.921568627450984, 10.0, 26.07843137254902, 5.0, 35.0]

Current fitness of particle 12:
 [38.484848484848484, 30.0, 1.8181818181818166, 24.292929292929294, 46.010101010101, 2.058823529411765, 10.0, 1.0784313725490193, 8.92156862745098, 19.90196078431373]

Current fitness of particle 13:
 [40.0, 30.0, 20.0, 5.0, 95.0, 5.0, 10.0, 20.0, 30.0, 65.0]

Current fitness of particle 14:
 [40.0, 30.0, 20.0, 5.0, 95.0, 5.0, 10.0, 20.0, 30.0, 65.0]

[0.17944501552698855, 0.7039769212347667, 0.7231192824000304, 0.528857241513436, 0.05922448263017355, 0.04563294949870045, 0.48549611317970676, 0.17374114893953096, 0.9854574903962809, 0.32773280404463223, 0.05547089609896383, 0.44808269003779366, 0.986433042437173, 0.45797215510923217, 0.7988755991378542, 0.3921692984711874, 86.0, 85.0, 72.0, 4.0, 99.0, 13.0, 50.0, 72.0, 92.0, 67.0, 8.0]
[0.17944501552698855, 0.7039769212347667, 0.7231192824000304, 0.528857241513436, 0.05922448263017355, 0.04563294949870045, 0.48549611317970676, 0.17374114893953096, 0.9854574903962809, 0.32773280404463223, 0.05547089609896383, 0.44808269003779366, 0.986433042437173, 0.45797215510923217, 0.7988755991378542, 0.3921692984711874, 86.0, 85.0, 72.0, 4.0, 99.0, 13.0, 50.0, 72.0, 92.0, 67.0, 8.0]
[0.17944501552698855, 0.7039769212347667, 0.7231192824000304, 0.528857241513436, 0.05922448263017355, 0.04563294949870045, 0.48549611317970676, 0.17374114893953096, 0.9854574903962809, 0.32773280404463223, 0.05547089609896383, 0.44808269003779366, 0.986433042437173, 0.45797215510923217, 0.7988755991378542, 0.3921692984711874, 86.0, 85.0, 72.0, 4.0, 99.0, 13.0, 50.0, 72.0, 92.0, 67.0, 8.0]
[0.17944501552698855, 0.7039769212347667, 0.7231192824000304, 0.528857241513436, 0.05922448263017355, 0.04563294949870045, 0.48549611317970676, 0.17374114893953096, 0.9854574903962809, 0.32773280404463223, 0.05547089609896383, 0.44808269003779366, 0.986433042437173, 0.45797215510923217, 0.7988755991378542, 0.3921692984711874, 86.0, 85.0, 72.0, 4.0, 99.0, 13.0, 50.0, 72.0, 92.0, 67.0, 8.0]
[0.17944501552698855, 0.7039769212347667, 0.7231192824000304, 0.528857241513436, 0.05922448263017355, 0.04563294949870045, 0.48549611317970676, 0.17374114893953096, 0.9854574903962809, 0.32773280404463223, 0.05547089609896383, 0.44808269003779366, 0.986433042437173, 0.45797215510923217, 0.7988755991378542, 0.3921692984711874, 86.0, 85.0, 72.0, 4.0, 99.0, 13.0, 50.0, 72.0, 92.0, 67.0, 8.0]
[0.17944501552698855, 0.7039769212347667, 0.7231192824000304, 0.528857241513436, 0.05922448263017355, 0.04563294949870045, 0.48549611317970676, 0.17374114893953096, 0.9854574903962809, 0.32773280404463223, 0.05547089609896383, 0.44808269003779366, 0.986433042437173, 0.45797215510923217, 0.7988755991378542, 0.3921692984711874, 86.0, 85.0, 72.0, 4.0, 99.0, 13.0, 50.0, 72.0, 92.0, 67.0, 8.0]
[0.17944501552698855, 0.7039769212347667, 0.7231192824000304, 0.528857241513436, 0.05922448263017355, 0.04563294949870045, 0.48549611317970676, 0.17374114893953096, 0.9854574903962809, 0.32773280404463223, 0.05547089609896383, 0.44808269003779366, 0.986433042437173, 0.45797215510923217, 0.7988755991378542, 0.3921692984711874, 86.0, 85.0, 72.0, 4.0, 99.0, 13.0, 50.0, 72.0, 92.0, 67.0, 8.0]
[0.17944501552698855, 0.7039769212347667, 0.7231192824000304, 0.528857241513436, 0.05922448263017355, 0.04563294949870045, 0.48549611317970676, 0.17374114893953096, 0.9854574903962809, 0.32773280404463223, 0.05547089609896383, 0.44808269003779366, 0.986433042437173, 0.45797215510923217, 0.7988755991378542, 0.3921692984711874, 86.0, 85.0, 72.0, 4.0, 99.0, 13.0, 50.0, 72.0, 92.0, 67.0, 8.0]
[0.17944501552698855, 0.7039769212347667, 0.7231192824000304, 0.528857241513436, 0.05922448263017355, 0.04563294949870045, 0.48549611317970676, 0.17374114893953096, 0.9854574903962809, 0.32773280404463223, 0.05547089609896383, 0.44808269003779366, 0.986433042437173, 0.45797215510923217, 0.7988755991378542, 0.3921692984711874, 86.0, 85.0, 72.0, 4.0, 99.0, 13.0, 50.0, 72.0, 92.0, 67.0, 8.0]
[0.17944501552698855, 0.7039769212347667, 0.7231192824000304, 0.528857241513436, 0.05922448263017355, 0.04563294949870045, 0.48549611317970676, 0.17374114893953096, 0.9854574903962809, 0.32773280404463223, 0.05547089609896383, 0.44808269003779366, 0.986433042437173, 0.45797215510923217, 0.7988755991378542, 0.3921692984711874, 86.0, 85.0, 72.0, 4.0, 99.0, 13.0, 50.0, 72.0, 92.0, 67.0, 8.0]
[0.17944501552698855, 0.7039769212347667, 0.7231192824000304, 0.528857241513436, 0.05922448263017355, 0.04563294949870045, 0.48549611317970676, 0.17374114893953096, 0.9854574903962809, 0.32773280404463223, 0.05547089609896383, 0.44808269003779366, 0.986433042437173, 0.45797215510923217, 0.7988755991378542, 0.3921692984711874, 86.0, 85.0, 72.0, 4.0, 99.0, 13.0, 50.0, 72.0, 92.0, 67.0, 8.0]
[0.17944501552698855, 0.7039769212347667, 0.7231192824000304, 0.528857241513436, 0.05922448263017355, 0.04563294949870045, 0.48549611317970676, 0.17374114893953096, 0.9854574903962809, 0.32773280404463223, 0.05547089609896383, 0.44808269003779366, 0.986433042437173, 0.45797215510923217, 0.7988755991378542, 0.3921692984711874, 86.0, 85.0, 72.0, 4.0, 99.0, 13.0, 50.0, 72.0, 92.0, 67.0, 8.0]
[0.17944501552698855, 0.7039769212347667, 0.7231192824000304, 0.528857241513436, 0.05922448263017355, 0.04563294949870045, 0.48549611317970676, 0.17374114893953096, 0.9854574903962809, 0.32773280404463223, 0.05547089609896383, 0.44808269003779366, 0.986433042437173, 0.45797215510923217, 0.7988755991378542, 0.3921692984711874, 86.0, 85.0, 72.0, 4.0, 99.0, 13.0, 50.0, 72.0, 92.0, 67.0, 8.0]
[0.17944501552698855, 0.7039769212347667, 0.7231192824000304, 0.528857241513436, 0.05922448263017355, 0.04563294949870045, 0.48549611317970676, 0.17374114893953096, 0.9854574903962809, 0.32773280404463223, 0.05547089609896383, 0.44808269003779366, 0.986433042437173, 0.45797215510923217, 0.7988755991378542, 0.3921692984711874, 86.0, 85.0, 72.0, 4.0, 99.0, 13.0, 50.0, 72.0, 92.0, 67.0, 8.0]
[0.17944501552698855, 0.7039769212347667, 0.7231192824000304, 0.528857241513436, 0.05922448263017355, 0.04563294949870045, 0.48549611317970676, 0.17374114893953096, 0.9854574903962809, 0.32773280404463223, 0.05547089609896383, 0.44808269003779366, 0.986433042437173, 0.45797215510923217, 0.7988755991378542, 0.3921692984711874, 86.0, 85.0, 72.0, 4.0, 99.0, 13.0, 50.0, 72.0, 92.0, 67.0, 8.0]
[8.686868686868685, 30.0, 1.212121212121211, 5.0, 42.474747474747474, 20.98039215686275, 10.0, 2.549019607843139, 30.0, 16.470588235294116]
[0.17944501552698855, 0.7039769212347667, 0.7231192824000304, 0.528857241513436, 0.05922448263017355, 0.04563294949870045, 0.48549611317970676, 0.17374114893953096, 0.9854574903962809, 0.32773280404463223, 0.05547089609896383, 0.44808269003779366, 0.986433042437173, 0.45797215510923217, 0.7988755991378542, 0.3921692984711874, 86.0, 85.0, 72.0, 4.0, 99.0, 13.0, 50.0, 72.0, 92.0, 67.0, 8.0]
particle 3 is updating position
due to fitness value of: 
[8.686868686868685, 30.0, 1.212121212121211, 41.96969696969697, 4.494949494949495, 20.98039215686275, 10.0, 2.549019607843139, 21.470588235294116, 35.0]
which is less than: 
[8.686868686868685, 30.0, 1.212121212121211, 5.0, 42.474747474747474, 20.98039215686275, 10.0, 2.549019607843139, 30.0, 16.470588235294116]


[0.001, 1.0, 1.0, 1.0, 0.001, 0.001, 1.0, 0.47867996395538936, 1.0, 0.001, 0.001, 0.8623250956052277, 1.0, 0.9441920391592558, 1.0, 0.2634332627053927, 100.0, 100.0, 100.0, 0.001, 100.0, 100.0, 100.0, 100.0, 100.0, 100.0, 53.87966676330789]
[0.001, 1.0, 1.0, 1.0, 0.001, 0.001, 1.0, 0.47867996395538936, 1.0, 0.001, 0.001, 0.8623250956052277, 1.0, 0.9441920391592558, 1.0, 0.2634332627053927, 100.0, 100.0, 100.0, 0.001, 100.0, 100.0, 100.0, 100.0, 100.0, 100.0, 53.87966676330789]
particle 7 is updating position
due to fitness value of: 
[8.686868686868685, 30.0, 1.212121212121211, 5.0, 42.474747474747474, 20.98039215686275, 10.0, 2.549019607843139, 30.0, 16.470588235294116]
which is less than: 
[8.686868686868685, 30.0, 1.212121212121211, 41.96969696969697, 4.494949494949495, 20.98039215686275, 10.0, 2.549019607843139, 21.470588235294116, 35.0]


[0.17944501552698855, 0.7039769212347667, 0.7231192824000304, 0.528857241513436, 0.05922448263017355, 0.04563294949870045, 0.48549611317970676, 0.17374114893953096, 0.9854574903962809, 0.32773280404463223, 0.05547089609896383, 0.44808269003779366, 0.986433042437173, 0.45797215510923217, 0.7988755991378542, 0.3921692984711874, 86.0, 85.0, 72.0, 4.0, 99.0, 13.0, 50.0, 72.0, 92.0, 67.0, 8.0]
[0.17944501552698855, 0.7039769212347667, 0.7231192824000304, 0.528857241513436, 0.05922448263017355, 0.04563294949870045, 0.48549611317970676, 0.17374114893953096, 0.9854574903962809, 0.32773280404463223, 0.05547089609896383, 0.44808269003779366, 0.986433042437173, 0.45797215510923217, 0.7988755991378542, 0.3921692984711874, 86.0, 85.0, 72.0, 4.0, 99.0, 13.0, 50.0, 72.0, 92.0, 67.0, 8.0]
particle 11 is updating position
due to fitness value of: 
[8.181818181818183, 30.0, 1.212121212121211, 5.0, 41.96969696969697, 20.98039215686275, 10.0, 2.549019607843139, 30.0, 16.470588235294116]
which is less than: 
[8.686868686868685, 30.0, 1.212121212121211, 5.0, 42.474747474747474, 20.98039215686275, 10.0, 2.549019607843139, 30.0, 16.470588235294116]


[0.21153430634091708, 0.8550257785918035, 1.0, 0.9579910191793466, 0.001, 0.001, 1.0, 0.18887150116011914, 1.0, 0.06552903325741716, 0.2939337073565559, 0.9717996559375668, 1.0, 0.7885181663436904, 1.0, 1.0, 100.0, 100.0, 100.0, 100.0, 100.0, 0.001, 100.0, 100.0, 100.0, 100.0, 41.022454732203386]
[0.21153430634091708, 0.8550257785918035, 1.0, 0.9579910191793466, 0.001, 0.001, 1.0, 0.18887150116011914, 1.0, 0.06552903325741716, 0.2939337073565559, 0.9717996559375668, 1.0, 0.7885181663436904, 1.0, 1.0, 100.0, 100.0, 100.0, 100.0, 100.0, 0.001, 100.0, 100.0, 100.0, 100.0, 41.022454732203386]
Iteration 2
Best Fitness
[8.181818181818183, 30.0, 1.212121212121211, 5.0, 41.96969696969697, 20.98039215686275, 10.0, 2.549019607843139, 30.0, 16.470588235294116]
Best Position
[0.21153430634091708, 0.8550257785918035, 1.0, 0.9579910191793466, 0.001, 0.001, 1.0, 0.18887150116011914, 1.0, 0.06552903325741716, 0.2939337073565559, 0.9717996559375668, 1.0, 0.7885181663436904, 1.0, 1.0, 100.0, 100.0, 100.0, 100.0, 100.0, 0.001, 100.0, 100.0, 100.0, 100.0, 41.022454732203386]

-------------

Current fitness of particle 0:
 [40.0, 30.0, 20.0, 5.0, 95.0, 5.0, 10.0, 20.0, 30.0, 65.0]

Current fitness of particle 1:
 [38.98989898989899, 30.0, 10.909090909090908, 84.8989898989899, 5.0, 4.019607843137255, 10.0, 10.686274509803921, 59.705882352941174, 35.0]

Current fitness of particle 2:
 [38.484848484848484, 30.0, 9.8989898989899, 35.909090909090914, 42.474747474747474, 4.019607843137255, 10.0, 10.196078431372548, 7.745098039215684, 16.470588235294116]

Current fitness of particle 3:
 [8.686868686868685, 30.0, 1.212121212121211, 41.96969696969697, 4.494949494949495, 20.98039215686275, 10.0, 2.549019607843139, 21.470588235294116, 35.0]

Current fitness of particle 4:
 [36.96969696969697, 30.0, 10.303030303030305, 61.66666666666666, 5.0, 1.0784313725490198, 10.0, 13.333333333333329, 32.745098039215684, 35.0]

Current fitness of particle 5:
 [38.98989898989899, 30.0, 9.8989898989899, 36.41414141414141, 42.474747474747474, 4.019607843137255, 10.0, 10.196078431372548, 7.745098039215684, 16.470588235294116]

Current fitness of particle 6:
 [40.0, 30.0, 20.0, 5.0, 95.0, 5.0, 10.0, 20.0, 30.0, 65.0]

Current fitness of particle 7:
 [8.686868686868685, 30.0, 1.212121212121211, 5.0, 42.474747474747474, 20.98039215686275, 10.0, 2.549019607843139, 30.0, 16.470588235294116]

Current fitness of particle 8:
 [40.0, 30.0, 20.0, 5.0, 95.0, 5.0, 10.0, 20.0, 30.0, 65.0]

Current fitness of particle 9:
 [27.87878787878788, 30.0, 1.8181818181818166, 17.22222222222222, 42.474747474747474, 1.8627450980392162, 10.0, 3.8235294117647065, 4.509803921568629, 16.470588235294116]

Current fitness of particle 10:
 [38.98989898989899, 30.0, 9.8989898989899, 83.38383838383838, 4.494949494949495, 4.019607843137255, 10.0, 10.196078431372548, 59.21568627450981, 35.0]

Current fitness of particle 11:
 [8.181818181818183, 30.0, 1.212121212121211, 5.0, 41.96969696969697, 20.98039215686275, 10.0, 2.549019607843139, 30.0, 16.470588235294116]

Current fitness of particle 12:
 [28.383838383838384, 30.0, 5.85858585858586, 5.0, 69.24242424242425, 1.8627450980392162, 10.0, 7.254901960784315, 30.0, 45.3921568627451]

Current fitness of particle 13:
 [38.98989898989899, 30.0, 10.909090909090908, 18.232323232323232, 61.66666666666666, 4.019607843137255, 10.0, 10.686274509803921, 3.0392156862745097, 27.745098039215684]

Current fitness of particle 14:
 [39.494949494949495, 30.0, 13.93939393939394, 0.050505050505050164, 83.38383838383838, 4.019607843137255, 10.0, 13.627450980392158, 26.568627450980394, 54.21568627450981]

[0.21153430634091708, 0.8550257785918035, 1.0, 0.9579910191793466, 0.001, 0.001, 1.0, 0.18887150116011914, 1.0, 0.06552903325741716, 0.2939337073565559, 0.9717996559375668, 1.0, 0.7885181663436904, 1.0, 1.0, 100.0, 100.0, 100.0, 100.0, 100.0, 0.001, 100.0, 100.0, 100.0, 100.0, 41.022454732203386]
[0.21153430634091708, 0.8550257785918035, 1.0, 0.9579910191793466, 0.001, 0.001, 1.0, 0.18887150116011914, 1.0, 0.06552903325741716, 0.2939337073565559, 0.9717996559375668, 1.0, 0.7885181663436904, 1.0, 1.0, 100.0, 100.0, 100.0, 100.0, 100.0, 0.001, 100.0, 100.0, 100.0, 100.0, 41.022454732203386]
[0.21153430634091708, 0.8550257785918035, 1.0, 0.9579910191793466, 0.001, 0.001, 1.0, 0.18887150116011914, 1.0, 0.06552903325741716, 0.2939337073565559, 0.9717996559375668, 1.0, 0.7885181663436904, 1.0, 1.0, 100.0, 100.0, 100.0, 100.0, 100.0, 0.001, 100.0, 100.0, 100.0, 100.0, 41.022454732203386]
[0.21153430634091708, 0.8550257785918035, 1.0, 0.9579910191793466, 0.001, 0.001, 1.0, 0.18887150116011914, 1.0, 0.06552903325741716, 0.2939337073565559, 0.9717996559375668, 1.0, 0.7885181663436904, 1.0, 1.0, 100.0, 100.0, 100.0, 100.0, 100.0, 0.001, 100.0, 100.0, 100.0, 100.0, 41.022454732203386]
[0.21153430634091708, 0.8550257785918035, 1.0, 0.9579910191793466, 0.001, 0.001, 1.0, 0.18887150116011914, 1.0, 0.06552903325741716, 0.2939337073565559, 0.9717996559375668, 1.0, 0.7885181663436904, 1.0, 1.0, 100.0, 100.0, 100.0, 100.0, 100.0, 0.001, 100.0, 100.0, 100.0, 100.0, 41.022454732203386]
[0.21153430634091708, 0.8550257785918035, 1.0, 0.9579910191793466, 0.001, 0.001, 1.0, 0.18887150116011914, 1.0, 0.06552903325741716, 0.2939337073565559, 0.9717996559375668, 1.0, 0.7885181663436904, 1.0, 1.0, 100.0, 100.0, 100.0, 100.0, 100.0, 0.001, 100.0, 100.0, 100.0, 100.0, 41.022454732203386]
[0.21153430634091708, 0.8550257785918035, 1.0, 0.9579910191793466, 0.001, 0.001, 1.0, 0.18887150116011914, 1.0, 0.06552903325741716, 0.2939337073565559, 0.9717996559375668, 1.0, 0.7885181663436904, 1.0, 1.0, 100.0, 100.0, 100.0, 100.0, 100.0, 0.001, 100.0, 100.0, 100.0, 100.0, 41.022454732203386]
[0.21153430634091708, 0.8550257785918035, 1.0, 0.9579910191793466, 0.001, 0.001, 1.0, 0.18887150116011914, 1.0, 0.06552903325741716, 0.2939337073565559, 0.9717996559375668, 1.0, 0.7885181663436904, 1.0, 1.0, 100.0, 100.0, 100.0, 100.0, 100.0, 0.001, 100.0, 100.0, 100.0, 100.0, 41.022454732203386]
[0.21153430634091708, 0.8550257785918035, 1.0, 0.9579910191793466, 0.001, 0.001, 1.0, 0.18887150116011914, 1.0, 0.06552903325741716, 0.2939337073565559, 0.9717996559375668, 1.0, 0.7885181663436904, 1.0, 1.0, 100.0, 100.0, 100.0, 100.0, 100.0, 0.001, 100.0, 100.0, 100.0, 100.0, 41.022454732203386]
[0.21153430634091708, 0.8550257785918035, 1.0, 0.9579910191793466, 0.001, 0.001, 1.0, 0.18887150116011914, 1.0, 0.06552903325741716, 0.2939337073565559, 0.9717996559375668, 1.0, 0.7885181663436904, 1.0, 1.0, 100.0, 100.0, 100.0, 100.0, 100.0, 0.001, 100.0, 100.0, 100.0, 100.0, 41.022454732203386]
[0.21153430634091708, 0.8550257785918035, 1.0, 0.9579910191793466, 0.001, 0.001, 1.0, 0.18887150116011914, 1.0, 0.06552903325741716, 0.2939337073565559, 0.9717996559375668, 1.0, 0.7885181663436904, 1.0, 1.0, 100.0, 100.0, 100.0, 100.0, 100.0, 0.001, 100.0, 100.0, 100.0, 100.0, 41.022454732203386]
[0.21153430634091708, 0.8550257785918035, 1.0, 0.9579910191793466, 0.001, 0.001, 1.0, 0.18887150116011914, 1.0, 0.06552903325741716, 0.2939337073565559, 0.9717996559375668, 1.0, 0.7885181663436904, 1.0, 1.0, 100.0, 100.0, 100.0, 100.0, 100.0, 0.001, 100.0, 100.0, 100.0, 100.0, 41.022454732203386]
[0.21153430634091708, 0.8550257785918035, 1.0, 0.9579910191793466, 0.001, 0.001, 1.0, 0.18887150116011914, 1.0, 0.06552903325741716, 0.2939337073565559, 0.9717996559375668, 1.0, 0.7885181663436904, 1.0, 1.0, 100.0, 100.0, 100.0, 100.0, 100.0, 0.001, 100.0, 100.0, 100.0, 100.0, 41.022454732203386]
[0.21153430634091708, 0.8550257785918035, 1.0, 0.9579910191793466, 0.001, 0.001, 1.0, 0.18887150116011914, 1.0, 0.06552903325741716, 0.2939337073565559, 0.9717996559375668, 1.0, 0.7885181663436904, 1.0, 1.0, 100.0, 100.0, 100.0, 100.0, 100.0, 0.001, 100.0, 100.0, 100.0, 100.0, 41.022454732203386]
[0.21153430634091708, 0.8550257785918035, 1.0, 0.9579910191793466, 0.001, 0.001, 1.0, 0.18887150116011914, 1.0, 0.06552903325741716, 0.2939337073565559, 0.9717996559375668, 1.0, 0.7885181663436904, 1.0, 1.0, 100.0, 100.0, 100.0, 100.0, 100.0, 0.001, 100.0, 100.0, 100.0, 100.0, 41.022454732203386]
[8.181818181818183, 30.0, 1.212121212121211, 5.0, 41.96969696969697, 20.98039215686275, 10.0, 2.549019607843139, 30.0, 16.470588235294116]
[0.21153430634091708, 0.8550257785918035, 1.0, 0.9579910191793466, 0.001, 0.001, 1.0, 0.18887150116011914, 1.0, 0.06552903325741716, 0.2939337073565559, 0.9717996559375668, 1.0, 0.7885181663436904, 1.0, 1.0, 100.0, 100.0, 100.0, 100.0, 100.0, 0.001, 100.0, 100.0, 100.0, 100.0, 41.022454732203386]
particle 1 is updating position
due to fitness value of: 
[8.686868686868685, 30.0, 1.212121212121211, 4.494949494949495, 41.96969696969697, 20.98039215686275, 10.0, 2.549019607843139, 30.0, 16.470588235294116]
which is less than: 
[8.181818181818183, 30.0, 1.212121212121211, 5.0, 41.96969696969697, 20.98039215686275, 10.0, 2.549019607843139, 30.0, 16.470588235294116]


[0.40325763104025153, 1.0, 1.0, 0.7349703061650821, 0.001, 0.8739607699106529, 1.0, 0.001, 1.0, 0.001, 0.1623241540489248, 1.0, 1.0, 1.0, 1.0, 1.0, 100.0, 100.0, 100.0, 0.001, 100.0, 0.001, 100.0, 100.0, 100.0, 95.72841948512678, 0.001]
[0.40325763104025153, 1.0, 1.0, 0.7349703061650821, 0.001, 0.8739607699106529, 1.0, 0.001, 1.0, 0.001, 0.1623241540489248, 1.0, 1.0, 1.0, 1.0, 1.0, 100.0, 100.0, 100.0, 0.001, 100.0, 0.001, 100.0, 100.0, 100.0, 95.72841948512678, 0.001]
particle 2 is updating position
due to fitness value of: 
[8.686868686868685, 30.0, 1.212121212121211, 5.0, 42.474747474747474, 20.98039215686275, 10.0, 2.549019607843139, 30.0, 16.470588235294116]
which is less than: 
[8.686868686868685, 30.0, 1.212121212121211, 4.494949494949495, 41.96969696969697, 20.98039215686275, 10.0, 2.549019607843139, 30.0, 16.470588235294116]


[0.001, 1.0, 1.0, 0.9259244781885645, 0.001, 1.0, 1.0, 0.8691961743136418, 1.0, 0.001, 0.001, 0.5305200938620387, 1.0, 0.001, 1.0, 1.0, 100.0, 100.0, 100.0, 94.81474883499652, 100.0, 0.001, 100.0, 42.97554158472942, 100.0, 100.0, 0.001]
[0.001, 1.0, 1.0, 0.9259244781885645, 0.001, 1.0, 1.0, 0.8691961743136418, 1.0, 0.001, 0.001, 0.5305200938620387, 1.0, 0.001, 1.0, 1.0, 100.0, 100.0, 100.0, 94.81474883499652, 100.0, 0.001, 100.0, 42.97554158472942, 100.0, 100.0, 0.001]
particle 3 is updating position
due to fitness value of: 
[8.686868686868685, 30.0, 1.212121212121211, 5.0, 42.474747474747474, 20.98039215686275, 10.0, 2.549019607843139, 30.0, 16.470588235294116]
which is less than: 
[8.686868686868685, 30.0, 1.212121212121211, 5.0, 42.474747474747474, 20.98039215686275, 10.0, 2.549019607843139, 30.0, 16.470588235294116]


[0.001, 1.0, 1.0, 1.0, 0.001, 0.001, 1.0, 0.001, 1.0, 0.001, 0.001, 0.8347288470155888, 1.0, 0.7909822490880997, 1.0, 0.33527786113009117, 100.0, 100.0, 100.0, 0.001, 100.0, 100.0, 100.0, 100.0, 100.0, 100.0, 29.330646185104804]
[0.001, 1.0, 1.0, 1.0, 0.001, 0.001, 1.0, 0.001, 1.0, 0.001, 0.001, 0.8347288470155888, 1.0, 0.7909822490880997, 1.0, 0.33527786113009117, 100.0, 100.0, 100.0, 0.001, 100.0, 100.0, 100.0, 100.0, 100.0, 100.0, 29.330646185104804]
particle 4 is updating position
due to fitness value of: 
[8.181818181818183, 30.0, 1.212121212121211, 41.96969696969697, 5.0, 20.98039215686275, 10.0, 2.549019607843139, 21.470588235294116, 35.0]
which is less than: 
[8.686868686868685, 30.0, 1.212121212121211, 5.0, 42.474747474747474, 20.98039215686275, 10.0, 2.549019607843139, 30.0, 16.470588235294116]


[0.001, 1.0, 0.8554360509659432, 1.0, 0.001, 0.001, 1.0, 0.001, 1.0, 0.001, 0.47645067041661116, 0.9819293021697045, 1.0, 0.5225725561247235, 1.0, 1.0, 100.0, 100.0, 96.50290406185327, 100.0, 100.0, 0.001, 89.60292537329211, 86.70040204416345, 100.0, 100.0, 13.757002996958395]
[0.001, 1.0, 0.8554360509659432, 1.0, 0.001, 0.001, 1.0, 0.001, 1.0, 0.001, 0.47645067041661116, 0.9819293021697045, 1.0, 0.5225725561247235, 1.0, 1.0, 100.0, 100.0, 96.50290406185327, 100.0, 100.0, 0.001, 89.60292537329211, 86.70040204416345, 100.0, 100.0, 13.757002996958395]
particle 10 is updating position
due to fitness value of: 
[8.686868686868685, 30.0, 1.212121212121211, 42.474747474747474, 5.0, 20.98039215686275, 10.0, 2.549019607843139, 21.470588235294116, 35.0]
which is less than: 
[8.181818181818183, 30.0, 1.212121212121211, 41.96969696969697, 5.0, 20.98039215686275, 10.0, 2.549019607843139, 21.470588235294116, 35.0]


[0.17951686648702175, 0.6063153569581484, 1.0, 1.0, 0.001, 0.001, 1.0, 1.0, 1.0, 0.001, 0.001, 1.0, 1.0, 0.617149821626498, 1.0, 0.001, 100.0, 100.0, 91.71153590375984, 0.001, 100.0, 15.771426386038783, 94.10614024609222, 100.0, 100.0, 100.0, 0.001]
[0.17951686648702175, 0.6063153569581484, 1.0, 1.0, 0.001, 0.001, 1.0, 1.0, 1.0, 0.001, 0.001, 1.0, 1.0, 0.617149821626498, 1.0, 0.001, 100.0, 100.0, 91.71153590375984, 0.001, 100.0, 15.771426386038783, 94.10614024609222, 100.0, 100.0, 100.0, 0.001]
particle 11 is updating position
due to fitness value of: 
[8.181818181818183, 30.0, 1.212121212121211, 5.0, 41.96969696969697, 20.98039215686275, 10.0, 2.549019607843139, 30.0, 16.470588235294116]
which is less than: 
[8.686868686868685, 30.0, 1.212121212121211, 42.474747474747474, 5.0, 20.98039215686275, 10.0, 2.549019607843139, 21.470588235294116, 35.0]


[0.21153430634091708, 0.8550257785918035, 1.0, 0.9579910191793466, 0.001, 0.001, 1.0, 0.18887150116011914, 1.0, 0.06552903325741716, 0.2939337073565559, 0.9717996559375668, 1.0, 0.7885181663436904, 1.0, 1.0, 100.0, 100.0, 100.0, 100.0, 100.0, 0.001, 100.0, 100.0, 100.0, 100.0, 41.022454732203386]
[0.21153430634091708, 0.8550257785918035, 1.0, 0.9579910191793466, 0.001, 0.001, 1.0, 0.18887150116011914, 1.0, 0.06552903325741716, 0.2939337073565559, 0.9717996559375668, 1.0, 0.7885181663436904, 1.0, 1.0, 100.0, 100.0, 100.0, 100.0, 100.0, 0.001, 100.0, 100.0, 100.0, 100.0, 41.022454732203386]
particle 12 is updating position
due to fitness value of: 
[8.686868686868685, 30.0, 1.212121212121211, 5.0, 42.474747474747474, 20.98039215686275, 10.0, 2.549019607843139, 30.0, 16.470588235294116]
which is less than: 
[8.181818181818183, 30.0, 1.212121212121211, 5.0, 41.96969696969697, 20.98039215686275, 10.0, 2.549019607843139, 30.0, 16.470588235294116]


[0.001, 1.0, 0.26002483583838926, 1.0, 0.001, 0.001, 0.7605488399681891, 0.001, 1.0, 0.001, 0.001, 1.0, 1.0, 0.9378055363809094, 1.0, 0.4397977145917916, 100.0, 100.0, 100.0, 0.001, 100.0, 0.001, 100.0, 100.0, 100.0, 100.0, 5.12695317924756]
[0.001, 1.0, 0.26002483583838926, 1.0, 0.001, 0.001, 0.7605488399681891, 0.001, 1.0, 0.001, 0.001, 1.0, 1.0, 0.9378055363809094, 1.0, 0.4397977145917916, 100.0, 100.0, 100.0, 0.001, 100.0, 0.001, 100.0, 100.0, 100.0, 100.0, 5.12695317924756]
particle 14 is updating position
due to fitness value of: 
[8.686868686868685, 30.0, 1.212121212121211, 5.0, 42.474747474747474, 20.98039215686275, 10.0, 2.549019607843139, 30.0, 16.470588235294116]
which is less than: 
[8.686868686868685, 30.0, 1.212121212121211, 5.0, 42.474747474747474, 20.98039215686275, 10.0, 2.549019607843139, 30.0, 16.470588235294116]


[0.001, 1.0, 0.45396781586896806, 1.0, 0.001, 0.001, 1.0, 0.25597561188227846, 1.0, 0.001, 0.001, 1.0, 1.0, 0.37441180775531563, 1.0, 0.8082732899457139, 100.0, 100.0, 100.0, 31.453392685179626, 100.0, 0.001, 100.0, 100.0, 100.0, 100.0, 20.257199713894984]
[0.001, 1.0, 0.45396781586896806, 1.0, 0.001, 0.001, 1.0, 0.25597561188227846, 1.0, 0.001, 0.001, 1.0, 1.0, 0.37441180775531563, 1.0, 0.8082732899457139, 100.0, 100.0, 100.0, 31.453392685179626, 100.0, 0.001, 100.0, 100.0, 100.0, 100.0, 20.257199713894984]
Iteration 3
Best Fitness
[8.686868686868685, 30.0, 1.212121212121211, 5.0, 42.474747474747474, 20.98039215686275, 10.0, 2.549019607843139, 30.0, 16.470588235294116]
Best Position
[0.001, 1.0, 0.45396781586896806, 1.0, 0.001, 0.001, 1.0, 0.25597561188227846, 1.0, 0.001, 0.001, 1.0, 1.0, 0.37441180775531563, 1.0, 0.8082732899457139, 100.0, 100.0, 100.0, 31.453392685179626, 100.0, 0.001, 100.0, 100.0, 100.0, 100.0, 20.257199713894984]

-------------

Current fitness of particle 0:
 [40.0, 30.0, 20.0, 5.0, 95.0, 5.0, 10.0, 20.0, 30.0, 65.0]

Current fitness of particle 1:
 [8.686868686868685, 30.0, 1.212121212121211, 4.494949494949495, 41.96969696969697, 20.98039215686275, 10.0, 2.549019607843139, 30.0, 16.470588235294116]

Current fitness of particle 2:
 [8.686868686868685, 30.0, 1.212121212121211, 5.0, 42.474747474747474, 20.98039215686275, 10.0, 2.549019607843139, 30.0, 16.470588235294116]

Current fitness of particle 3:
 [8.686868686868685, 30.0, 1.212121212121211, 5.0, 42.474747474747474, 20.98039215686275, 10.0, 2.549019607843139, 30.0, 16.470588235294116]

Current fitness of particle 4:
 [8.181818181818183, 30.0, 1.212121212121211, 41.96969696969697, 5.0, 20.98039215686275, 10.0, 2.549019607843139, 21.470588235294116, 35.0]

Current fitness of particle 5:
 [8.686868686868685, 30.0, 1.212121212121211, 5.0, 42.474747474747474, 20.98039215686275, 10.0, 2.549019607843139, 30.0, 16.470588235294116]

Current fitness of particle 6:
 [27.373737373737374, 30.0, 1.8181818181818166, 17.22222222222222, 41.96969696969697, 1.8627450980392162, 10.0, 3.8235294117647065, 4.509803921568629, 16.470588235294116]

Current fitness of particle 7:
 [40.0, 30.0, 20.0, 5.0, 95.0, 5.0, 10.0, 20.0, 30.0, 65.0]

Current fitness of particle 8:
 [38.98989898989899, 30.0, 9.8989898989899, 4.494949494949495, 83.38383838383838, 4.019607843137255, 10.0, 10.196078431372548, 30.0, 54.21568627450981]

Current fitness of particle 9:
 [8.686868686868685, 30.0, 1.212121212121211, 5.0, 42.474747474747474, 20.98039215686275, 10.0, 2.549019607843139, 30.0, 16.470588235294116]

Current fitness of particle 10:
 [8.686868686868685, 30.0, 1.212121212121211, 42.474747474747474, 5.0, 20.98039215686275, 10.0, 2.549019607843139, 21.470588235294116, 35.0]

Current fitness of particle 11:
 [8.181818181818183, 30.0, 1.212121212121211, 5.0, 41.96969696969697, 20.98039215686275, 10.0, 2.549019607843139, 30.0, 16.470588235294116]

Current fitness of particle 12:
 [8.686868686868685, 30.0, 1.212121212121211, 5.0, 42.474747474747474, 20.98039215686275, 10.0, 2.549019607843139, 30.0, 16.470588235294116]

Current fitness of particle 13:
 [38.484848484848484, 30.0, 9.8989898989899, 35.909090909090914, 42.474747474747474, 4.019607843137255, 10.0, 10.196078431372548, 7.745098039215684, 16.470588235294116]

Current fitness of particle 14:
 [8.686868686868685, 30.0, 1.212121212121211, 5.0, 42.474747474747474, 20.98039215686275, 10.0, 2.549019607843139, 30.0, 16.470588235294116]

[0.001, 1.0, 0.45396781586896806, 1.0, 0.001, 0.001, 1.0, 0.25597561188227846, 1.0, 0.001, 0.001, 1.0, 1.0, 0.37441180775531563, 1.0, 0.8082732899457139, 100.0, 100.0, 100.0, 31.453392685179626, 100.0, 0.001, 100.0, 100.0, 100.0, 100.0, 20.257199713894984]
[0.001, 1.0, 0.45396781586896806, 1.0, 0.001, 0.001, 1.0, 0.25597561188227846, 1.0, 0.001, 0.001, 1.0, 1.0, 0.37441180775531563, 1.0, 0.8082732899457139, 100.0, 100.0, 100.0, 31.453392685179626, 100.0, 0.001, 100.0, 100.0, 100.0, 100.0, 20.257199713894984]
[0.001, 1.0, 0.45396781586896806, 1.0, 0.001, 0.001, 1.0, 0.25597561188227846, 1.0, 0.001, 0.001, 1.0, 1.0, 0.37441180775531563, 1.0, 0.8082732899457139, 100.0, 100.0, 100.0, 31.453392685179626, 100.0, 0.001, 100.0, 100.0, 100.0, 100.0, 20.257199713894984]
[0.001, 1.0, 0.45396781586896806, 1.0, 0.001, 0.001, 1.0, 0.25597561188227846, 1.0, 0.001, 0.001, 1.0, 1.0, 0.37441180775531563, 1.0, 0.8082732899457139, 100.0, 100.0, 100.0, 31.453392685179626, 100.0, 0.001, 100.0, 100.0, 100.0, 100.0, 20.257199713894984]
[0.001, 1.0, 0.45396781586896806, 1.0, 0.001, 0.001, 1.0, 0.25597561188227846, 1.0, 0.001, 0.001, 1.0, 1.0, 0.37441180775531563, 1.0, 0.8082732899457139, 100.0, 100.0, 100.0, 31.453392685179626, 100.0, 0.001, 100.0, 100.0, 100.0, 100.0, 20.257199713894984]
[0.001, 1.0, 0.45396781586896806, 1.0, 0.001, 0.001, 1.0, 0.25597561188227846, 1.0, 0.001, 0.001, 1.0, 1.0, 0.37441180775531563, 1.0, 0.8082732899457139, 100.0, 100.0, 100.0, 31.453392685179626, 100.0, 0.001, 100.0, 100.0, 100.0, 100.0, 20.257199713894984]
[0.001, 1.0, 0.45396781586896806, 1.0, 0.001, 0.001, 1.0, 0.25597561188227846, 1.0, 0.001, 0.001, 1.0, 1.0, 0.37441180775531563, 1.0, 0.8082732899457139, 100.0, 100.0, 100.0, 31.453392685179626, 100.0, 0.001, 100.0, 100.0, 100.0, 100.0, 20.257199713894984]
[0.001, 1.0, 0.45396781586896806, 1.0, 0.001, 0.001, 1.0, 0.25597561188227846, 1.0, 0.001, 0.001, 1.0, 1.0, 0.37441180775531563, 1.0, 0.8082732899457139, 100.0, 100.0, 100.0, 31.453392685179626, 100.0, 0.001, 100.0, 100.0, 100.0, 100.0, 20.257199713894984]
[0.001, 1.0, 0.45396781586896806, 1.0, 0.001, 0.001, 1.0, 0.25597561188227846, 1.0, 0.001, 0.001, 1.0, 1.0, 0.37441180775531563, 1.0, 0.8082732899457139, 100.0, 100.0, 100.0, 31.453392685179626, 100.0, 0.001, 100.0, 100.0, 100.0, 100.0, 20.257199713894984]
[0.001, 1.0, 0.45396781586896806, 1.0, 0.001, 0.001, 1.0, 0.25597561188227846, 1.0, 0.001, 0.001, 1.0, 1.0, 0.37441180775531563, 1.0, 0.8082732899457139, 100.0, 100.0, 100.0, 31.453392685179626, 100.0, 0.001, 100.0, 100.0, 100.0, 100.0, 20.257199713894984]
[0.001, 1.0, 0.45396781586896806, 1.0, 0.001, 0.001, 1.0, 0.25597561188227846, 1.0, 0.001, 0.001, 1.0, 1.0, 0.37441180775531563, 1.0, 0.8082732899457139, 100.0, 100.0, 100.0, 31.453392685179626, 100.0, 0.001, 100.0, 100.0, 100.0, 100.0, 20.257199713894984]
[0.001, 1.0, 0.45396781586896806, 1.0, 0.001, 0.001, 1.0, 0.25597561188227846, 1.0, 0.001, 0.001, 1.0, 1.0, 0.37441180775531563, 1.0, 0.8082732899457139, 100.0, 100.0, 100.0, 31.453392685179626, 100.0, 0.001, 100.0, 100.0, 100.0, 100.0, 20.257199713894984]
[0.001, 1.0, 0.45396781586896806, 1.0, 0.001, 0.001, 1.0, 0.25597561188227846, 1.0, 0.001, 0.001, 1.0, 1.0, 0.37441180775531563, 1.0, 0.8082732899457139, 100.0, 100.0, 100.0, 31.453392685179626, 100.0, 0.001, 100.0, 100.0, 100.0, 100.0, 20.257199713894984]
[0.001, 1.0, 0.45396781586896806, 1.0, 0.001, 0.001, 1.0, 0.25597561188227846, 1.0, 0.001, 0.001, 1.0, 1.0, 0.37441180775531563, 1.0, 0.8082732899457139, 100.0, 100.0, 100.0, 31.453392685179626, 100.0, 0.001, 100.0, 100.0, 100.0, 100.0, 20.257199713894984]
[0.001, 1.0, 0.45396781586896806, 1.0, 0.001, 0.001, 1.0, 0.25597561188227846, 1.0, 0.001, 0.001, 1.0, 1.0, 0.37441180775531563, 1.0, 0.8082732899457139, 100.0, 100.0, 100.0, 31.453392685179626, 100.0, 0.001, 100.0, 100.0, 100.0, 100.0, 20.257199713894984]
[8.686868686868685, 30.0, 1.212121212121211, 5.0, 42.474747474747474, 20.98039215686275, 10.0, 2.549019607843139, 30.0, 16.470588235294116]
[0.001, 1.0, 0.45396781586896806, 1.0, 0.001, 0.001, 1.0, 0.25597561188227846, 1.0, 0.001, 0.001, 1.0, 1.0, 0.37441180775531563, 1.0, 0.8082732899457139, 100.0, 100.0, 100.0, 31.453392685179626, 100.0, 0.001, 100.0, 100.0, 100.0, 100.0, 20.257199713894984]
particle 1 is updating position
due to fitness value of: 
[8.686868686868685, 30.0, 1.212121212121211, 5.0, 42.474747474747474, 20.98039215686275, 10.0, 2.549019607843139, 30.0, 16.470588235294116]
which is less than: 
[8.686868686868685, 30.0, 1.212121212121211, 5.0, 42.474747474747474, 20.98039215686275, 10.0, 2.549019607843139, 30.0, 16.470588235294116]


[0.001, 1.0, 1.0, 1.0, 0.001, 0.001, 1.0, 0.001, 1.0, 0.001, 0.001, 1.0, 1.0, 1.0, 1.0, 1.0, 100.0, 100.0, 100.0, 0.001, 100.0, 0.001, 100.0, 100.0, 100.0, 100.0, 0.001]
[0.001, 1.0, 1.0, 1.0, 0.001, 0.001, 1.0, 0.001, 1.0, 0.001, 0.001, 1.0, 1.0, 1.0, 1.0, 1.0, 100.0, 100.0, 100.0, 0.001, 100.0, 0.001, 100.0, 100.0, 100.0, 100.0, 0.001]
particle 2 is updating position
due to fitness value of: 
[8.686868686868685, 30.0, 1.212121212121211, 5.0, 42.474747474747474, 20.98039215686275, 10.0, 2.549019607843139, 30.0, 16.470588235294116]
which is less than: 
[8.686868686868685, 30.0, 1.212121212121211, 5.0, 42.474747474747474, 20.98039215686275, 10.0, 2.549019607843139, 30.0, 16.470588235294116]


[0.001, 1.0, 1.0, 0.9042995628174959, 0.001, 0.001, 1.0, 0.022231181378007947, 1.0, 0.001, 0.001, 0.8868028311455627, 1.0, 0.001, 1.0, 0.9990404168468557, 100.0, 100.0, 100.0, 100.0, 100.0, 0.001, 100.0, 47.59788516647581, 100.0, 100.0, 0.001]
[0.001, 1.0, 1.0, 0.9042995628174959, 0.001, 0.001, 1.0, 0.022231181378007947, 1.0, 0.001, 0.001, 0.8868028311455627, 1.0, 0.001, 1.0, 0.9990404168468557, 100.0, 100.0, 100.0, 100.0, 100.0, 0.001, 100.0, 47.59788516647581, 100.0, 100.0, 0.001]
particle 3 is updating position
due to fitness value of: 
[8.686868686868685, 30.0, 1.212121212121211, 5.0, 42.474747474747474, 20.98039215686275, 10.0, 2.549019607843139, 30.0, 16.470588235294116]
which is less than: 
[8.686868686868685, 30.0, 1.212121212121211, 5.0, 42.474747474747474, 20.98039215686275, 10.0, 2.549019607843139, 30.0, 16.470588235294116]


[0.001, 1.0, 1.0, 1.0, 0.001, 0.001, 1.0, 0.001, 1.0, 0.001, 0.001, 0.9576836636883852, 1.0, 0.5686593561908471, 1.0, 0.47621321601271543, 100.0, 100.0, 100.0, 0.001, 100.0, 14.822486135098472, 100.0, 100.0, 100.0, 100.0, 0.001]
[0.001, 1.0, 1.0, 1.0, 0.001, 0.001, 1.0, 0.001, 1.0, 0.001, 0.001, 0.9576836636883852, 1.0, 0.5686593561908471, 1.0, 0.47621321601271543, 100.0, 100.0, 100.0, 0.001, 100.0, 14.822486135098472, 100.0, 100.0, 100.0, 100.0, 0.001]
particle 4 is updating position
due to fitness value of: 
[8.686868686868685, 30.0, 1.212121212121211, 5.0, 42.474747474747474, 20.98039215686275, 10.0, 2.549019607843139, 30.0, 16.470588235294116]
which is less than: 
[8.686868686868685, 30.0, 1.212121212121211, 5.0, 42.474747474747474, 20.98039215686275, 10.0, 2.549019607843139, 30.0, 16.470588235294116]


[0.001, 1.0, 0.6374551057998272, 1.0, 0.001, 0.001, 1.0, 0.001, 1.0, 0.001, 0.001, 0.9642610544981677, 1.0, 0.9814643575285771, 1.0, 1.0, 100.0, 100.0, 100.0, 100.0, 100.0, 0.001, 100.0, 91.79875740193424, 100.0, 100.0, 0.001]
[0.001, 1.0, 0.6374551057998272, 1.0, 0.001, 0.001, 1.0, 0.001, 1.0, 0.001, 0.001, 0.9642610544981677, 1.0, 0.9814643575285771, 1.0, 1.0, 100.0, 100.0, 100.0, 100.0, 100.0, 0.001, 100.0, 91.79875740193424, 100.0, 100.0, 0.001]
particle 5 is updating position
due to fitness value of: 
[8.686868686868685, 30.0, 1.212121212121211, 5.0, 42.474747474747474, 20.98039215686275, 10.0, 2.549019607843139, 30.0, 16.470588235294116]
which is less than: 
[8.686868686868685, 30.0, 1.212121212121211, 5.0, 42.474747474747474, 20.98039215686275, 10.0, 2.549019607843139, 30.0, 16.470588235294116]


[0.001, 1.0, 1.0, 1.0, 0.001, 0.001, 1.0, 0.001, 1.0, 0.001, 0.001, 1.0, 1.0, 1.0, 1.0, 1.0, 100.0, 100.0, 100.0, 67.42558037612396, 100.0, 0.001, 100.0, 100.0, 100.0, 100.0, 0.001]
[0.001, 1.0, 1.0, 1.0, 0.001, 0.001, 1.0, 0.001, 1.0, 0.001, 0.001, 1.0, 1.0, 1.0, 1.0, 1.0, 100.0, 100.0, 100.0, 67.42558037612396, 100.0, 0.001, 100.0, 100.0, 100.0, 100.0, 0.001]
particle 6 is updating position
due to fitness value of: 
[8.686868686868685, 30.0, 1.212121212121211, 4.494949494949495, 41.96969696969697, 20.98039215686275, 10.0, 2.549019607843139, 30.0, 16.470588235294116]
which is less than: 
[8.686868686868685, 30.0, 1.212121212121211, 5.0, 42.474747474747474, 20.98039215686275, 10.0, 2.549019607843139, 30.0, 16.470588235294116]


[0.001, 1.0, 0.11218749117798132, 1.0, 0.001, 0.001, 1.0, 0.001, 1.0, 0.001, 0.15621991269687205, 1.0, 1.0, 0.2972623647213189, 1.0, 1.0, 100.0, 100.0, 100.0, 67.73309826389624, 100.0, 0.001, 100.0, 100.0, 100.0, 100.0, 0.001]
[0.001, 1.0, 0.11218749117798132, 1.0, 0.001, 0.001, 1.0, 0.001, 1.0, 0.001, 0.15621991269687205, 1.0, 1.0, 0.2972623647213189, 1.0, 1.0, 100.0, 100.0, 100.0, 67.73309826389624, 100.0, 0.001, 100.0, 100.0, 100.0, 100.0, 0.001]
particle 9 is updating position
due to fitness value of: 
[8.686868686868685, 30.0, 1.212121212121211, 5.0, 42.474747474747474, 20.98039215686275, 10.0, 2.549019607843139, 30.0, 16.470588235294116]
which is less than: 
[8.686868686868685, 30.0, 1.212121212121211, 4.494949494949495, 41.96969696969697, 20.98039215686275, 10.0, 2.549019607843139, 30.0, 16.470588235294116]


[0.001, 1.0, 0.952768777107057, 1.0, 0.001, 0.001, 1.0, 0.001, 1.0, 0.001, 0.001, 1.0, 1.0, 0.4057343962255732, 1.0, 1.0, 100.0, 100.0, 100.0, 25.088617096622666, 100.0, 0.001, 100.0, 100.0, 100.0, 100.0, 1.4219342907595731]
[0.001, 1.0, 0.952768777107057, 1.0, 0.001, 0.001, 1.0, 0.001, 1.0, 0.001, 0.001, 1.0, 1.0, 0.4057343962255732, 1.0, 1.0, 100.0, 100.0, 100.0, 25.088617096622666, 100.0, 0.001, 100.0, 100.0, 100.0, 100.0, 1.4219342907595731]
particle 10 is updating position
due to fitness value of: 
[8.686868686868685, 30.0, 1.212121212121211, 5.0, 42.474747474747474, 20.98039215686275, 10.0, 2.549019607843139, 30.0, 16.470588235294116]
which is less than: 
[8.686868686868685, 30.0, 1.212121212121211, 5.0, 42.474747474747474, 20.98039215686275, 10.0, 2.549019607843139, 30.0, 16.470588235294116]


[0.001, 0.9108850414521198, 0.7023632289382755, 1.0, 0.001, 0.001, 1.0, 0.9746775975312554, 1.0, 0.001, 0.001, 1.0, 1.0, 0.15026703714549017, 1.0, 0.8019956742928896, 100.0, 100.0, 96.11078584452159, 6.7209602549460525, 100.0, 0.001, 97.65102862987843, 100.0, 100.0, 100.0, 10.045414979796092]
[0.001, 0.9108850414521198, 0.7023632289382755, 1.0, 0.001, 0.001, 1.0, 0.9746775975312554, 1.0, 0.001, 0.001, 1.0, 1.0, 0.15026703714549017, 1.0, 0.8019956742928896, 100.0, 100.0, 96.11078584452159, 6.7209602549460525, 100.0, 0.001, 97.65102862987843, 100.0, 100.0, 100.0, 10.045414979796092]
particle 11 is updating position
due to fitness value of: 
[8.686868686868685, 30.0, 1.212121212121211, 5.0, 42.474747474747474, 20.98039215686275, 10.0, 2.549019607843139, 30.0, 16.470588235294116]
which is less than: 
[8.686868686868685, 30.0, 1.212121212121211, 5.0, 42.474747474747474, 20.98039215686275, 10.0, 2.549019607843139, 30.0, 16.470588235294116]


[0.001, 1.0, 0.9681383569410972, 1.0, 0.001, 0.001, 1.0, 0.24003086714997907, 1.0, 0.001, 0.001, 1.0, 1.0, 0.47314541070678906, 1.0, 1.0, 100.0, 100.0, 100.0, 100.0, 100.0, 0.001, 100.0, 100.0, 100.0, 100.0, 0.001]
[0.001, 1.0, 0.9681383569410972, 1.0, 0.001, 0.001, 1.0, 0.24003086714997907, 1.0, 0.001, 0.001, 1.0, 1.0, 0.47314541070678906, 1.0, 1.0, 100.0, 100.0, 100.0, 100.0, 100.0, 0.001, 100.0, 100.0, 100.0, 100.0, 0.001]
particle 12 is updating position
due to fitness value of: 
[8.686868686868685, 30.0, 1.212121212121211, 5.0, 42.474747474747474, 20.98039215686275, 10.0, 2.549019607843139, 30.0, 16.470588235294116]
which is less than: 
[8.686868686868685, 30.0, 1.212121212121211, 5.0, 42.474747474747474, 20.98039215686275, 10.0, 2.549019607843139, 30.0, 16.470588235294116]


[0.001, 1.0, 0.38372368003409685, 1.0, 0.001, 0.001, 1.0, 0.001, 1.0, 0.001, 0.001, 1.0, 1.0, 0.2916638246039662, 1.0, 0.763853278409333, 100.0, 100.0, 100.0, 0.5959962274671492, 100.0, 0.001, 100.0, 100.0, 100.0, 100.0, 27.64302906277907]
[0.001, 1.0, 0.38372368003409685, 1.0, 0.001, 0.001, 1.0, 0.001, 1.0, 0.001, 0.001, 1.0, 1.0, 0.2916638246039662, 1.0, 0.763853278409333, 100.0, 100.0, 100.0, 0.5959962274671492, 100.0, 0.001, 100.0, 100.0, 100.0, 100.0, 27.64302906277907]
particle 13 is updating position
due to fitness value of: 
[8.686868686868685, 30.0, 1.212121212121211, 5.0, 42.474747474747474, 20.98039215686275, 10.0, 2.549019607843139, 30.0, 16.470588235294116]
which is less than: 
[8.686868686868685, 30.0, 1.212121212121211, 5.0, 42.474747474747474, 20.98039215686275, 10.0, 2.549019607843139, 30.0, 16.470588235294116]


[0.001, 0.9627449077346806, 0.8163017676855847, 1.0, 0.001, 0.001, 1.0, 0.001, 1.0, 0.001, 0.001, 1.0, 1.0, 0.6633249316098644, 1.0, 1.0, 100.0, 100.0, 100.0, 20.744932344753757, 100.0, 0.001, 100.0, 98.30392792793526, 100.0, 100.0, 0.001]
[0.001, 0.9627449077346806, 0.8163017676855847, 1.0, 0.001, 0.001, 1.0, 0.001, 1.0, 0.001, 0.001, 1.0, 1.0, 0.6633249316098644, 1.0, 1.0, 100.0, 100.0, 100.0, 20.744932344753757, 100.0, 0.001, 100.0, 98.30392792793526, 100.0, 100.0, 0.001]
particle 14 is updating position
due to fitness value of: 
[8.686868686868685, 30.0, 1.212121212121211, 5.0, 42.474747474747474, 20.98039215686275, 10.0, 2.549019607843139, 30.0, 16.470588235294116]
which is less than: 
[8.686868686868685, 30.0, 1.212121212121211, 5.0, 42.474747474747474, 20.98039215686275, 10.0, 2.549019607843139, 30.0, 16.470588235294116]


[0.001, 1.0, 0.45396781586896806, 1.0, 0.001, 0.001, 1.0, 0.25597561188227846, 1.0, 0.001, 0.001, 1.0, 1.0, 0.37441180775531563, 1.0, 0.8082732899457139, 100.0, 100.0, 100.0, 31.453392685179626, 100.0, 0.001, 100.0, 100.0, 100.0, 100.0, 20.257199713894984]
[0.001, 1.0, 0.45396781586896806, 1.0, 0.001, 0.001, 1.0, 0.25597561188227846, 1.0, 0.001, 0.001, 1.0, 1.0, 0.37441180775531563, 1.0, 0.8082732899457139, 100.0, 100.0, 100.0, 31.453392685179626, 100.0, 0.001, 100.0, 100.0, 100.0, 100.0, 20.257199713894984]
Iteration 4
Best Fitness
[8.686868686868685, 30.0, 1.212121212121211, 5.0, 42.474747474747474, 20.98039215686275, 10.0, 2.549019607843139, 30.0, 16.470588235294116]
Best Position
[0.001, 1.0, 0.45396781586896806, 1.0, 0.001, 0.001, 1.0, 0.25597561188227846, 1.0, 0.001, 0.001, 1.0, 1.0, 0.37441180775531563, 1.0, 0.8082732899457139, 100.0, 100.0, 100.0, 31.453392685179626, 100.0, 0.001, 100.0, 100.0, 100.0, 100.0, 20.257199713894984]

-------------

Current fitness of particle 0:
 [40.0, 30.0, 20.0, 5.0, 95.0, 5.0, 10.0, 20.0, 30.0, 65.0]

Current fitness of particle 1:
 [8.686868686868685, 30.0, 1.212121212121211, 5.0, 42.474747474747474, 20.98039215686275, 10.0, 2.549019607843139, 30.0, 16.470588235294116]

Current fitness of particle 2:
 [8.686868686868685, 30.0, 1.212121212121211, 5.0, 42.474747474747474, 20.98039215686275, 10.0, 2.549019607843139, 30.0, 16.470588235294116]

Current fitness of particle 3:
 [8.686868686868685, 30.0, 1.212121212121211, 5.0, 42.474747474747474, 20.98039215686275, 10.0, 2.549019607843139, 30.0, 16.470588235294116]

Current fitness of particle 4:
 [8.686868686868685, 30.0, 1.212121212121211, 5.0, 42.474747474747474, 20.98039215686275, 10.0, 2.549019607843139, 30.0, 16.470588235294116]

Current fitness of particle 5:
 [8.686868686868685, 30.0, 1.212121212121211, 5.0, 42.474747474747474, 20.98039215686275, 10.0, 2.549019607843139, 30.0, 16.470588235294116]

Current fitness of particle 6:
 [8.686868686868685, 30.0, 1.212121212121211, 4.494949494949495, 41.96969696969697, 20.98039215686275, 10.0, 2.549019607843139, 30.0, 16.470588235294116]

Current fitness of particle 7:
 [38.98989898989899, 30.0, 9.8989898989899, 17.22222222222222, 61.66666666666666, 4.019607843137255, 10.0, 10.196078431372548, 3.5294117647058805, 27.745098039215684]

Current fitness of particle 8:
 [38.484848484848484, 30.0, 9.8989898989899, 35.909090909090914, 42.474747474747474, 4.019607843137255, 10.0, 10.196078431372548, 7.745098039215684, 16.470588235294116]

Current fitness of particle 9:
 [8.686868686868685, 30.0, 1.212121212121211, 5.0, 42.474747474747474, 20.98039215686275, 10.0, 2.549019607843139, 30.0, 16.470588235294116]

Current fitness of particle 10:
 [8.686868686868685, 30.0, 1.212121212121211, 5.0, 42.474747474747474, 20.98039215686275, 10.0, 2.549019607843139, 30.0, 16.470588235294116]

Current fitness of particle 11:
 [8.686868686868685, 30.0, 1.212121212121211, 5.0, 42.474747474747474, 20.98039215686275, 10.0, 2.549019607843139, 30.0, 16.470588235294116]

Current fitness of particle 12:
 [8.686868686868685, 30.0, 1.212121212121211, 5.0, 42.474747474747474, 20.98039215686275, 10.0, 2.549019607843139, 30.0, 16.470588235294116]

Current fitness of particle 13:
 [8.686868686868685, 30.0, 1.212121212121211, 5.0, 42.474747474747474, 20.98039215686275, 10.0, 2.549019607843139, 30.0, 16.470588235294116]

Current fitness of particle 14:
 [8.686868686868685, 30.0, 1.212121212121211, 5.0, 42.474747474747474, 20.98039215686275, 10.0, 2.549019607843139, 30.0, 16.470588235294116]

[0.001, 1.0, 0.45396781586896806, 1.0, 0.001, 0.001, 1.0, 0.25597561188227846, 1.0, 0.001, 0.001, 1.0, 1.0, 0.37441180775531563, 1.0, 0.8082732899457139, 100.0, 100.0, 100.0, 31.453392685179626, 100.0, 0.001, 100.0, 100.0, 100.0, 100.0, 20.257199713894984]
[0.001, 1.0, 0.45396781586896806, 1.0, 0.001, 0.001, 1.0, 0.25597561188227846, 1.0, 0.001, 0.001, 1.0, 1.0, 0.37441180775531563, 1.0, 0.8082732899457139, 100.0, 100.0, 100.0, 31.453392685179626, 100.0, 0.001, 100.0, 100.0, 100.0, 100.0, 20.257199713894984]
[0.001, 1.0, 0.45396781586896806, 1.0, 0.001, 0.001, 1.0, 0.25597561188227846, 1.0, 0.001, 0.001, 1.0, 1.0, 0.37441180775531563, 1.0, 0.8082732899457139, 100.0, 100.0, 100.0, 31.453392685179626, 100.0, 0.001, 100.0, 100.0, 100.0, 100.0, 20.257199713894984]
[0.001, 1.0, 0.45396781586896806, 1.0, 0.001, 0.001, 1.0, 0.25597561188227846, 1.0, 0.001, 0.001, 1.0, 1.0, 0.37441180775531563, 1.0, 0.8082732899457139, 100.0, 100.0, 100.0, 31.453392685179626, 100.0, 0.001, 100.0, 100.0, 100.0, 100.0, 20.257199713894984]
[0.001, 1.0, 0.45396781586896806, 1.0, 0.001, 0.001, 1.0, 0.25597561188227846, 1.0, 0.001, 0.001, 1.0, 1.0, 0.37441180775531563, 1.0, 0.8082732899457139, 100.0, 100.0, 100.0, 31.453392685179626, 100.0, 0.001, 100.0, 100.0, 100.0, 100.0, 20.257199713894984]
[0.001, 1.0, 0.45396781586896806, 1.0, 0.001, 0.001, 1.0, 0.25597561188227846, 1.0, 0.001, 0.001, 1.0, 1.0, 0.37441180775531563, 1.0, 0.8082732899457139, 100.0, 100.0, 100.0, 31.453392685179626, 100.0, 0.001, 100.0, 100.0, 100.0, 100.0, 20.257199713894984]
[0.001, 1.0, 0.45396781586896806, 1.0, 0.001, 0.001, 1.0, 0.25597561188227846, 1.0, 0.001, 0.001, 1.0, 1.0, 0.37441180775531563, 1.0, 0.8082732899457139, 100.0, 100.0, 100.0, 31.453392685179626, 100.0, 0.001, 100.0, 100.0, 100.0, 100.0, 20.257199713894984]
[0.001, 1.0, 0.45396781586896806, 1.0, 0.001, 0.001, 1.0, 0.25597561188227846, 1.0, 0.001, 0.001, 1.0, 1.0, 0.37441180775531563, 1.0, 0.8082732899457139, 100.0, 100.0, 100.0, 31.453392685179626, 100.0, 0.001, 100.0, 100.0, 100.0, 100.0, 20.257199713894984]
[0.001, 1.0, 0.45396781586896806, 1.0, 0.001, 0.001, 1.0, 0.25597561188227846, 1.0, 0.001, 0.001, 1.0, 1.0, 0.37441180775531563, 1.0, 0.8082732899457139, 100.0, 100.0, 100.0, 31.453392685179626, 100.0, 0.001, 100.0, 100.0, 100.0, 100.0, 20.257199713894984]
[0.001, 1.0, 0.45396781586896806, 1.0, 0.001, 0.001, 1.0, 0.25597561188227846, 1.0, 0.001, 0.001, 1.0, 1.0, 0.37441180775531563, 1.0, 0.8082732899457139, 100.0, 100.0, 100.0, 31.453392685179626, 100.0, 0.001, 100.0, 100.0, 100.0, 100.0, 20.257199713894984]
[0.001, 1.0, 0.45396781586896806, 1.0, 0.001, 0.001, 1.0, 0.25597561188227846, 1.0, 0.001, 0.001, 1.0, 1.0, 0.37441180775531563, 1.0, 0.8082732899457139, 100.0, 100.0, 100.0, 31.453392685179626, 100.0, 0.001, 100.0, 100.0, 100.0, 100.0, 20.257199713894984]
[0.001, 1.0, 0.45396781586896806, 1.0, 0.001, 0.001, 1.0, 0.25597561188227846, 1.0, 0.001, 0.001, 1.0, 1.0, 0.37441180775531563, 1.0, 0.8082732899457139, 100.0, 100.0, 100.0, 31.453392685179626, 100.0, 0.001, 100.0, 100.0, 100.0, 100.0, 20.257199713894984]
[0.001, 1.0, 0.45396781586896806, 1.0, 0.001, 0.001, 1.0, 0.25597561188227846, 1.0, 0.001, 0.001, 1.0, 1.0, 0.37441180775531563, 1.0, 0.8082732899457139, 100.0, 100.0, 100.0, 31.453392685179626, 100.0, 0.001, 100.0, 100.0, 100.0, 100.0, 20.257199713894984]
[0.001, 1.0, 0.45396781586896806, 1.0, 0.001, 0.001, 1.0, 0.25597561188227846, 1.0, 0.001, 0.001, 1.0, 1.0, 0.37441180775531563, 1.0, 0.8082732899457139, 100.0, 100.0, 100.0, 31.453392685179626, 100.0, 0.001, 100.0, 100.0, 100.0, 100.0, 20.257199713894984]
[0.001, 1.0, 0.45396781586896806, 1.0, 0.001, 0.001, 1.0, 0.25597561188227846, 1.0, 0.001, 0.001, 1.0, 1.0, 0.37441180775531563, 1.0, 0.8082732899457139, 100.0, 100.0, 100.0, 31.453392685179626, 100.0, 0.001, 100.0, 100.0, 100.0, 100.0, 20.257199713894984]
[8.686868686868685, 30.0, 1.212121212121211, 5.0, 42.474747474747474, 20.98039215686275, 10.0, 2.549019607843139, 30.0, 16.470588235294116]
[0.001, 1.0, 0.45396781586896806, 1.0, 0.001, 0.001, 1.0, 0.25597561188227846, 1.0, 0.001, 0.001, 1.0, 1.0, 0.37441180775531563, 1.0, 0.8082732899457139, 100.0, 100.0, 100.0, 31.453392685179626, 100.0, 0.001, 100.0, 100.0, 100.0, 100.0, 20.257199713894984]
