particle 0 is updating position
due to fitness value of: 
[40.0, 30.0, 20.0, 2.6923076923076925, 87.3076923076923, 5.0, 10.0, 3.3333333333333357, 30.0, 48.33333333333334]
which is less than: 
null


[0.7034636286456657, 0.49393031305973156, 0.4553946880437303, 0.5446117568816817, 0.12369290887983486, 0.8809550190564439, 0.706340230630494, 0.22902623977322156, 0.8003664910250678, 0.6248746199778652, 0.4323550310337565, 0.050365014250020046, 0.8109809618399131, 0.3204650974136145, 0.4741462563926464, 0.02902404602823261, 97.0, 91.0, 83.0, 87.0, 77.0, 22.0, 71.0, 66.0, 87.0, 55.0, 90.0]
[0.7034636286456657, 0.49393031305973156, 0.4553946880437303, 0.5446117568816817, 0.12369290887983486, 0.8809550190564439, 0.706340230630494, 0.22902623977322156, 0.8003664910250678, 0.6248746199778652, 0.4323550310337565, 0.050365014250020046, 0.8109809618399131, 0.3204650974136145, 0.4741462563926464, 0.02902404602823261, 97.0, 91.0, 83.0, 87.0, 77.0, 22.0, 71.0, 66.0, 87.0, 55.0, 90.0]
particle 1 is updating position
due to fitness value of: 
[40.0, 30.0, 20.0, 5.0, 95.0, 5.0, 10.0, 3.3333333333333357, 30.0, 48.33333333333334]
which is less than: 
[40.0, 30.0, 20.0, 2.6923076923076925, 87.3076923076923, 5.0, 10.0, 3.3333333333333357, 30.0, 48.33333333333334]


[0.22915798284565514, 0.4266335468242517, 0.4565661668589428, 0.8583076509558254, 0.06578532145534877, 0.9356993763225433, 0.8053379318478162, 0.5068143522531123, 0.9231813718379038, 0.723408707307907, 0.06563509403328238, 0.5975534120346155, 0.6235169872898724, 0.04234928960951578, 0.6084056103732411, 0.3298070955303991, 39.0, 59.0, 13.0, 59.0, 66.0, 22.0, 29.0, 24.0, 9.0, 67.0, 13.0]
[0.22915798284565514, 0.4266335468242517, 0.4565661668589428, 0.8583076509558254, 0.06578532145534877, 0.9356993763225433, 0.8053379318478162, 0.5068143522531123, 0.9231813718379038, 0.723408707307907, 0.06563509403328238, 0.5975534120346155, 0.6235169872898724, 0.04234928960951578, 0.6084056103732411, 0.3298070955303991, 39.0, 59.0, 13.0, 59.0, 66.0, 22.0, 29.0, 24.0, 9.0, 67.0, 13.0]
particle 2 is updating position
due to fitness value of: 
[40.0, 30.0, 20.0, 5.0, 95.0, 5.0, 10.0, 20.0, 30.0, 65.0]
which is less than: 
[40.0, 30.0, 20.0, 5.0, 95.0, 5.0, 10.0, 3.3333333333333357, 30.0, 48.33333333333334]


[0.6503677818040303, 0.658329183993323, 0.3349158280890683, 0.7985318696590274, 0.05760440858200744, 0.3483033605427449, 0.2845848296407443, 0.050318238138732485, 0.7500565273647998, 0.05883156221401131, 0.08646118042995454, 0.09062358713374707, 0.3558962174174426, 0.30170277028432524, 0.11742163874532396, 0.95266443016403, 7.0, 59.0, 13.0, 81.0, 18.0, 13.0, 16.0, 66.0, 4.0, 8.0, 19.0]
[0.6503677818040303, 0.658329183993323, 0.3349158280890683, 0.7985318696590274, 0.05760440858200744, 0.3483033605427449, 0.2845848296407443, 0.050318238138732485, 0.7500565273647998, 0.05883156221401131, 0.08646118042995454, 0.09062358713374707, 0.3558962174174426, 0.30170277028432524, 0.11742163874532396, 0.95266443016403, 7.0, 59.0, 13.0, 81.0, 18.0, 13.0, 16.0, 66.0, 4.0, 8.0, 19.0]
particle 3 is updating position
due to fitness value of: 
[9.23076923076923, 14.615384615384615, 20.0, 5.0, 48.84615384615385, 28.33333333333333, 10.0, 20.0, 30.0, 31.666666666666657]
which is less than: 
[40.0, 30.0, 20.0, 5.0, 95.0, 5.0, 10.0, 20.0, 30.0, 65.0]


[0.19199971008419514, 0.7415510371053435, 0.5924161694795282, 0.5977504047896981, 0.5614455666695733, 0.819563339912017, 0.12455674595864197, 0.00229963067893868, 0.5312744384917878, 0.07686044730097641, 0.37905514117781425, 0.40731602697735847, 0.0703162159538534, 0.6006805070363223, 0.7652474005717769, 0.9107506655954464, 27.0, 54.0, 94.0, 38.0, 61.0, 88.0, 13.0, 43.0, 4.0, 29.0, 74.0]
[0.19199971008419514, 0.7415510371053435, 0.5924161694795282, 0.5977504047896981, 0.5614455666695733, 0.819563339912017, 0.12455674595864197, 0.00229963067893868, 0.5312744384917878, 0.07686044730097641, 0.37905514117781425, 0.40731602697735847, 0.0703162159538534, 0.6006805070363223, 0.7652474005717769, 0.9107506655954464, 27.0, 54.0, 94.0, 38.0, 61.0, 88.0, 13.0, 43.0, 4.0, 29.0, 74.0]
particle 6 is updating position
due to fitness value of: 
[9.23076923076923, 30.0, 4.615384615384615, 48.84615384615385, 5.0, 28.33333333333333, 10.0, 13.333333333333329, 3.3333333333333286, 35.0]
which is less than: 
[9.23076923076923, 14.615384615384615, 20.0, 5.0, 48.84615384615385, 28.33333333333333, 10.0, 20.0, 30.0, 31.666666666666657]


[0.7379724470508139, 0.8917918457257644, 0.8989008663025916, 0.33059895033328046, 0.44813670224938595, 0.5977177505253125, 0.9785426314598831, 0.17993323663114869, 0.5589947909190024, 0.19891633361734418, 0.9758568265211148, 0.0610120051280415, 0.9011363217381724, 0.5283541793741284, 0.6370123046345036, 0.6857028335440739, 82.0, 8.0, 82.0, 83.0, 14.0, 4.0, 36.0, 70.0, 10.0, 100.0, 20.0]
[0.7379724470508139, 0.8917918457257644, 0.8989008663025916, 0.33059895033328046, 0.44813670224938595, 0.5977177505253125, 0.9785426314598831, 0.17993323663114869, 0.5589947909190024, 0.19891633361734418, 0.9758568265211148, 0.0610120051280415, 0.9011363217381724, 0.5283541793741284, 0.6370123046345036, 0.6857028335440739, 82.0, 8.0, 82.0, 83.0, 14.0, 4.0, 36.0, 70.0, 10.0, 100.0, 20.0]
Iteration 0
Best Fitness
[9.23076923076923, 30.0, 4.615384615384615, 48.84615384615385, 5.0, 28.33333333333333, 10.0, 13.333333333333329, 3.3333333333333286, 35.0]
Best Position
[0.7379724470508139, 0.8917918457257644, 0.8989008663025916, 0.33059895033328046, 0.44813670224938595, 0.5977177505253125, 0.9785426314598831, 0.17993323663114869, 0.5589947909190024, 0.19891633361734418, 0.9758568265211148, 0.0610120051280415, 0.9011363217381724, 0.5283541793741284, 0.6370123046345036, 0.6857028335440739, 82.0, 8.0, 82.0, 83.0, 14.0, 4.0, 36.0, 70.0, 10.0, 100.0, 20.0]

-------------

Current fitness of particle 0:
 [40.0, 30.0, 20.0, 2.6923076923076925, 87.3076923076923, 5.0, 10.0, 3.3333333333333357, 30.0, 48.33333333333334]

Current fitness of particle 1:
 [40.0, 30.0, 20.0, 5.0, 95.0, 5.0, 10.0, 3.3333333333333357, 30.0, 48.33333333333334]

Current fitness of particle 2:
 [40.0, 30.0, 20.0, 5.0, 95.0, 5.0, 10.0, 20.0, 30.0, 65.0]

Current fitness of particle 3:
 [9.23076923076923, 14.615384615384615, 20.0, 5.0, 48.84615384615385, 28.33333333333333, 10.0, 20.0, 30.0, 31.666666666666657]

Current fitness of particle 4:
 [40.0, 30.0, 20.0, 10.384615384615385, 79.61538461538461, 5.0, 10.0, 3.3333333333333357, 30.0, 48.33333333333334]

Current fitness of particle 5:
 [40.0, 30.0, 12.307692307692307, 5.0, 87.3076923076923, 5.0, 10.0, 3.3333333333333357, 30.0, 48.33333333333334]

Current fitness of particle 6:
 [9.23076923076923, 30.0, 4.615384615384615, 48.84615384615385, 5.0, 28.33333333333333, 10.0, 13.333333333333329, 3.3333333333333286, 35.0]

Current fitness of particle 7:
 [40.0, 30.0, 20.0, 5.0, 95.0, 5.0, 10.0, 3.3333333333333357, 30.0, 48.33333333333334]

Current fitness of particle 8:
 [24.615384615384613, 30.0, 20.0, 5.0, 79.61538461538461, 11.666666666666664, 10.0, 3.3333333333333357, 30.0, 31.666666666666657]

Current fitness of particle 9:
 [40.0, 30.0, 20.0, 2.6923076923076925, 87.3076923076923, 5.0, 10.0, 20.0, 13.333333333333336, 48.33333333333334]

Current fitness of particle 10:
 [36.923076923076934, 30.0, 3.0769230769230766, 5.0, 5.0, 61.66666666666666, 10.0, 13.333333333333329, 30.0, 35.0]

Current fitness of particle 11:
 [40.0, 30.0, 20.0, 2.6923076923076925, 87.3076923076923, 5.0, 10.0, 3.3333333333333357, 30.0, 48.33333333333334]

Current fitness of particle 12:
 [24.615384615384613, 30.0, 20.0, 2.6923076923076925, 71.92307692307693, 11.666666666666664, 10.0, 3.3333333333333357, 30.0, 31.666666666666657]

Current fitness of particle 13:
 [40.0, 30.0, 20.0, 5.0, 95.0, 5.0, 6.666666666666664, 20.0, 30.0, 48.33333333333334]

Current fitness of particle 14:
 [40.0, 30.0, 20.0, 5.0, 95.0, 5.0, 10.0, 20.0, 30.0, 65.0]

[0.7379724470508139, 0.8917918457257644, 0.8989008663025916, 0.33059895033328046, 0.44813670224938595, 0.5977177505253125, 0.9785426314598831, 0.17993323663114869, 0.5589947909190024, 0.19891633361734418, 0.9758568265211148, 0.0610120051280415, 0.9011363217381724, 0.5283541793741284, 0.6370123046345036, 0.6857028335440739, 82.0, 8.0, 82.0, 83.0, 14.0, 4.0, 36.0, 70.0, 10.0, 100.0, 20.0]
[0.7379724470508139, 0.8917918457257644, 0.8989008663025916, 0.33059895033328046, 0.44813670224938595, 0.5977177505253125, 0.9785426314598831, 0.17993323663114869, 0.5589947909190024, 0.19891633361734418, 0.9758568265211148, 0.0610120051280415, 0.9011363217381724, 0.5283541793741284, 0.6370123046345036, 0.6857028335440739, 82.0, 8.0, 82.0, 83.0, 14.0, 4.0, 36.0, 70.0, 10.0, 100.0, 20.0]
[0.7379724470508139, 0.8917918457257644, 0.8989008663025916, 0.33059895033328046, 0.44813670224938595, 0.5977177505253125, 0.9785426314598831, 0.17993323663114869, 0.5589947909190024, 0.19891633361734418, 0.9758568265211148, 0.0610120051280415, 0.9011363217381724, 0.5283541793741284, 0.6370123046345036, 0.6857028335440739, 82.0, 8.0, 82.0, 83.0, 14.0, 4.0, 36.0, 70.0, 10.0, 100.0, 20.0]
[0.7379724470508139, 0.8917918457257644, 0.8989008663025916, 0.33059895033328046, 0.44813670224938595, 0.5977177505253125, 0.9785426314598831, 0.17993323663114869, 0.5589947909190024, 0.19891633361734418, 0.9758568265211148, 0.0610120051280415, 0.9011363217381724, 0.5283541793741284, 0.6370123046345036, 0.6857028335440739, 82.0, 8.0, 82.0, 83.0, 14.0, 4.0, 36.0, 70.0, 10.0, 100.0, 20.0]
[0.7379724470508139, 0.8917918457257644, 0.8989008663025916, 0.33059895033328046, 0.44813670224938595, 0.5977177505253125, 0.9785426314598831, 0.17993323663114869, 0.5589947909190024, 0.19891633361734418, 0.9758568265211148, 0.0610120051280415, 0.9011363217381724, 0.5283541793741284, 0.6370123046345036, 0.6857028335440739, 82.0, 8.0, 82.0, 83.0, 14.0, 4.0, 36.0, 70.0, 10.0, 100.0, 20.0]
[0.7379724470508139, 0.8917918457257644, 0.8989008663025916, 0.33059895033328046, 0.44813670224938595, 0.5977177505253125, 0.9785426314598831, 0.17993323663114869, 0.5589947909190024, 0.19891633361734418, 0.9758568265211148, 0.0610120051280415, 0.9011363217381724, 0.5283541793741284, 0.6370123046345036, 0.6857028335440739, 82.0, 8.0, 82.0, 83.0, 14.0, 4.0, 36.0, 70.0, 10.0, 100.0, 20.0]
[0.7379724470508139, 0.8917918457257644, 0.8989008663025916, 0.33059895033328046, 0.44813670224938595, 0.5977177505253125, 0.9785426314598831, 0.17993323663114869, 0.5589947909190024, 0.19891633361734418, 0.9758568265211148, 0.0610120051280415, 0.9011363217381724, 0.5283541793741284, 0.6370123046345036, 0.6857028335440739, 82.0, 8.0, 82.0, 83.0, 14.0, 4.0, 36.0, 70.0, 10.0, 100.0, 20.0]
[0.7379724470508139, 0.8917918457257644, 0.8989008663025916, 0.33059895033328046, 0.44813670224938595, 0.5977177505253125, 0.9785426314598831, 0.17993323663114869, 0.5589947909190024, 0.19891633361734418, 0.9758568265211148, 0.0610120051280415, 0.9011363217381724, 0.5283541793741284, 0.6370123046345036, 0.6857028335440739, 82.0, 8.0, 82.0, 83.0, 14.0, 4.0, 36.0, 70.0, 10.0, 100.0, 20.0]
[0.7379724470508139, 0.8917918457257644, 0.8989008663025916, 0.33059895033328046, 0.44813670224938595, 0.5977177505253125, 0.9785426314598831, 0.17993323663114869, 0.5589947909190024, 0.19891633361734418, 0.9758568265211148, 0.0610120051280415, 0.9011363217381724, 0.5283541793741284, 0.6370123046345036, 0.6857028335440739, 82.0, 8.0, 82.0, 83.0, 14.0, 4.0, 36.0, 70.0, 10.0, 100.0, 20.0]
[0.7379724470508139, 0.8917918457257644, 0.8989008663025916, 0.33059895033328046, 0.44813670224938595, 0.5977177505253125, 0.9785426314598831, 0.17993323663114869, 0.5589947909190024, 0.19891633361734418, 0.9758568265211148, 0.0610120051280415, 0.9011363217381724, 0.5283541793741284, 0.6370123046345036, 0.6857028335440739, 82.0, 8.0, 82.0, 83.0, 14.0, 4.0, 36.0, 70.0, 10.0, 100.0, 20.0]
[0.7379724470508139, 0.8917918457257644, 0.8989008663025916, 0.33059895033328046, 0.44813670224938595, 0.5977177505253125, 0.9785426314598831, 0.17993323663114869, 0.5589947909190024, 0.19891633361734418, 0.9758568265211148, 0.0610120051280415, 0.9011363217381724, 0.5283541793741284, 0.6370123046345036, 0.6857028335440739, 82.0, 8.0, 82.0, 83.0, 14.0, 4.0, 36.0, 70.0, 10.0, 100.0, 20.0]
[0.7379724470508139, 0.8917918457257644, 0.8989008663025916, 0.33059895033328046, 0.44813670224938595, 0.5977177505253125, 0.9785426314598831, 0.17993323663114869, 0.5589947909190024, 0.19891633361734418, 0.9758568265211148, 0.0610120051280415, 0.9011363217381724, 0.5283541793741284, 0.6370123046345036, 0.6857028335440739, 82.0, 8.0, 82.0, 83.0, 14.0, 4.0, 36.0, 70.0, 10.0, 100.0, 20.0]
[0.7379724470508139, 0.8917918457257644, 0.8989008663025916, 0.33059895033328046, 0.44813670224938595, 0.5977177505253125, 0.9785426314598831, 0.17993323663114869, 0.5589947909190024, 0.19891633361734418, 0.9758568265211148, 0.0610120051280415, 0.9011363217381724, 0.5283541793741284, 0.6370123046345036, 0.6857028335440739, 82.0, 8.0, 82.0, 83.0, 14.0, 4.0, 36.0, 70.0, 10.0, 100.0, 20.0]
[0.7379724470508139, 0.8917918457257644, 0.8989008663025916, 0.33059895033328046, 0.44813670224938595, 0.5977177505253125, 0.9785426314598831, 0.17993323663114869, 0.5589947909190024, 0.19891633361734418, 0.9758568265211148, 0.0610120051280415, 0.9011363217381724, 0.5283541793741284, 0.6370123046345036, 0.6857028335440739, 82.0, 8.0, 82.0, 83.0, 14.0, 4.0, 36.0, 70.0, 10.0, 100.0, 20.0]
[0.7379724470508139, 0.8917918457257644, 0.8989008663025916, 0.33059895033328046, 0.44813670224938595, 0.5977177505253125, 0.9785426314598831, 0.17993323663114869, 0.5589947909190024, 0.19891633361734418, 0.9758568265211148, 0.0610120051280415, 0.9011363217381724, 0.5283541793741284, 0.6370123046345036, 0.6857028335440739, 82.0, 8.0, 82.0, 83.0, 14.0, 4.0, 36.0, 70.0, 10.0, 100.0, 20.0]
[9.23076923076923, 30.0, 4.615384615384615, 48.84615384615385, 5.0, 28.33333333333333, 10.0, 13.333333333333329, 3.3333333333333286, 35.0]
[0.7379724470508139, 0.8917918457257644, 0.8989008663025916, 0.33059895033328046, 0.44813670224938595, 0.5977177505253125, 0.9785426314598831, 0.17993323663114869, 0.5589947909190024, 0.19891633361734418, 0.9758568265211148, 0.0610120051280415, 0.9011363217381724, 0.5283541793741284, 0.6370123046345036, 0.6857028335440739, 82.0, 8.0, 82.0, 83.0, 14.0, 4.0, 36.0, 70.0, 10.0, 100.0, 20.0]
particle 6 is updating position
due to fitness value of: 
[9.23076923076923, 30.0, 4.615384615384615, 48.84615384615385, 5.0, 28.33333333333333, 10.0, 13.333333333333329, 3.3333333333333286, 35.0]
which is less than: 
[9.23076923076923, 30.0, 4.615384615384615, 48.84615384615385, 5.0, 28.33333333333333, 10.0, 13.333333333333329, 3.3333333333333286, 35.0]


[0.7379724470508139, 0.8917918457257644, 0.8989008663025916, 0.33059895033328046, 0.44813670224938595, 0.5977177505253125, 0.9785426314598831, 0.17993323663114869, 0.5589947909190024, 0.19891633361734418, 0.9758568265211148, 0.0610120051280415, 0.9011363217381724, 0.5283541793741284, 0.6370123046345036, 0.6857028335440739, 82.0, 8.0, 82.0, 83.0, 14.0, 4.0, 36.0, 70.0, 10.0, 100.0, 20.0]
[0.7379724470508139, 0.8917918457257644, 0.8989008663025916, 0.33059895033328046, 0.44813670224938595, 0.5977177505253125, 0.9785426314598831, 0.17993323663114869, 0.5589947909190024, 0.19891633361734418, 0.9758568265211148, 0.0610120051280415, 0.9011363217381724, 0.5283541793741284, 0.6370123046345036, 0.6857028335440739, 82.0, 8.0, 82.0, 83.0, 14.0, 4.0, 36.0, 70.0, 10.0, 100.0, 20.0]
Iteration 1
Best Fitness
[9.23076923076923, 30.0, 4.615384615384615, 48.84615384615385, 5.0, 28.33333333333333, 10.0, 13.333333333333329, 3.3333333333333286, 35.0]
Best Position
[0.7379724470508139, 0.8917918457257644, 0.8989008663025916, 0.33059895033328046, 0.44813670224938595, 0.5977177505253125, 0.9785426314598831, 0.17993323663114869, 0.5589947909190024, 0.19891633361734418, 0.9758568265211148, 0.0610120051280415, 0.9011363217381724, 0.5283541793741284, 0.6370123046345036, 0.6857028335440739, 82.0, 8.0, 82.0, 83.0, 14.0, 4.0, 36.0, 70.0, 10.0, 100.0, 20.0]

-------------

Current fitness of particle 0:
 [40.0, 30.0, 20.0, 10.384615384615385, 79.61538461538461, 5.0, 10.0, 3.3333333333333357, 13.333333333333336, 31.666666666666657]

Current fitness of particle 1:
 [40.0, 30.0, 20.0, 71.92307692307693, 18.076923076923077, 5.0, 10.0, 3.3333333333333357, 36.66666666666666, 18.333333333333336]

Current fitness of particle 2:
 [40.0, 30.0, 20.0, 5.0, 95.0, 5.0, 10.0, 20.0, 30.0, 65.0]

Current fitness of particle 3:
 [40.0, 30.0, 20.0, 2.6923076923076925, 87.3076923076923, 5.0, 10.0, 3.3333333333333357, 30.0, 48.33333333333334]

Current fitness of particle 4:
 [40.0, 30.0, 20.0, 10.384615384615385, 79.61538461538461, 5.0, 10.0, 20.0, 3.3333333333333286, 31.666666666666657]

Current fitness of particle 5:
 [40.0, 30.0, 20.0, 2.6923076923076925, 87.3076923076923, 5.0, 10.0, 3.3333333333333357, 30.0, 48.33333333333334]

Current fitness of particle 6:
 [9.23076923076923, 30.0, 4.615384615384615, 48.84615384615385, 5.0, 28.33333333333333, 10.0, 13.333333333333329, 3.3333333333333286, 35.0]

Current fitness of particle 7:
 [40.0, 30.0, 20.0, 5.0, 95.0, 5.0, 10.0, 3.3333333333333357, 30.0, 48.33333333333334]

Current fitness of particle 8:
 [40.0, 30.0, 20.0, 5.0, 95.0, 5.0, 10.0, 20.0, 30.0, 65.0]

Current fitness of particle 9:
 [24.615384615384613, 30.0, 20.0, 79.61538461538461, 5.0, 11.666666666666664, 10.0, 3.3333333333333357, 36.66666666666666, 35.0]

Current fitness of particle 10:
 [40.0, 30.0, 20.0, 5.0, 95.0, 5.0, 10.0, 20.0, 30.0, 65.0]

Current fitness of particle 11:
 [40.0, 30.0, 20.0, 5.0, 95.0, 5.0, 10.0, 20.0, 30.0, 65.0]

Current fitness of particle 12:
 [40.0, 30.0, 20.0, 5.0, 95.0, 5.0, 10.0, 20.0, 30.0, 65.0]

Current fitness of particle 13:
 [40.0, 30.0, 20.0, 5.0, 95.0, 5.0, 10.0, 20.0, 30.0, 65.0]

Current fitness of particle 14:
 [40.0, 30.0, 20.0, 5.0, 95.0, 5.0, 10.0, 3.3333333333333357, 30.0, 48.33333333333334]

[0.7379724470508139, 0.8917918457257644, 0.8989008663025916, 0.33059895033328046, 0.44813670224938595, 0.5977177505253125, 0.9785426314598831, 0.17993323663114869, 0.5589947909190024, 0.19891633361734418, 0.9758568265211148, 0.0610120051280415, 0.9011363217381724, 0.5283541793741284, 0.6370123046345036, 0.6857028335440739, 82.0, 8.0, 82.0, 83.0, 14.0, 4.0, 36.0, 70.0, 10.0, 100.0, 20.0]
[0.7379724470508139, 0.8917918457257644, 0.8989008663025916, 0.33059895033328046, 0.44813670224938595, 0.5977177505253125, 0.9785426314598831, 0.17993323663114869, 0.5589947909190024, 0.19891633361734418, 0.9758568265211148, 0.0610120051280415, 0.9011363217381724, 0.5283541793741284, 0.6370123046345036, 0.6857028335440739, 82.0, 8.0, 82.0, 83.0, 14.0, 4.0, 36.0, 70.0, 10.0, 100.0, 20.0]
[0.7379724470508139, 0.8917918457257644, 0.8989008663025916, 0.33059895033328046, 0.44813670224938595, 0.5977177505253125, 0.9785426314598831, 0.17993323663114869, 0.5589947909190024, 0.19891633361734418, 0.9758568265211148, 0.0610120051280415, 0.9011363217381724, 0.5283541793741284, 0.6370123046345036, 0.6857028335440739, 82.0, 8.0, 82.0, 83.0, 14.0, 4.0, 36.0, 70.0, 10.0, 100.0, 20.0]
[0.7379724470508139, 0.8917918457257644, 0.8989008663025916, 0.33059895033328046, 0.44813670224938595, 0.5977177505253125, 0.9785426314598831, 0.17993323663114869, 0.5589947909190024, 0.19891633361734418, 0.9758568265211148, 0.0610120051280415, 0.9011363217381724, 0.5283541793741284, 0.6370123046345036, 0.6857028335440739, 82.0, 8.0, 82.0, 83.0, 14.0, 4.0, 36.0, 70.0, 10.0, 100.0, 20.0]
[0.7379724470508139, 0.8917918457257644, 0.8989008663025916, 0.33059895033328046, 0.44813670224938595, 0.5977177505253125, 0.9785426314598831, 0.17993323663114869, 0.5589947909190024, 0.19891633361734418, 0.9758568265211148, 0.0610120051280415, 0.9011363217381724, 0.5283541793741284, 0.6370123046345036, 0.6857028335440739, 82.0, 8.0, 82.0, 83.0, 14.0, 4.0, 36.0, 70.0, 10.0, 100.0, 20.0]
[0.7379724470508139, 0.8917918457257644, 0.8989008663025916, 0.33059895033328046, 0.44813670224938595, 0.5977177505253125, 0.9785426314598831, 0.17993323663114869, 0.5589947909190024, 0.19891633361734418, 0.9758568265211148, 0.0610120051280415, 0.9011363217381724, 0.5283541793741284, 0.6370123046345036, 0.6857028335440739, 82.0, 8.0, 82.0, 83.0, 14.0, 4.0, 36.0, 70.0, 10.0, 100.0, 20.0]
[0.7379724470508139, 0.8917918457257644, 0.8989008663025916, 0.33059895033328046, 0.44813670224938595, 0.5977177505253125, 0.9785426314598831, 0.17993323663114869, 0.5589947909190024, 0.19891633361734418, 0.9758568265211148, 0.0610120051280415, 0.9011363217381724, 0.5283541793741284, 0.6370123046345036, 0.6857028335440739, 82.0, 8.0, 82.0, 83.0, 14.0, 4.0, 36.0, 70.0, 10.0, 100.0, 20.0]
[0.7379724470508139, 0.8917918457257644, 0.8989008663025916, 0.33059895033328046, 0.44813670224938595, 0.5977177505253125, 0.9785426314598831, 0.17993323663114869, 0.5589947909190024, 0.19891633361734418, 0.9758568265211148, 0.0610120051280415, 0.9011363217381724, 0.5283541793741284, 0.6370123046345036, 0.6857028335440739, 82.0, 8.0, 82.0, 83.0, 14.0, 4.0, 36.0, 70.0, 10.0, 100.0, 20.0]
[0.7379724470508139, 0.8917918457257644, 0.8989008663025916, 0.33059895033328046, 0.44813670224938595, 0.5977177505253125, 0.9785426314598831, 0.17993323663114869, 0.5589947909190024, 0.19891633361734418, 0.9758568265211148, 0.0610120051280415, 0.9011363217381724, 0.5283541793741284, 0.6370123046345036, 0.6857028335440739, 82.0, 8.0, 82.0, 83.0, 14.0, 4.0, 36.0, 70.0, 10.0, 100.0, 20.0]
[0.7379724470508139, 0.8917918457257644, 0.8989008663025916, 0.33059895033328046, 0.44813670224938595, 0.5977177505253125, 0.9785426314598831, 0.17993323663114869, 0.5589947909190024, 0.19891633361734418, 0.9758568265211148, 0.0610120051280415, 0.9011363217381724, 0.5283541793741284, 0.6370123046345036, 0.6857028335440739, 82.0, 8.0, 82.0, 83.0, 14.0, 4.0, 36.0, 70.0, 10.0, 100.0, 20.0]
[0.7379724470508139, 0.8917918457257644, 0.8989008663025916, 0.33059895033328046, 0.44813670224938595, 0.5977177505253125, 0.9785426314598831, 0.17993323663114869, 0.5589947909190024, 0.19891633361734418, 0.9758568265211148, 0.0610120051280415, 0.9011363217381724, 0.5283541793741284, 0.6370123046345036, 0.6857028335440739, 82.0, 8.0, 82.0, 83.0, 14.0, 4.0, 36.0, 70.0, 10.0, 100.0, 20.0]
[0.7379724470508139, 0.8917918457257644, 0.8989008663025916, 0.33059895033328046, 0.44813670224938595, 0.5977177505253125, 0.9785426314598831, 0.17993323663114869, 0.5589947909190024, 0.19891633361734418, 0.9758568265211148, 0.0610120051280415, 0.9011363217381724, 0.5283541793741284, 0.6370123046345036, 0.6857028335440739, 82.0, 8.0, 82.0, 83.0, 14.0, 4.0, 36.0, 70.0, 10.0, 100.0, 20.0]
[0.7379724470508139, 0.8917918457257644, 0.8989008663025916, 0.33059895033328046, 0.44813670224938595, 0.5977177505253125, 0.9785426314598831, 0.17993323663114869, 0.5589947909190024, 0.19891633361734418, 0.9758568265211148, 0.0610120051280415, 0.9011363217381724, 0.5283541793741284, 0.6370123046345036, 0.6857028335440739, 82.0, 8.0, 82.0, 83.0, 14.0, 4.0, 36.0, 70.0, 10.0, 100.0, 20.0]
[0.7379724470508139, 0.8917918457257644, 0.8989008663025916, 0.33059895033328046, 0.44813670224938595, 0.5977177505253125, 0.9785426314598831, 0.17993323663114869, 0.5589947909190024, 0.19891633361734418, 0.9758568265211148, 0.0610120051280415, 0.9011363217381724, 0.5283541793741284, 0.6370123046345036, 0.6857028335440739, 82.0, 8.0, 82.0, 83.0, 14.0, 4.0, 36.0, 70.0, 10.0, 100.0, 20.0]
[0.7379724470508139, 0.8917918457257644, 0.8989008663025916, 0.33059895033328046, 0.44813670224938595, 0.5977177505253125, 0.9785426314598831, 0.17993323663114869, 0.5589947909190024, 0.19891633361734418, 0.9758568265211148, 0.0610120051280415, 0.9011363217381724, 0.5283541793741284, 0.6370123046345036, 0.6857028335440739, 82.0, 8.0, 82.0, 83.0, 14.0, 4.0, 36.0, 70.0, 10.0, 100.0, 20.0]
[9.23076923076923, 30.0, 4.615384615384615, 48.84615384615385, 5.0, 28.33333333333333, 10.0, 13.333333333333329, 3.3333333333333286, 35.0]
[0.7379724470508139, 0.8917918457257644, 0.8989008663025916, 0.33059895033328046, 0.44813670224938595, 0.5977177505253125, 0.9785426314598831, 0.17993323663114869, 0.5589947909190024, 0.19891633361734418, 0.9758568265211148, 0.0610120051280415, 0.9011363217381724, 0.5283541793741284, 0.6370123046345036, 0.6857028335440739, 82.0, 8.0, 82.0, 83.0, 14.0, 4.0, 36.0, 70.0, 10.0, 100.0, 20.0]
particle 6 is updating position
due to fitness value of: 
[9.23076923076923, 30.0, 4.615384615384615, 48.84615384615385, 5.0, 28.33333333333333, 10.0, 13.333333333333329, 3.3333333333333286, 35.0]
which is less than: 
[9.23076923076923, 30.0, 4.615384615384615, 48.84615384615385, 5.0, 28.33333333333333, 10.0, 13.333333333333329, 3.3333333333333286, 35.0]


[0.7379724470508139, 0.8917918457257644, 0.8989008663025916, 0.33059895033328046, 0.44813670224938595, 0.5977177505253125, 0.9785426314598831, 0.17993323663114869, 0.5589947909190024, 0.19891633361734418, 0.9758568265211148, 0.0610120051280415, 0.9011363217381724, 0.5283541793741284, 0.6370123046345036, 0.6857028335440739, 82.0, 8.0, 82.0, 83.0, 14.0, 4.0, 36.0, 70.0, 10.0, 100.0, 20.0]
[0.7379724470508139, 0.8917918457257644, 0.8989008663025916, 0.33059895033328046, 0.44813670224938595, 0.5977177505253125, 0.9785426314598831, 0.17993323663114869, 0.5589947909190024, 0.19891633361734418, 0.9758568265211148, 0.0610120051280415, 0.9011363217381724, 0.5283541793741284, 0.6370123046345036, 0.6857028335440739, 82.0, 8.0, 82.0, 83.0, 14.0, 4.0, 36.0, 70.0, 10.0, 100.0, 20.0]
Iteration 2
Best Fitness
[9.23076923076923, 30.0, 4.615384615384615, 48.84615384615385, 5.0, 28.33333333333333, 10.0, 13.333333333333329, 3.3333333333333286, 35.0]
Best Position
[0.7379724470508139, 0.8917918457257644, 0.8989008663025916, 0.33059895033328046, 0.44813670224938595, 0.5977177505253125, 0.9785426314598831, 0.17993323663114869, 0.5589947909190024, 0.19891633361734418, 0.9758568265211148, 0.0610120051280415, 0.9011363217381724, 0.5283541793741284, 0.6370123046345036, 0.6857028335440739, 82.0, 8.0, 82.0, 83.0, 14.0, 4.0, 36.0, 70.0, 10.0, 100.0, 20.0]

-------------

Current fitness of particle 0:
 [24.615384615384613, 30.0, 20.0, 5.0, 79.61538461538461, 11.666666666666664, 10.0, 3.3333333333333357, 30.0, 31.666666666666657]

Current fitness of particle 1:
 [40.0, 30.0, 20.0, 95.0, 5.0, 5.0, 10.0, 20.0, 70.0, 35.0]

Current fitness of particle 2:
 [40.0, 30.0, 20.0, 2.6923076923076925, 87.3076923076923, 5.0, 10.0, 20.0, 13.333333333333336, 48.33333333333334]

Current fitness of particle 3:
 [40.0, 30.0, 20.0, 5.0, 95.0, 5.0, 10.0, 20.0, 30.0, 65.0]

Current fitness of particle 4:
 [40.0, 30.0, 20.0, 95.0, 5.0, 5.0, 10.0, 3.3333333333333357, 53.33333333333334, 35.0]

Current fitness of particle 5:
 [40.0, 22.307692307692307, 20.0, 87.3076923076923, 5.0, 5.0, 10.0, 3.3333333333333357, 53.33333333333334, 35.0]

Current fitness of particle 6:
 [9.23076923076923, 30.0, 4.615384615384615, 48.84615384615385, 5.0, 28.33333333333333, 10.0, 13.333333333333329, 3.3333333333333286, 35.0]

Current fitness of particle 7:
 [40.0, 30.0, 20.0, 95.0, 5.0, 5.0, 10.0, 3.3333333333333357, 53.33333333333334, 35.0]

Current fitness of particle 8:
 [40.0, 30.0, 20.0, 5.0, 95.0, 5.0, 10.0, 20.0, 30.0, 65.0]

Current fitness of particle 9:
 [21.53846153846154, 30.0, 3.0769230769230766, 10.384615384615385, 5.0, 45.0, 10.0, 13.333333333333329, 13.333333333333336, 35.0]

Current fitness of particle 10:
 [40.0, 30.0, 20.0, 5.0, 95.0, 5.0, 10.0, 20.0, 30.0, 65.0]

Current fitness of particle 11:
 [40.0, 30.0, 20.0, 95.0, 5.0, 5.0, 10.0, 3.3333333333333357, 53.33333333333334, 35.0]

Current fitness of particle 12:
 [40.0, 30.0, 12.307692307692307, 10.384615384615385, 71.92307692307693, 5.0, 10.0, 20.0, 3.3333333333333286, 31.666666666666657]

Current fitness of particle 13:
 [40.0, 30.0, 20.0, 5.0, 95.0, 5.0, 10.0, 20.0, 30.0, 65.0]

Current fitness of particle 14:
 [40.0, 30.0, 20.0, 95.0, 5.0, 5.0, 10.0, 3.3333333333333357, 53.33333333333334, 35.0]

[0.7379724470508139, 0.8917918457257644, 0.8989008663025916, 0.33059895033328046, 0.44813670224938595, 0.5977177505253125, 0.9785426314598831, 0.17993323663114869, 0.5589947909190024, 0.19891633361734418, 0.9758568265211148, 0.0610120051280415, 0.9011363217381724, 0.5283541793741284, 0.6370123046345036, 0.6857028335440739, 82.0, 8.0, 82.0, 83.0, 14.0, 4.0, 36.0, 70.0, 10.0, 100.0, 20.0]
[0.7379724470508139, 0.8917918457257644, 0.8989008663025916, 0.33059895033328046, 0.44813670224938595, 0.5977177505253125, 0.9785426314598831, 0.17993323663114869, 0.5589947909190024, 0.19891633361734418, 0.9758568265211148, 0.0610120051280415, 0.9011363217381724, 0.5283541793741284, 0.6370123046345036, 0.6857028335440739, 82.0, 8.0, 82.0, 83.0, 14.0, 4.0, 36.0, 70.0, 10.0, 100.0, 20.0]
[0.7379724470508139, 0.8917918457257644, 0.8989008663025916, 0.33059895033328046, 0.44813670224938595, 0.5977177505253125, 0.9785426314598831, 0.17993323663114869, 0.5589947909190024, 0.19891633361734418, 0.9758568265211148, 0.0610120051280415, 0.9011363217381724, 0.5283541793741284, 0.6370123046345036, 0.6857028335440739, 82.0, 8.0, 82.0, 83.0, 14.0, 4.0, 36.0, 70.0, 10.0, 100.0, 20.0]
[0.7379724470508139, 0.8917918457257644, 0.8989008663025916, 0.33059895033328046, 0.44813670224938595, 0.5977177505253125, 0.9785426314598831, 0.17993323663114869, 0.5589947909190024, 0.19891633361734418, 0.9758568265211148, 0.0610120051280415, 0.9011363217381724, 0.5283541793741284, 0.6370123046345036, 0.6857028335440739, 82.0, 8.0, 82.0, 83.0, 14.0, 4.0, 36.0, 70.0, 10.0, 100.0, 20.0]
[0.7379724470508139, 0.8917918457257644, 0.8989008663025916, 0.33059895033328046, 0.44813670224938595, 0.5977177505253125, 0.9785426314598831, 0.17993323663114869, 0.5589947909190024, 0.19891633361734418, 0.9758568265211148, 0.0610120051280415, 0.9011363217381724, 0.5283541793741284, 0.6370123046345036, 0.6857028335440739, 82.0, 8.0, 82.0, 83.0, 14.0, 4.0, 36.0, 70.0, 10.0, 100.0, 20.0]
[0.7379724470508139, 0.8917918457257644, 0.8989008663025916, 0.33059895033328046, 0.44813670224938595, 0.5977177505253125, 0.9785426314598831, 0.17993323663114869, 0.5589947909190024, 0.19891633361734418, 0.9758568265211148, 0.0610120051280415, 0.9011363217381724, 0.5283541793741284, 0.6370123046345036, 0.6857028335440739, 82.0, 8.0, 82.0, 83.0, 14.0, 4.0, 36.0, 70.0, 10.0, 100.0, 20.0]
[0.7379724470508139, 0.8917918457257644, 0.8989008663025916, 0.33059895033328046, 0.44813670224938595, 0.5977177505253125, 0.9785426314598831, 0.17993323663114869, 0.5589947909190024, 0.19891633361734418, 0.9758568265211148, 0.0610120051280415, 0.9011363217381724, 0.5283541793741284, 0.6370123046345036, 0.6857028335440739, 82.0, 8.0, 82.0, 83.0, 14.0, 4.0, 36.0, 70.0, 10.0, 100.0, 20.0]
[0.7379724470508139, 0.8917918457257644, 0.8989008663025916, 0.33059895033328046, 0.44813670224938595, 0.5977177505253125, 0.9785426314598831, 0.17993323663114869, 0.5589947909190024, 0.19891633361734418, 0.9758568265211148, 0.0610120051280415, 0.9011363217381724, 0.5283541793741284, 0.6370123046345036, 0.6857028335440739, 82.0, 8.0, 82.0, 83.0, 14.0, 4.0, 36.0, 70.0, 10.0, 100.0, 20.0]
[0.7379724470508139, 0.8917918457257644, 0.8989008663025916, 0.33059895033328046, 0.44813670224938595, 0.5977177505253125, 0.9785426314598831, 0.17993323663114869, 0.5589947909190024, 0.19891633361734418, 0.9758568265211148, 0.0610120051280415, 0.9011363217381724, 0.5283541793741284, 0.6370123046345036, 0.6857028335440739, 82.0, 8.0, 82.0, 83.0, 14.0, 4.0, 36.0, 70.0, 10.0, 100.0, 20.0]
[0.7379724470508139, 0.8917918457257644, 0.8989008663025916, 0.33059895033328046, 0.44813670224938595, 0.5977177505253125, 0.9785426314598831, 0.17993323663114869, 0.5589947909190024, 0.19891633361734418, 0.9758568265211148, 0.0610120051280415, 0.9011363217381724, 0.5283541793741284, 0.6370123046345036, 0.6857028335440739, 82.0, 8.0, 82.0, 83.0, 14.0, 4.0, 36.0, 70.0, 10.0, 100.0, 20.0]
[0.7379724470508139, 0.8917918457257644, 0.8989008663025916, 0.33059895033328046, 0.44813670224938595, 0.5977177505253125, 0.9785426314598831, 0.17993323663114869, 0.5589947909190024, 0.19891633361734418, 0.9758568265211148, 0.0610120051280415, 0.9011363217381724, 0.5283541793741284, 0.6370123046345036, 0.6857028335440739, 82.0, 8.0, 82.0, 83.0, 14.0, 4.0, 36.0, 70.0, 10.0, 100.0, 20.0]
[0.7379724470508139, 0.8917918457257644, 0.8989008663025916, 0.33059895033328046, 0.44813670224938595, 0.5977177505253125, 0.9785426314598831, 0.17993323663114869, 0.5589947909190024, 0.19891633361734418, 0.9758568265211148, 0.0610120051280415, 0.9011363217381724, 0.5283541793741284, 0.6370123046345036, 0.6857028335440739, 82.0, 8.0, 82.0, 83.0, 14.0, 4.0, 36.0, 70.0, 10.0, 100.0, 20.0]
[0.7379724470508139, 0.8917918457257644, 0.8989008663025916, 0.33059895033328046, 0.44813670224938595, 0.5977177505253125, 0.9785426314598831, 0.17993323663114869, 0.5589947909190024, 0.19891633361734418, 0.9758568265211148, 0.0610120051280415, 0.9011363217381724, 0.5283541793741284, 0.6370123046345036, 0.6857028335440739, 82.0, 8.0, 82.0, 83.0, 14.0, 4.0, 36.0, 70.0, 10.0, 100.0, 20.0]
[0.7379724470508139, 0.8917918457257644, 0.8989008663025916, 0.33059895033328046, 0.44813670224938595, 0.5977177505253125, 0.9785426314598831, 0.17993323663114869, 0.5589947909190024, 0.19891633361734418, 0.9758568265211148, 0.0610120051280415, 0.9011363217381724, 0.5283541793741284, 0.6370123046345036, 0.6857028335440739, 82.0, 8.0, 82.0, 83.0, 14.0, 4.0, 36.0, 70.0, 10.0, 100.0, 20.0]
[0.7379724470508139, 0.8917918457257644, 0.8989008663025916, 0.33059895033328046, 0.44813670224938595, 0.5977177505253125, 0.9785426314598831, 0.17993323663114869, 0.5589947909190024, 0.19891633361734418, 0.9758568265211148, 0.0610120051280415, 0.9011363217381724, 0.5283541793741284, 0.6370123046345036, 0.6857028335440739, 82.0, 8.0, 82.0, 83.0, 14.0, 4.0, 36.0, 70.0, 10.0, 100.0, 20.0]
[9.23076923076923, 30.0, 4.615384615384615, 48.84615384615385, 5.0, 28.33333333333333, 10.0, 13.333333333333329, 3.3333333333333286, 35.0]
[0.7379724470508139, 0.8917918457257644, 0.8989008663025916, 0.33059895033328046, 0.44813670224938595, 0.5977177505253125, 0.9785426314598831, 0.17993323663114869, 0.5589947909190024, 0.19891633361734418, 0.9758568265211148, 0.0610120051280415, 0.9011363217381724, 0.5283541793741284, 0.6370123046345036, 0.6857028335440739, 82.0, 8.0, 82.0, 83.0, 14.0, 4.0, 36.0, 70.0, 10.0, 100.0, 20.0]
particle 6 is updating position
due to fitness value of: 
[9.23076923076923, 30.0, 4.615384615384615, 48.84615384615385, 5.0, 28.33333333333333, 10.0, 13.333333333333329, 3.3333333333333286, 35.0]
which is less than: 
[9.23076923076923, 30.0, 4.615384615384615, 48.84615384615385, 5.0, 28.33333333333333, 10.0, 13.333333333333329, 3.3333333333333286, 35.0]


[0.7379724470508139, 0.8917918457257644, 0.8989008663025916, 0.33059895033328046, 0.44813670224938595, 0.5977177505253125, 0.9785426314598831, 0.17993323663114869, 0.5589947909190024, 0.19891633361734418, 0.9758568265211148, 0.0610120051280415, 0.9011363217381724, 0.5283541793741284, 0.6370123046345036, 0.6857028335440739, 82.0, 8.0, 82.0, 83.0, 14.0, 4.0, 36.0, 70.0, 10.0, 100.0, 20.0]
[0.7379724470508139, 0.8917918457257644, 0.8989008663025916, 0.33059895033328046, 0.44813670224938595, 0.5977177505253125, 0.9785426314598831, 0.17993323663114869, 0.5589947909190024, 0.19891633361734418, 0.9758568265211148, 0.0610120051280415, 0.9011363217381724, 0.5283541793741284, 0.6370123046345036, 0.6857028335440739, 82.0, 8.0, 82.0, 83.0, 14.0, 4.0, 36.0, 70.0, 10.0, 100.0, 20.0]
particle 14 is updating position
due to fitness value of: 
[6.153846153846153, 30.0, 4.615384615384615, 33.46153846153847, 5.0, 61.66666666666666, 10.0, 3.3333333333333357, 13.333333333333336, 35.0]
which is less than: 
[9.23076923076923, 30.0, 4.615384615384615, 48.84615384615385, 5.0, 28.33333333333333, 10.0, 13.333333333333329, 3.3333333333333286, 35.0]


[1.0, 1.0, 1.0, 0.5251895326585669, 0.2347934777973493, 0.5184954461096363, 1.0, 0.14454645284851675, 1.0, 0.001, 1.0, 0.001, 1.0, 1.0, 1.0, 0.6662375194834038, 100.0, 9.785749240980197, 100.0, 100.0, 0.001, 0.001, 16.567386855149373, 66.69835559099424, 0.001, 100.0, 0.001]
[1.0, 1.0, 1.0, 0.5251895326585669, 0.2347934777973493, 0.5184954461096363, 1.0, 0.14454645284851675, 1.0, 0.001, 1.0, 0.001, 1.0, 1.0, 1.0, 0.6662375194834038, 100.0, 9.785749240980197, 100.0, 100.0, 0.001, 0.001, 16.567386855149373, 66.69835559099424, 0.001, 100.0, 0.001]
Iteration 3
Best Fitness
[6.153846153846153, 30.0, 4.615384615384615, 33.46153846153847, 5.0, 61.66666666666666, 10.0, 3.3333333333333357, 13.333333333333336, 35.0]
Best Position
[1.0, 1.0, 1.0, 0.5251895326585669, 0.2347934777973493, 0.5184954461096363, 1.0, 0.14454645284851675, 1.0, 0.001, 1.0, 0.001, 1.0, 1.0, 1.0, 0.6662375194834038, 100.0, 9.785749240980197, 100.0, 100.0, 0.001, 0.001, 16.567386855149373, 66.69835559099424, 0.001, 100.0, 0.001]

-------------

Current fitness of particle 0:
 [36.923076923076934, 30.0, 3.0769230769230766, 5.0, 5.0, 61.66666666666666, 10.0, 13.333333333333329, 30.0, 35.0]

Current fitness of particle 1:
 [36.923076923076934, 30.0, 3.0769230769230766, 5.0, 5.0, 61.66666666666666, 10.0, 13.333333333333329, 30.0, 35.0]

Current fitness of particle 2:
 [40.0, 30.0, 20.0, 2.6923076923076925, 87.3076923076923, 5.0, 10.0, 20.0, 30.0, 65.0]

Current fitness of particle 3:
 [40.0, 30.0, 20.0, 5.0, 95.0, 5.0, 10.0, 20.0, 30.0, 65.0]

Current fitness of particle 4:
 [40.0, 30.0, 12.307692307692307, 87.3076923076923, 5.0, 5.0, 10.0, 3.3333333333333357, 53.33333333333334, 35.0]

Current fitness of particle 5:
 [40.0, 30.0, 20.0, 95.0, 5.0, 5.0, 10.0, 3.3333333333333357, 53.33333333333334, 35.0]

Current fitness of particle 6:
 [9.23076923076923, 30.0, 4.615384615384615, 48.84615384615385, 5.0, 28.33333333333333, 10.0, 13.333333333333329, 3.3333333333333286, 35.0]

Current fitness of particle 7:
 [40.0, 30.0, 12.307692307692307, 87.3076923076923, 5.0, 5.0, 10.0, 3.3333333333333357, 53.33333333333334, 35.0]

Current fitness of particle 8:
 [40.0, 30.0, 12.307692307692307, 87.3076923076923, 5.0, 5.0, 10.0, 3.3333333333333357, 53.33333333333334, 35.0]

Current fitness of particle 9:
 [40.0, 30.0, 20.0, 10.384615384615385, 79.61538461538461, 5.0, 10.0, 3.3333333333333357, 13.333333333333336, 31.666666666666657]

Current fitness of particle 10:
 [40.0, 30.0, 20.0, 87.3076923076923, 2.6923076923076925, 5.0, 10.0, 20.0, 53.33333333333334, 18.333333333333336]

Current fitness of particle 11:
 [40.0, 30.0, 20.0, 95.0, 5.0, 5.0, 10.0, 3.3333333333333357, 53.33333333333334, 35.0]

Current fitness of particle 12:
 [40.0, 30.0, 20.0, 5.0, 95.0, 5.0, 10.0, 20.0, 30.0, 65.0]

Current fitness of particle 13:
 [24.615384615384613, 30.0, 20.0, 79.61538461538461, 5.0, 11.666666666666664, 10.0, 3.3333333333333357, 36.66666666666666, 35.0]

Current fitness of particle 14:
 [6.153846153846153, 30.0, 4.615384615384615, 33.46153846153847, 5.0, 61.66666666666666, 10.0, 3.3333333333333357, 13.333333333333336, 35.0]

[1.0, 1.0, 1.0, 0.5251895326585669, 0.2347934777973493, 0.5184954461096363, 1.0, 0.14454645284851675, 1.0, 0.001, 1.0, 0.001, 1.0, 1.0, 1.0, 0.6662375194834038, 100.0, 9.785749240980197, 100.0, 100.0, 0.001, 0.001, 16.567386855149373, 66.69835559099424, 0.001, 100.0, 0.001]
[1.0, 1.0, 1.0, 0.5251895326585669, 0.2347934777973493, 0.5184954461096363, 1.0, 0.14454645284851675, 1.0, 0.001, 1.0, 0.001, 1.0, 1.0, 1.0, 0.6662375194834038, 100.0, 9.785749240980197, 100.0, 100.0, 0.001, 0.001, 16.567386855149373, 66.69835559099424, 0.001, 100.0, 0.001]
[1.0, 1.0, 1.0, 0.5251895326585669, 0.2347934777973493, 0.5184954461096363, 1.0, 0.14454645284851675, 1.0, 0.001, 1.0, 0.001, 1.0, 1.0, 1.0, 0.6662375194834038, 100.0, 9.785749240980197, 100.0, 100.0, 0.001, 0.001, 16.567386855149373, 66.69835559099424, 0.001, 100.0, 0.001]
[1.0, 1.0, 1.0, 0.5251895326585669, 0.2347934777973493, 0.5184954461096363, 1.0, 0.14454645284851675, 1.0, 0.001, 1.0, 0.001, 1.0, 1.0, 1.0, 0.6662375194834038, 100.0, 9.785749240980197, 100.0, 100.0, 0.001, 0.001, 16.567386855149373, 66.69835559099424, 0.001, 100.0, 0.001]
[1.0, 1.0, 1.0, 0.5251895326585669, 0.2347934777973493, 0.5184954461096363, 1.0, 0.14454645284851675, 1.0, 0.001, 1.0, 0.001, 1.0, 1.0, 1.0, 0.6662375194834038, 100.0, 9.785749240980197, 100.0, 100.0, 0.001, 0.001, 16.567386855149373, 66.69835559099424, 0.001, 100.0, 0.001]
[1.0, 1.0, 1.0, 0.5251895326585669, 0.2347934777973493, 0.5184954461096363, 1.0, 0.14454645284851675, 1.0, 0.001, 1.0, 0.001, 1.0, 1.0, 1.0, 0.6662375194834038, 100.0, 9.785749240980197, 100.0, 100.0, 0.001, 0.001, 16.567386855149373, 66.69835559099424, 0.001, 100.0, 0.001]
[1.0, 1.0, 1.0, 0.5251895326585669, 0.2347934777973493, 0.5184954461096363, 1.0, 0.14454645284851675, 1.0, 0.001, 1.0, 0.001, 1.0, 1.0, 1.0, 0.6662375194834038, 100.0, 9.785749240980197, 100.0, 100.0, 0.001, 0.001, 16.567386855149373, 66.69835559099424, 0.001, 100.0, 0.001]
[1.0, 1.0, 1.0, 0.5251895326585669, 0.2347934777973493, 0.5184954461096363, 1.0, 0.14454645284851675, 1.0, 0.001, 1.0, 0.001, 1.0, 1.0, 1.0, 0.6662375194834038, 100.0, 9.785749240980197, 100.0, 100.0, 0.001, 0.001, 16.567386855149373, 66.69835559099424, 0.001, 100.0, 0.001]
[1.0, 1.0, 1.0, 0.5251895326585669, 0.2347934777973493, 0.5184954461096363, 1.0, 0.14454645284851675, 1.0, 0.001, 1.0, 0.001, 1.0, 1.0, 1.0, 0.6662375194834038, 100.0, 9.785749240980197, 100.0, 100.0, 0.001, 0.001, 16.567386855149373, 66.69835559099424, 0.001, 100.0, 0.001]
[1.0, 1.0, 1.0, 0.5251895326585669, 0.2347934777973493, 0.5184954461096363, 1.0, 0.14454645284851675, 1.0, 0.001, 1.0, 0.001, 1.0, 1.0, 1.0, 0.6662375194834038, 100.0, 9.785749240980197, 100.0, 100.0, 0.001, 0.001, 16.567386855149373, 66.69835559099424, 0.001, 100.0, 0.001]
[1.0, 1.0, 1.0, 0.5251895326585669, 0.2347934777973493, 0.5184954461096363, 1.0, 0.14454645284851675, 1.0, 0.001, 1.0, 0.001, 1.0, 1.0, 1.0, 0.6662375194834038, 100.0, 9.785749240980197, 100.0, 100.0, 0.001, 0.001, 16.567386855149373, 66.69835559099424, 0.001, 100.0, 0.001]
[1.0, 1.0, 1.0, 0.5251895326585669, 0.2347934777973493, 0.5184954461096363, 1.0, 0.14454645284851675, 1.0, 0.001, 1.0, 0.001, 1.0, 1.0, 1.0, 0.6662375194834038, 100.0, 9.785749240980197, 100.0, 100.0, 0.001, 0.001, 16.567386855149373, 66.69835559099424, 0.001, 100.0, 0.001]
[1.0, 1.0, 1.0, 0.5251895326585669, 0.2347934777973493, 0.5184954461096363, 1.0, 0.14454645284851675, 1.0, 0.001, 1.0, 0.001, 1.0, 1.0, 1.0, 0.6662375194834038, 100.0, 9.785749240980197, 100.0, 100.0, 0.001, 0.001, 16.567386855149373, 66.69835559099424, 0.001, 100.0, 0.001]
[1.0, 1.0, 1.0, 0.5251895326585669, 0.2347934777973493, 0.5184954461096363, 1.0, 0.14454645284851675, 1.0, 0.001, 1.0, 0.001, 1.0, 1.0, 1.0, 0.6662375194834038, 100.0, 9.785749240980197, 100.0, 100.0, 0.001, 0.001, 16.567386855149373, 66.69835559099424, 0.001, 100.0, 0.001]
[1.0, 1.0, 1.0, 0.5251895326585669, 0.2347934777973493, 0.5184954461096363, 1.0, 0.14454645284851675, 1.0, 0.001, 1.0, 0.001, 1.0, 1.0, 1.0, 0.6662375194834038, 100.0, 9.785749240980197, 100.0, 100.0, 0.001, 0.001, 16.567386855149373, 66.69835559099424, 0.001, 100.0, 0.001]
[6.153846153846153, 30.0, 4.615384615384615, 33.46153846153847, 5.0, 61.66666666666666, 10.0, 3.3333333333333357, 13.333333333333336, 35.0]
[1.0, 1.0, 1.0, 0.5251895326585669, 0.2347934777973493, 0.5184954461096363, 1.0, 0.14454645284851675, 1.0, 0.001, 1.0, 0.001, 1.0, 1.0, 1.0, 0.6662375194834038, 100.0, 9.785749240980197, 100.0, 100.0, 0.001, 0.001, 16.567386855149373, 66.69835559099424, 0.001, 100.0, 0.001]
particle 0 is updating position
due to fitness value of: 
[6.153846153846153, 30.0, 4.615384615384615, 33.46153846153847, 5.0, 61.66666666666666, 10.0, 3.3333333333333357, 13.333333333333336, 35.0]
which is less than: 
[6.153846153846153, 30.0, 4.615384615384615, 33.46153846153847, 5.0, 61.66666666666666, 10.0, 3.3333333333333357, 13.333333333333336, 35.0]


[0.7649997408925201, 1.0, 1.0, 0.09177514624267302, 0.22161236101296106, 0.001, 1.0, 0.001, 1.0, 0.001, 1.0, 0.001, 1.0, 1.0, 0.8082223190173754, 1.0, 100.0, 0.001, 92.98921576658103, 100.0, 0.001, 0.001, 13.114901787351279, 87.24778630639418, 0.001, 100.0, 0.001]
[0.7649997408925201, 1.0, 1.0, 0.09177514624267302, 0.22161236101296106, 0.001, 1.0, 0.001, 1.0, 0.001, 1.0, 0.001, 1.0, 1.0, 0.8082223190173754, 1.0, 100.0, 0.001, 92.98921576658103, 100.0, 0.001, 0.001, 13.114901787351279, 87.24778630639418, 0.001, 100.0, 0.001]
particle 13 is updating position
due to fitness value of: 
[6.153846153846153, 30.0, 4.615384615384615, 33.46153846153847, 5.0, 61.66666666666666, 10.0, 3.3333333333333357, 13.333333333333336, 35.0]
which is less than: 
[6.153846153846153, 30.0, 4.615384615384615, 33.46153846153847, 5.0, 61.66666666666666, 10.0, 3.3333333333333357, 13.333333333333336, 35.0]


[1.0, 1.0, 1.0, 0.36083682052302607, 0.21692642312198496, 0.05005199008443817, 1.0, 0.001, 0.6408230547683771, 0.001, 1.0, 0.001, 1.0, 0.6928706848940079, 1.0, 0.9316490739820095, 100.0, 0.001, 100.0, 100.0, 0.001, 41.73984359867268, 0.001, 83.50878363779375, 37.23236571623568, 100.0, 0.001]
[1.0, 1.0, 1.0, 0.36083682052302607, 0.21692642312198496, 0.05005199008443817, 1.0, 0.001, 0.6408230547683771, 0.001, 1.0, 0.001, 1.0, 0.6928706848940079, 1.0, 0.9316490739820095, 100.0, 0.001, 100.0, 100.0, 0.001, 41.73984359867268, 0.001, 83.50878363779375, 37.23236571623568, 100.0, 0.001]
particle 14 is updating position
due to fitness value of: 
[6.153846153846153, 30.0, 4.615384615384615, 33.46153846153847, 5.0, 61.66666666666666, 10.0, 3.3333333333333357, 13.333333333333336, 35.0]
which is less than: 
[6.153846153846153, 30.0, 4.615384615384615, 33.46153846153847, 5.0, 61.66666666666666, 10.0, 3.3333333333333357, 13.333333333333336, 35.0]


[1.0, 1.0, 1.0, 0.5251895326585669, 0.2347934777973493, 0.5184954461096363, 1.0, 0.14454645284851675, 1.0, 0.001, 1.0, 0.001, 1.0, 1.0, 1.0, 0.6662375194834038, 100.0, 9.785749240980197, 100.0, 100.0, 0.001, 0.001, 16.567386855149373, 66.69835559099424, 0.001, 100.0, 0.001]
[1.0, 1.0, 1.0, 0.5251895326585669, 0.2347934777973493, 0.5184954461096363, 1.0, 0.14454645284851675, 1.0, 0.001, 1.0, 0.001, 1.0, 1.0, 1.0, 0.6662375194834038, 100.0, 9.785749240980197, 100.0, 100.0, 0.001, 0.001, 16.567386855149373, 66.69835559099424, 0.001, 100.0, 0.001]
Iteration 4
Best Fitness
[6.153846153846153, 30.0, 4.615384615384615, 33.46153846153847, 5.0, 61.66666666666666, 10.0, 3.3333333333333357, 13.333333333333336, 35.0]
Best Position
[1.0, 1.0, 1.0, 0.5251895326585669, 0.2347934777973493, 0.5184954461096363, 1.0, 0.14454645284851675, 1.0, 0.001, 1.0, 0.001, 1.0, 1.0, 1.0, 0.6662375194834038, 100.0, 9.785749240980197, 100.0, 100.0, 0.001, 0.001, 16.567386855149373, 66.69835559099424, 0.001, 100.0, 0.001]

-------------

Current fitness of particle 0:
 [6.153846153846153, 30.0, 4.615384615384615, 33.46153846153847, 5.0, 61.66666666666666, 10.0, 3.3333333333333357, 13.333333333333336, 35.0]

Current fitness of particle 1:
 [40.0, 30.0, 20.0, 5.0, 95.0, 5.0, 10.0, 20.0, 30.0, 65.0]

Current fitness of particle 2:
 [16.923076923076923, 30.0, 12.307692307692307, 64.23076923076923, 5.0, 28.33333333333333, 10.0, 3.3333333333333357, 20.0, 35.0]

Current fitness of particle 3:
 [40.0, 30.0, 12.307692307692307, 87.3076923076923, 5.0, 5.0, 10.0, 3.3333333333333357, 53.33333333333334, 35.0]

Current fitness of particle 4:
 [40.0, 30.0, 12.307692307692307, 87.3076923076923, 5.0, 5.0, 10.0, 3.3333333333333357, 53.33333333333334, 35.0]

Current fitness of particle 5:
 [36.923076923076934, 30.0, 3.0769230769230766, 5.0, 5.0, 61.66666666666666, 10.0, 13.333333333333329, 30.0, 35.0]

Current fitness of particle 6:
 [40.0, 30.0, 20.0, 5.0, 95.0, 5.0, 10.0, 3.3333333333333357, 30.0, 48.33333333333334]

Current fitness of particle 7:
 [36.923076923076934, 30.0, 3.0769230769230766, 5.0, 5.0, 61.66666666666666, 10.0, 13.333333333333329, 30.0, 35.0]

Current fitness of particle 8:
 [40.0, 30.0, 12.307692307692307, 87.3076923076923, 5.0, 5.0, 10.0, 3.3333333333333357, 53.33333333333334, 35.0]

Current fitness of particle 9:
 [24.615384615384613, 30.0, 20.0, 48.84615384615385, 25.76923076923077, 11.666666666666664, 10.0, 3.3333333333333357, 3.3333333333333286, 1.6666666666666714]

Current fitness of particle 10:
 [36.923076923076934, 30.0, 3.0769230769230766, 5.0, 5.0, 61.66666666666666, 10.0, 13.333333333333329, 30.0, 35.0]

Current fitness of particle 11:
 [40.0, 30.0, 20.0, 95.0, 5.0, 5.0, 10.0, 3.3333333333333357, 53.33333333333334, 35.0]

Current fitness of particle 12:
 [24.615384615384613, 30.0, 20.0, 79.61538461538461, 5.0, 11.666666666666664, 10.0, 3.3333333333333357, 36.66666666666666, 35.0]

Current fitness of particle 13:
 [6.153846153846153, 30.0, 4.615384615384615, 33.46153846153847, 5.0, 61.66666666666666, 10.0, 3.3333333333333357, 13.333333333333336, 35.0]

Current fitness of particle 14:
 [6.153846153846153, 30.0, 4.615384615384615, 33.46153846153847, 5.0, 61.66666666666666, 10.0, 3.3333333333333357, 13.333333333333336, 35.0]

[1.0, 1.0, 1.0, 0.5251895326585669, 0.2347934777973493, 0.5184954461096363, 1.0, 0.14454645284851675, 1.0, 0.001, 1.0, 0.001, 1.0, 1.0, 1.0, 0.6662375194834038, 100.0, 9.785749240980197, 100.0, 100.0, 0.001, 0.001, 16.567386855149373, 66.69835559099424, 0.001, 100.0, 0.001]
[1.0, 1.0, 1.0, 0.5251895326585669, 0.2347934777973493, 0.5184954461096363, 1.0, 0.14454645284851675, 1.0, 0.001, 1.0, 0.001, 1.0, 1.0, 1.0, 0.6662375194834038, 100.0, 9.785749240980197, 100.0, 100.0, 0.001, 0.001, 16.567386855149373, 66.69835559099424, 0.001, 100.0, 0.001]
[1.0, 1.0, 1.0, 0.5251895326585669, 0.2347934777973493, 0.5184954461096363, 1.0, 0.14454645284851675, 1.0, 0.001, 1.0, 0.001, 1.0, 1.0, 1.0, 0.6662375194834038, 100.0, 9.785749240980197, 100.0, 100.0, 0.001, 0.001, 16.567386855149373, 66.69835559099424, 0.001, 100.0, 0.001]
[1.0, 1.0, 1.0, 0.5251895326585669, 0.2347934777973493, 0.5184954461096363, 1.0, 0.14454645284851675, 1.0, 0.001, 1.0, 0.001, 1.0, 1.0, 1.0, 0.6662375194834038, 100.0, 9.785749240980197, 100.0, 100.0, 0.001, 0.001, 16.567386855149373, 66.69835559099424, 0.001, 100.0, 0.001]
[1.0, 1.0, 1.0, 0.5251895326585669, 0.2347934777973493, 0.5184954461096363, 1.0, 0.14454645284851675, 1.0, 0.001, 1.0, 0.001, 1.0, 1.0, 1.0, 0.6662375194834038, 100.0, 9.785749240980197, 100.0, 100.0, 0.001, 0.001, 16.567386855149373, 66.69835559099424, 0.001, 100.0, 0.001]
[1.0, 1.0, 1.0, 0.5251895326585669, 0.2347934777973493, 0.5184954461096363, 1.0, 0.14454645284851675, 1.0, 0.001, 1.0, 0.001, 1.0, 1.0, 1.0, 0.6662375194834038, 100.0, 9.785749240980197, 100.0, 100.0, 0.001, 0.001, 16.567386855149373, 66.69835559099424, 0.001, 100.0, 0.001]
[1.0, 1.0, 1.0, 0.5251895326585669, 0.2347934777973493, 0.5184954461096363, 1.0, 0.14454645284851675, 1.0, 0.001, 1.0, 0.001, 1.0, 1.0, 1.0, 0.6662375194834038, 100.0, 9.785749240980197, 100.0, 100.0, 0.001, 0.001, 16.567386855149373, 66.69835559099424, 0.001, 100.0, 0.001]
[1.0, 1.0, 1.0, 0.5251895326585669, 0.2347934777973493, 0.5184954461096363, 1.0, 0.14454645284851675, 1.0, 0.001, 1.0, 0.001, 1.0, 1.0, 1.0, 0.6662375194834038, 100.0, 9.785749240980197, 100.0, 100.0, 0.001, 0.001, 16.567386855149373, 66.69835559099424, 0.001, 100.0, 0.001]
[1.0, 1.0, 1.0, 0.5251895326585669, 0.2347934777973493, 0.5184954461096363, 1.0, 0.14454645284851675, 1.0, 0.001, 1.0, 0.001, 1.0, 1.0, 1.0, 0.6662375194834038, 100.0, 9.785749240980197, 100.0, 100.0, 0.001, 0.001, 16.567386855149373, 66.69835559099424, 0.001, 100.0, 0.001]
[1.0, 1.0, 1.0, 0.5251895326585669, 0.2347934777973493, 0.5184954461096363, 1.0, 0.14454645284851675, 1.0, 0.001, 1.0, 0.001, 1.0, 1.0, 1.0, 0.6662375194834038, 100.0, 9.785749240980197, 100.0, 100.0, 0.001, 0.001, 16.567386855149373, 66.69835559099424, 0.001, 100.0, 0.001]
[1.0, 1.0, 1.0, 0.5251895326585669, 0.2347934777973493, 0.5184954461096363, 1.0, 0.14454645284851675, 1.0, 0.001, 1.0, 0.001, 1.0, 1.0, 1.0, 0.6662375194834038, 100.0, 9.785749240980197, 100.0, 100.0, 0.001, 0.001, 16.567386855149373, 66.69835559099424, 0.001, 100.0, 0.001]
[1.0, 1.0, 1.0, 0.5251895326585669, 0.2347934777973493, 0.5184954461096363, 1.0, 0.14454645284851675, 1.0, 0.001, 1.0, 0.001, 1.0, 1.0, 1.0, 0.6662375194834038, 100.0, 9.785749240980197, 100.0, 100.0, 0.001, 0.001, 16.567386855149373, 66.69835559099424, 0.001, 100.0, 0.001]
[1.0, 1.0, 1.0, 0.5251895326585669, 0.2347934777973493, 0.5184954461096363, 1.0, 0.14454645284851675, 1.0, 0.001, 1.0, 0.001, 1.0, 1.0, 1.0, 0.6662375194834038, 100.0, 9.785749240980197, 100.0, 100.0, 0.001, 0.001, 16.567386855149373, 66.69835559099424, 0.001, 100.0, 0.001]
[1.0, 1.0, 1.0, 0.5251895326585669, 0.2347934777973493, 0.5184954461096363, 1.0, 0.14454645284851675, 1.0, 0.001, 1.0, 0.001, 1.0, 1.0, 1.0, 0.6662375194834038, 100.0, 9.785749240980197, 100.0, 100.0, 0.001, 0.001, 16.567386855149373, 66.69835559099424, 0.001, 100.0, 0.001]
[1.0, 1.0, 1.0, 0.5251895326585669, 0.2347934777973493, 0.5184954461096363, 1.0, 0.14454645284851675, 1.0, 0.001, 1.0, 0.001, 1.0, 1.0, 1.0, 0.6662375194834038, 100.0, 9.785749240980197, 100.0, 100.0, 0.001, 0.001, 16.567386855149373, 66.69835559099424, 0.001, 100.0, 0.001]
[6.153846153846153, 30.0, 4.615384615384615, 33.46153846153847, 5.0, 61.66666666666666, 10.0, 3.3333333333333357, 13.333333333333336, 35.0]
[1.0, 1.0, 1.0, 0.5251895326585669, 0.2347934777973493, 0.5184954461096363, 1.0, 0.14454645284851675, 1.0, 0.001, 1.0, 0.001, 1.0, 1.0, 1.0, 0.6662375194834038, 100.0, 9.785749240980197, 100.0, 100.0, 0.001, 0.001, 16.567386855149373, 66.69835559099424, 0.001, 100.0, 0.001]
