particle 0 is updating position
due to fitness value of: 
[14.237288135593218, 30.0, 12.20338983050847, 5.16949152542373, 1.6101694915254239, 44.2063492063492, 10.0, 19.682539682539684, 26.825396825396826, 27.063492063492063]
which is less than: 
null


[1, 1, 1, 2, 2, 1, 1, 1, 1, 1, 1, 1, 2, 2, 2, 1, 1, 1, 3, 4, 4, 4, 4, 3, 1, 5, 1, 5, 1, 3, 5, 5, 3, 2, 2, 4, 2, 4, 5, 3, 4, 1, 1, 3, 3]
[1, 1, 1, 2, 2, 1, 1, 1, 1, 1, 1, 1, 2, 2, 2, 1, 1, 1, 3, 4, 4, 4, 4, 3, 1, 5, 1, 5, 1, 3, 5, 5, 3, 2, 2, 4, 2, 4, 5, 3, 4, 1, 1, 3, 3]
particle 3 is updating position
due to fitness value of: 
[2.711864406779661, 18.135593220338983, 20.0, 5.0, 45.847457627118644, 33.095238095238095, 2.6984126984126977, 20.0, 30.0, 14.206349206349202]
which is less than: 
[14.237288135593218, 30.0, 12.20338983050847, 5.16949152542373, 1.6101694915254239, 44.2063492063492, 10.0, 19.682539682539684, 26.825396825396826, 27.063492063492063]


[1, 1, 1, 1, 1, 2, 2, 2, 1, 1, 1, 2, 2, 2, 2, 2, 2, 2, 1, 4, 1, 2, 5, 1, 5, 2, 2, 4, 2, 3, 5, 4, 2, 1, 5, 3, 4, 4, 1, 2, 2, 5, 3, 4, 1]
[1, 1, 1, 1, 1, 2, 2, 2, 1, 1, 1, 2, 2, 2, 2, 2, 2, 2, 1, 4, 1, 2, 5, 1, 5, 2, 2, 4, 2, 3, 5, 4, 2, 1, 5, 3, 4, 4, 1, 2, 2, 5, 3, 4, 1]
Iteration 0
Best Fitness
[2.711864406779661, 18.135593220338983, 20.0, 5.0, 45.847457627118644, 33.095238095238095, 2.6984126984126977, 20.0, 30.0, 14.206349206349202]
Best Position
[1, 1, 1, 1, 1, 2, 2, 2, 1, 1, 1, 2, 2, 2, 2, 2, 2, 2, 1, 4, 1, 2, 5, 1, 5, 2, 2, 4, 2, 3, 5, 4, 2, 1, 5, 3, 4, 4, 1, 2, 2, 5, 3, 4, 1]

-------------

Current fitness of particle 0
: [14.237288135593218, 30.0, 12.20338983050847, 5.16949152542373, 1.6101694915254239, 44.2063492063492, 10.0, 19.682539682539684, 26.825396825396826, 27.063492063492063]

Current fitness of particle 1
: [36.610169491525426, 28.305084745762713, 20.0, 5.0, 89.91525423728814, 1.8253968253968256, 10.0, 20.0, 28.41269841269841, 60.23809523809523]

Current fitness of particle 2
: [21.35593220338983, 30.0, 20.0, 76.35593220338984, 5.0, 26.746031746031743, 10.0, 20.0, 38.25396825396825, 35.0]

Current fitness of particle 3
: [2.711864406779661, 18.135593220338983, 20.0, 5.0, 45.847457627118644, 33.095238095238095, 2.6984126984126977, 20.0, 30.0, 14.206349206349202]

Current fitness of particle 4
: [4.406779661016948, 30.0, 6.4406779661016955, 33.983050847457626, 6.864406779661017, 33.095238095238095, 10.0, 7.301587301587302, 4.603174603174605, 11.190476190476193]

Current fitness of particle 5
: [2.711864406779661, 28.305084745762713, 9.83050847457627, 5.0, 45.847457627118644, 37.857142857142854, 6.825396825396826, 10.476190476190476, 30.0, 9.444444444444443]

Current fitness of particle 6
: [19.32203389830508, 10.67796610169492, 20.0, 5.0, 5.0, 53.730158730158735, 31.269841269841265, 20.0, 30.0, 35.0]

Current fitness of particle 7
: [16.271186440677965, 30.0, 7.118644067796609, 44.152542372881356, 5.0, 17.22222222222222, 10.0, 8.57142857142857, 19.206349206349202, 35.0]

Current fitness of particle 8
: [12.542372881355938, 13.050847457627121, 20.0, 25.508474576271187, 5.0, 48.96825396825397, 2.6984126984126977, 20.0, 3.3333333333333286, 35.0]

Current fitness of particle 9
: [28.135593220338983, 30.0, 3.050847457627121, 66.1864406779661, 5.0, 1.3492063492063489, 10.0, 5.396825396825395, 38.25396825396825, 35.0]

Current fitness of particle 10
: [31.186440677966104, 24.915254237288135, 2.033898305084744, 5.0, 3.305084745762712, 60.079365079365076, 3.650793650793651, 6.984126984126984, 30.0, 33.41269841269841]

Current fitness of particle 11
: [19.32203389830508, 28.305084745762713, 18.983050847457626, 5.0, 5.0, 53.730158730158735, 8.412698412698413, 19.682539682539684, 30.0, 35.0]

Current fitness of particle 12
: [12.881355932203391, 30.0, 7.118644067796609, 40.76271186440678, 5.0, 17.22222222222222, 10.0, 6.984126984126984, 20.79365079365079, 35.0]

Current fitness of particle 13
: [14.576271186440678, 30.0, 20.0, 69.57627118644068, 5.0, 25.158730158730158, 10.0, 20.0, 39.841269841269835, 35.0]

Current fitness of particle 14
: [17.6271186440678, 30.0, 20.67796610169492, 5.0, 3.305084745762712, 53.730158730158735, 10.0, 21.269841269841265, 30.0, 35.0]

[1, 1, 1, 1, 1, 2, 2, 2, 1, 1, 1, 2, 2, 2, 2, 2, 2, 2, 1, 4, 1, 2, 5, 1, 5, 2, 2, 4, 2, 3, 5, 4, 2, 1, 5, 3, 4, 4, 1, 2, 2, 5, 3, 4, 1]
[1, 1, 1, 1, 1, 2, 2, 2, 1, 1, 1, 2, 2, 2, 2, 2, 2, 2, 1, 4, 1, 2, 5, 1, 5, 2, 2, 4, 2, 3, 5, 4, 2, 1, 5, 3, 4, 4, 1, 2, 2, 5, 3, 4, 1]
[1, 1, 1, 1, 1, 2, 2, 2, 1, 1, 1, 2, 2, 2, 2, 2, 2, 2, 1, 4, 1, 2, 5, 1, 5, 2, 2, 4, 2, 3, 5, 4, 2, 1, 5, 3, 4, 4, 1, 2, 2, 5, 3, 4, 1]
[1, 1, 1, 1, 1, 2, 2, 2, 1, 1, 1, 2, 2, 2, 2, 2, 2, 2, 1, 4, 1, 2, 5, 1, 5, 2, 2, 4, 2, 3, 5, 4, 2, 1, 5, 3, 4, 4, 1, 2, 2, 5, 3, 4, 1]
[1, 1, 1, 1, 1, 2, 2, 2, 1, 1, 1, 2, 2, 2, 2, 2, 2, 2, 1, 4, 1, 2, 5, 1, 5, 2, 2, 4, 2, 3, 5, 4, 2, 1, 5, 3, 4, 4, 1, 2, 2, 5, 3, 4, 1]
[1, 1, 1, 1, 1, 2, 2, 2, 1, 1, 1, 2, 2, 2, 2, 2, 2, 2, 1, 4, 1, 2, 5, 1, 5, 2, 2, 4, 2, 3, 5, 4, 2, 1, 5, 3, 4, 4, 1, 2, 2, 5, 3, 4, 1]
[1, 1, 1, 1, 1, 2, 2, 2, 1, 1, 1, 2, 2, 2, 2, 2, 2, 2, 1, 4, 1, 2, 5, 1, 5, 2, 2, 4, 2, 3, 5, 4, 2, 1, 5, 3, 4, 4, 1, 2, 2, 5, 3, 4, 1]
[1, 1, 1, 1, 1, 2, 2, 2, 1, 1, 1, 2, 2, 2, 2, 2, 2, 2, 1, 4, 1, 2, 5, 1, 5, 2, 2, 4, 2, 3, 5, 4, 2, 1, 5, 3, 4, 4, 1, 2, 2, 5, 3, 4, 1]
[1, 1, 1, 1, 1, 2, 2, 2, 1, 1, 1, 2, 2, 2, 2, 2, 2, 2, 1, 4, 1, 2, 5, 1, 5, 2, 2, 4, 2, 3, 5, 4, 2, 1, 5, 3, 4, 4, 1, 2, 2, 5, 3, 4, 1]
[1, 1, 1, 1, 1, 2, 2, 2, 1, 1, 1, 2, 2, 2, 2, 2, 2, 2, 1, 4, 1, 2, 5, 1, 5, 2, 2, 4, 2, 3, 5, 4, 2, 1, 5, 3, 4, 4, 1, 2, 2, 5, 3, 4, 1]
[1, 1, 1, 1, 1, 2, 2, 2, 1, 1, 1, 2, 2, 2, 2, 2, 2, 2, 1, 4, 1, 2, 5, 1, 5, 2, 2, 4, 2, 3, 5, 4, 2, 1, 5, 3, 4, 4, 1, 2, 2, 5, 3, 4, 1]
[1, 1, 1, 1, 1, 2, 2, 2, 1, 1, 1, 2, 2, 2, 2, 2, 2, 2, 1, 4, 1, 2, 5, 1, 5, 2, 2, 4, 2, 3, 5, 4, 2, 1, 5, 3, 4, 4, 1, 2, 2, 5, 3, 4, 1]
[1, 1, 1, 1, 1, 2, 2, 2, 1, 1, 1, 2, 2, 2, 2, 2, 2, 2, 1, 4, 1, 2, 5, 1, 5, 2, 2, 4, 2, 3, 5, 4, 2, 1, 5, 3, 4, 4, 1, 2, 2, 5, 3, 4, 1]
[1, 1, 1, 1, 1, 2, 2, 2, 1, 1, 1, 2, 2, 2, 2, 2, 2, 2, 1, 4, 1, 2, 5, 1, 5, 2, 2, 4, 2, 3, 5, 4, 2, 1, 5, 3, 4, 4, 1, 2, 2, 5, 3, 4, 1]
[1, 1, 1, 1, 1, 2, 2, 2, 1, 1, 1, 2, 2, 2, 2, 2, 2, 2, 1, 4, 1, 2, 5, 1, 5, 2, 2, 4, 2, 3, 5, 4, 2, 1, 5, 3, 4, 4, 1, 2, 2, 5, 3, 4, 1]
[2.711864406779661, 18.135593220338983, 20.0, 5.0, 45.847457627118644, 33.095238095238095, 2.6984126984126977, 20.0, 30.0, 14.206349206349202]
[1, 1, 1, 1, 1, 2, 2, 2, 1, 1, 1, 2, 2, 2, 2, 2, 2, 2, 1, 4, 1, 2, 5, 1, 5, 2, 2, 4, 2, 3, 5, 4, 2, 1, 5, 3, 4, 4, 1, 2, 2, 5, 3, 4, 1]
Iteration 1
Best Fitness
[2.711864406779661, 18.135593220338983, 20.0, 5.0, 45.847457627118644, 33.095238095238095, 2.6984126984126977, 20.0, 30.0, 14.206349206349202]
Best Position
[1, 1, 1, 1, 1, 2, 2, 2, 1, 1, 1, 2, 2, 2, 2, 2, 2, 2, 1, 4, 1, 2, 5, 1, 5, 2, 2, 4, 2, 3, 5, 4, 2, 1, 5, 3, 4, 4, 1, 2, 2, 5, 3, 4, 1]

-------------

Current fitness of particle 0
: [40.0, 30.0, 20.0, 5.0, 95.0, 5.0, 10.0, 20.0, 30.0, 65.0]

Current fitness of particle 1
: [0.6779661016949206, 16.440677966101696, 20.0, 8.559322033898304, 27.20338983050847, 42.61904761904761, 4.285714285714285, 20.0, 22.063492063492063, 4.841269841269842]

Current fitness of particle 2
: [4.406779661016948, 16.440677966101696, 20.0, 5.16949152542373, 35.67796610169492, 33.095238095238095, 2.6984126984126977, 20.0, 25.238095238095237, 9.444444444444443]

Current fitness of particle 3
: [4.406779661016948, 16.440677966101696, 20.0, 5.0, 45.847457627118644, 33.095238095238095, 2.6984126984126977, 20.0, 30.0, 14.206349206349202]

Current fitness of particle 4
: [17.966101694915256, 1.1864406779661003, 20.0, 3.305084745762712, 42.45762711864407, 9.285714285714285, 18.57142857142857, 20.0, 28.41269841269841, 20.555555555555557]

Current fitness of particle 5
: [19.32203389830508, 30.0, 20.67796610169492, 5.0, 5.0, 53.730158730158735, 10.0, 21.269841269841265, 30.0, 35.0]

Current fitness of particle 6
: [46.4406779661017, 18.135593220338983, 18.305084745762713, 5.0, 5.0, 80.71428571428571, 4.285714285714285, 20.0, 30.0, 35.0]

Current fitness of particle 7
: [1.0169491525423737, 30.0, 6.4406779661016955, 42.45762711864407, 5.0, 37.857142857142854, 10.0, 5.714285714285715, 12.857142857142854, 35.0]

Current fitness of particle 8
: [12.542372881355938, 24.915254237288135, 8.135593220338983, 6.864406779661017, 13.64406779661017, 48.96825396825397, 3.650793650793651, 13.650793650793652, 20.476190476190474, 11.190476190476193]

Current fitness of particle 9
: [19.32203389830508, 30.0, 20.67796610169492, 5.0, 5.0, 53.730158730158735, 8.412698412698413, 19.682539682539684, 30.0, 35.0]

Current fitness of particle 10
: [40.0, 30.0, 20.0, 95.0, 5.0, 5.0, 10.0, 20.0, 70.0, 35.0]

Current fitness of particle 11
: [34.91525423728814, 18.135593220338983, 18.305084745762713, 67.88135593220339, 3.4745762711864394, 0.23809523809523814, 9.047619047619047, 18.41269841269841, 36.66666666666666, 27.063492063492063]

Current fitness of particle 12
: [21.35593220338983, 30.0, 18.305084745762713, 0.08474576271186507, 69.57627118644068, 23.57142857142857, 8.412698412698413, 20.0, 22.063492063492063, 26.904761904761905]

Current fitness of particle 13
: [19.32203389830508, 5.593220338983052, 14.915254237288135, 5.0, 5.0, 53.730158730158735, 26.507936507936506, 16.825396825396826, 28.41269841269841, 35.0]

Current fitness of particle 14
: [17.6271186440678, 18.135593220338983, 20.0, 23.8135593220339, 3.305084745762712, 55.317460317460316, 3.650793650793651, 20.0, 3.3333333333333286, 35.0]

[1, 1, 1, 1, 1, 2, 2, 2, 1, 1, 1, 2, 2, 2, 2, 2, 2, 2, 1, 4, 1, 2, 5, 1, 5, 2, 2, 4, 2, 3, 5, 4, 2, 1, 5, 3, 4, 4, 1, 2, 2, 5, 3, 4, 1]
[1, 1, 1, 1, 1, 2, 2, 2, 1, 1, 1, 2, 2, 2, 2, 2, 2, 2, 1, 4, 1, 2, 5, 1, 5, 2, 2, 4, 2, 3, 5, 4, 2, 1, 5, 3, 4, 4, 1, 2, 2, 5, 3, 4, 1]
[1, 1, 1, 1, 1, 2, 2, 2, 1, 1, 1, 2, 2, 2, 2, 2, 2, 2, 1, 4, 1, 2, 5, 1, 5, 2, 2, 4, 2, 3, 5, 4, 2, 1, 5, 3, 4, 4, 1, 2, 2, 5, 3, 4, 1]
[1, 1, 1, 1, 1, 2, 2, 2, 1, 1, 1, 2, 2, 2, 2, 2, 2, 2, 1, 4, 1, 2, 5, 1, 5, 2, 2, 4, 2, 3, 5, 4, 2, 1, 5, 3, 4, 4, 1, 2, 2, 5, 3, 4, 1]
[1, 1, 1, 1, 1, 2, 2, 2, 1, 1, 1, 2, 2, 2, 2, 2, 2, 2, 1, 4, 1, 2, 5, 1, 5, 2, 2, 4, 2, 3, 5, 4, 2, 1, 5, 3, 4, 4, 1, 2, 2, 5, 3, 4, 1]
[1, 1, 1, 1, 1, 2, 2, 2, 1, 1, 1, 2, 2, 2, 2, 2, 2, 2, 1, 4, 1, 2, 5, 1, 5, 2, 2, 4, 2, 3, 5, 4, 2, 1, 5, 3, 4, 4, 1, 2, 2, 5, 3, 4, 1]
[1, 1, 1, 1, 1, 2, 2, 2, 1, 1, 1, 2, 2, 2, 2, 2, 2, 2, 1, 4, 1, 2, 5, 1, 5, 2, 2, 4, 2, 3, 5, 4, 2, 1, 5, 3, 4, 4, 1, 2, 2, 5, 3, 4, 1]
[1, 1, 1, 1, 1, 2, 2, 2, 1, 1, 1, 2, 2, 2, 2, 2, 2, 2, 1, 4, 1, 2, 5, 1, 5, 2, 2, 4, 2, 3, 5, 4, 2, 1, 5, 3, 4, 4, 1, 2, 2, 5, 3, 4, 1]
[1, 1, 1, 1, 1, 2, 2, 2, 1, 1, 1, 2, 2, 2, 2, 2, 2, 2, 1, 4, 1, 2, 5, 1, 5, 2, 2, 4, 2, 3, 5, 4, 2, 1, 5, 3, 4, 4, 1, 2, 2, 5, 3, 4, 1]
[1, 1, 1, 1, 1, 2, 2, 2, 1, 1, 1, 2, 2, 2, 2, 2, 2, 2, 1, 4, 1, 2, 5, 1, 5, 2, 2, 4, 2, 3, 5, 4, 2, 1, 5, 3, 4, 4, 1, 2, 2, 5, 3, 4, 1]
[1, 1, 1, 1, 1, 2, 2, 2, 1, 1, 1, 2, 2, 2, 2, 2, 2, 2, 1, 4, 1, 2, 5, 1, 5, 2, 2, 4, 2, 3, 5, 4, 2, 1, 5, 3, 4, 4, 1, 2, 2, 5, 3, 4, 1]
[1, 1, 1, 1, 1, 2, 2, 2, 1, 1, 1, 2, 2, 2, 2, 2, 2, 2, 1, 4, 1, 2, 5, 1, 5, 2, 2, 4, 2, 3, 5, 4, 2, 1, 5, 3, 4, 4, 1, 2, 2, 5, 3, 4, 1]
[1, 1, 1, 1, 1, 2, 2, 2, 1, 1, 1, 2, 2, 2, 2, 2, 2, 2, 1, 4, 1, 2, 5, 1, 5, 2, 2, 4, 2, 3, 5, 4, 2, 1, 5, 3, 4, 4, 1, 2, 2, 5, 3, 4, 1]
[1, 1, 1, 1, 1, 2, 2, 2, 1, 1, 1, 2, 2, 2, 2, 2, 2, 2, 1, 4, 1, 2, 5, 1, 5, 2, 2, 4, 2, 3, 5, 4, 2, 1, 5, 3, 4, 4, 1, 2, 2, 5, 3, 4, 1]
[1, 1, 1, 1, 1, 2, 2, 2, 1, 1, 1, 2, 2, 2, 2, 2, 2, 2, 1, 4, 1, 2, 5, 1, 5, 2, 2, 4, 2, 3, 5, 4, 2, 1, 5, 3, 4, 4, 1, 2, 2, 5, 3, 4, 1]
[2.711864406779661, 18.135593220338983, 20.0, 5.0, 45.847457627118644, 33.095238095238095, 2.6984126984126977, 20.0, 30.0, 14.206349206349202]
[1, 1, 1, 1, 1, 2, 2, 2, 1, 1, 1, 2, 2, 2, 2, 2, 2, 2, 1, 4, 1, 2, 5, 1, 5, 2, 2, 4, 2, 3, 5, 4, 2, 1, 5, 3, 4, 4, 1, 2, 2, 5, 3, 4, 1]
Iteration 2
Best Fitness
[2.711864406779661, 18.135593220338983, 20.0, 5.0, 45.847457627118644, 33.095238095238095, 2.6984126984126977, 20.0, 30.0, 14.206349206349202]
Best Position
[1, 1, 1, 1, 1, 2, 2, 2, 1, 1, 1, 2, 2, 2, 2, 2, 2, 2, 1, 4, 1, 2, 5, 1, 5, 2, 2, 4, 2, 3, 5, 4, 2, 1, 5, 3, 4, 4, 1, 2, 2, 5, 3, 4, 1]

-------------

Current fitness of particle 0
: [34.91525423728814, 28.305084745762713, 20.0, 22.11864406779661, 61.10169491525424, 0.23809523809523814, 8.412698412698413, 20.0, 6.507936507936506, 22.14285714285714]

Current fitness of particle 1
: [6.101694915254242, 30.0, 6.4406779661016955, 3.4745762711864394, 39.06779661016949, 33.095238095238095, 10.0, 7.301587301587302, 22.063492063492063, 6.269841269841265]

Current fitness of particle 2
: [6.101694915254242, 30.0, 6.4406779661016955, 5.16949152542373, 37.3728813559322, 34.682539682539684, 10.0, 7.301587301587302, 23.650793650793652, 6.269841269841265]

Current fitness of particle 3
: [4.406779661016948, 18.135593220338983, 18.305084745762713, 5.0, 45.847457627118644, 33.095238095238095, 2.6984126984126977, 20.0, 30.0, 14.206349206349202]

Current fitness of particle 4
: [12.542372881355938, 13.050847457627121, 18.305084745762713, 17.033898305084744, 1.7796610169491522, 42.61904761904761, 16.984126984126984, 20.0, 15.714285714285715, 23.88888888888889]

Current fitness of particle 5
: [29.83050847457627, 30.0, 11.52542372881356, 76.35593220338984, 5.0, 2.936507936507936, 8.412698412698413, 15.238095238095237, 55.71428571428571, 35.0]

Current fitness of particle 6
: [29.491525423728817, 2.881355932203391, 16.610169491525426, 5.0, 5.0, 61.66666666666666, 16.984126984126984, 13.650793650793652, 30.0, 35.0]

Current fitness of particle 7
: [4.406779661016948, 16.440677966101696, 20.0, 5.16949152542373, 35.67796610169492, 33.095238095238095, 2.6984126984126977, 20.0, 25.238095238095237, 9.444444444444443]

Current fitness of particle 8
: [31.52542372881356, 16.440677966101696, 18.305084745762713, 59.40677966101694, 6.864406779661017, 1.8253968253968256, 16.984126984126984, 18.41269841269841, 33.49206349206349, 30.238095238095237]

Current fitness of particle 9
: [19.32203389830508, 4.576271186440678, 6.4406779661016955, 5.0, 3.305084745762712, 52.14285714285714, 5.873015873015872, 5.396825396825395, 30.0, 33.41269841269841]

Current fitness of particle 10
: [6.101694915254242, 30.0, 6.4406779661016955, 3.4745762711864394, 39.06779661016949, 33.095238095238095, 10.0, 7.301587301587302, 22.063492063492063, 6.269841269841265]

Current fitness of particle 11
: [4.067796610169488, 21.52542372881356, 20.0, 3.4745762711864394, 33.983050847457626, 55.317460317460316, 3.650793650793651, 20.0, 26.825396825396826, 4.841269841269842]

Current fitness of particle 12
: [33.22033898305085, 30.0, 3.050847457627121, 10.254237288135593, 56.016949152542374, 0.23809523809523814, 10.0, 8.57142857142857, 1.4285714285714306, 3.095238095238095]

Current fitness of particle 13
: [4.067796610169488, 30.0, 18.983050847457626, 11.949152542372879, 5.0, 23.57142857142857, 10.0, 21.269841269841265, 0.15873015873015817, 35.0]

Current fitness of particle 14
: [17.6271186440678, 30.0, 0.3389830508474603, 1.7796610169491522, 10.254237288135593, 56.904761904761905, 10.0, 7.301587301587302, 25.238095238095237, 14.365079365079367]

[1, 1, 1, 1, 1, 2, 2, 2, 1, 1, 1, 2, 2, 2, 2, 2, 2, 2, 1, 4, 1, 2, 5, 1, 5, 2, 2, 4, 2, 3, 5, 4, 2, 1, 5, 3, 4, 4, 1, 2, 2, 5, 3, 4, 1]
[1, 1, 1, 1, 1, 2, 2, 2, 1, 1, 1, 2, 2, 2, 2, 2, 2, 2, 1, 4, 1, 2, 5, 1, 5, 2, 2, 4, 2, 3, 5, 4, 2, 1, 5, 3, 4, 4, 1, 2, 2, 5, 3, 4, 1]
[1, 1, 1, 1, 1, 2, 2, 2, 1, 1, 1, 2, 2, 2, 2, 2, 2, 2, 1, 4, 1, 2, 5, 1, 5, 2, 2, 4, 2, 3, 5, 4, 2, 1, 5, 3, 4, 4, 1, 2, 2, 5, 3, 4, 1]
[1, 1, 1, 1, 1, 2, 2, 2, 1, 1, 1, 2, 2, 2, 2, 2, 2, 2, 1, 4, 1, 2, 5, 1, 5, 2, 2, 4, 2, 3, 5, 4, 2, 1, 5, 3, 4, 4, 1, 2, 2, 5, 3, 4, 1]
[1, 1, 1, 1, 1, 2, 2, 2, 1, 1, 1, 2, 2, 2, 2, 2, 2, 2, 1, 4, 1, 2, 5, 1, 5, 2, 2, 4, 2, 3, 5, 4, 2, 1, 5, 3, 4, 4, 1, 2, 2, 5, 3, 4, 1]
[1, 1, 1, 1, 1, 2, 2, 2, 1, 1, 1, 2, 2, 2, 2, 2, 2, 2, 1, 4, 1, 2, 5, 1, 5, 2, 2, 4, 2, 3, 5, 4, 2, 1, 5, 3, 4, 4, 1, 2, 2, 5, 3, 4, 1]
[1, 1, 1, 1, 1, 2, 2, 2, 1, 1, 1, 2, 2, 2, 2, 2, 2, 2, 1, 4, 1, 2, 5, 1, 5, 2, 2, 4, 2, 3, 5, 4, 2, 1, 5, 3, 4, 4, 1, 2, 2, 5, 3, 4, 1]
[1, 1, 1, 1, 1, 2, 2, 2, 1, 1, 1, 2, 2, 2, 2, 2, 2, 2, 1, 4, 1, 2, 5, 1, 5, 2, 2, 4, 2, 3, 5, 4, 2, 1, 5, 3, 4, 4, 1, 2, 2, 5, 3, 4, 1]
[1, 1, 1, 1, 1, 2, 2, 2, 1, 1, 1, 2, 2, 2, 2, 2, 2, 2, 1, 4, 1, 2, 5, 1, 5, 2, 2, 4, 2, 3, 5, 4, 2, 1, 5, 3, 4, 4, 1, 2, 2, 5, 3, 4, 1]
[1, 1, 1, 1, 1, 2, 2, 2, 1, 1, 1, 2, 2, 2, 2, 2, 2, 2, 1, 4, 1, 2, 5, 1, 5, 2, 2, 4, 2, 3, 5, 4, 2, 1, 5, 3, 4, 4, 1, 2, 2, 5, 3, 4, 1]
[1, 1, 1, 1, 1, 2, 2, 2, 1, 1, 1, 2, 2, 2, 2, 2, 2, 2, 1, 4, 1, 2, 5, 1, 5, 2, 2, 4, 2, 3, 5, 4, 2, 1, 5, 3, 4, 4, 1, 2, 2, 5, 3, 4, 1]
[1, 1, 1, 1, 1, 2, 2, 2, 1, 1, 1, 2, 2, 2, 2, 2, 2, 2, 1, 4, 1, 2, 5, 1, 5, 2, 2, 4, 2, 3, 5, 4, 2, 1, 5, 3, 4, 4, 1, 2, 2, 5, 3, 4, 1]
[1, 1, 1, 1, 1, 2, 2, 2, 1, 1, 1, 2, 2, 2, 2, 2, 2, 2, 1, 4, 1, 2, 5, 1, 5, 2, 2, 4, 2, 3, 5, 4, 2, 1, 5, 3, 4, 4, 1, 2, 2, 5, 3, 4, 1]
[1, 1, 1, 1, 1, 2, 2, 2, 1, 1, 1, 2, 2, 2, 2, 2, 2, 2, 1, 4, 1, 2, 5, 1, 5, 2, 2, 4, 2, 3, 5, 4, 2, 1, 5, 3, 4, 4, 1, 2, 2, 5, 3, 4, 1]
[1, 1, 1, 1, 1, 2, 2, 2, 1, 1, 1, 2, 2, 2, 2, 2, 2, 2, 1, 4, 1, 2, 5, 1, 5, 2, 2, 4, 2, 3, 5, 4, 2, 1, 5, 3, 4, 4, 1, 2, 2, 5, 3, 4, 1]
[2.711864406779661, 18.135593220338983, 20.0, 5.0, 45.847457627118644, 33.095238095238095, 2.6984126984126977, 20.0, 30.0, 14.206349206349202]
[1, 1, 1, 1, 1, 2, 2, 2, 1, 1, 1, 2, 2, 2, 2, 2, 2, 2, 1, 4, 1, 2, 5, 1, 5, 2, 2, 4, 2, 3, 5, 4, 2, 1, 5, 3, 4, 4, 1, 2, 2, 5, 3, 4, 1]
Iteration 3
Best Fitness
[2.711864406779661, 18.135593220338983, 20.0, 5.0, 45.847457627118644, 33.095238095238095, 2.6984126984126977, 20.0, 30.0, 14.206349206349202]
Best Position
[1, 1, 1, 1, 1, 2, 2, 2, 1, 1, 1, 2, 2, 2, 2, 2, 2, 2, 1, 4, 1, 2, 5, 1, 5, 2, 2, 4, 2, 3, 5, 4, 2, 1, 5, 3, 4, 4, 1, 2, 2, 5, 3, 4, 1]

-------------

Current fitness of particle 0
: [21.35593220338983, 30.0, 20.0, 13.64406779661017, 57.71186440677966, 25.158730158730158, 10.0, 20.0, 1.7460317460317434, 3.095238095238095]

Current fitness of particle 1
: [21.35593220338983, 30.0, 20.0, 72.96610169491525, 1.6101694915254239, 26.746031746031743, 10.0, 20.0, 35.079365079365076, 31.825396825396826]

Current fitness of particle 2
: [23.05084745762712, 30.0, 20.0, 56.016949152542374, 17.033898305084744, 25.158730158730158, 10.0, 18.41269841269841, 1.7460317460317434, 1.5079365079365061]

Current fitness of particle 3
: [4.406779661016948, 18.135593220338983, 20.0, 5.0, 47.54237288135594, 33.095238095238095, 2.6984126984126977, 20.0, 30.0, 14.206349206349202]

Current fitness of particle 4
: [4.406779661016948, 26.610169491525426, 20.0, 5.0, 56.016949152542374, 50.55555555555556, 5.238095238095238, 18.41269841269841, 30.0, 3.095238095238095]

Current fitness of particle 5
: [36.610169491525426, 28.305084745762713, 20.0, 8.559322033898304, 76.35593220338984, 3.412698412698413, 10.0, 18.41269841269841, 18.88888888888889, 50.71428571428571]

Current fitness of particle 6
: [26.101694915254242, 30.0, 7.118644067796609, 1.7796610169491522, 5.0, 60.079365079365076, 8.412698412698413, 6.984126984126984, 23.650793650793652, 35.0]

Current fitness of particle 7
: [9.152542372881356, 21.52542372881356, 20.0, 3.4745762711864394, 28.898305084745758, 47.38095238095239, 9.047619047619047, 20.0, 20.476190476190474, 15.952380952380953]

Current fitness of particle 8
: [9.152542372881356, 30.0, 16.610169491525426, 5.0, 42.45762711864407, 47.38095238095239, 10.0, 13.650793650793652, 30.0, 6.269841269841265]

Current fitness of particle 9
: [15.932203389830505, 30.0, 18.305084745762713, 30.593220338983052, 1.7796610169491522, 66.42857142857143, 10.0, 20.0, 9.365079365079367, 27.063492063492063]

Current fitness of particle 10
: [2.711864406779661, 18.135593220338983, 20.0, 3.4745762711864394, 37.3728813559322, 36.269841269841265, 2.6984126984126977, 18.41269841269841, 20.476190476190474, 0.07936507936508264]

Current fitness of particle 11
: [2.711864406779661, 19.83050847457627, 16.610169491525426, 3.4745762711864394, 35.67796610169492, 36.269841269841265, 2.063492063492064, 13.650793650793652, 20.476190476190474, 0.07936507936508264]

Current fitness of particle 12
: [5.762711864406782, 24.915254237288135, 20.0, 3.4745762711864394, 35.67796610169492, 42.61904761904761, 5.238095238095238, 20.0, 22.063492063492063, 4.682539682539684]

Current fitness of particle 13
: [26.440677966101696, 30.0, 20.0, 81.4406779661017, 5.0, 21.984126984126984, 10.0, 20.0, 43.01587301587301, 35.0]

Current fitness of particle 14
: [5.762711864406782, 21.52542372881356, 18.305084745762713, 32.28813559322034, 1.7796610169491522, 45.79365079365079, 3.650793650793651, 16.825396825396826, 8.095238095238095, 33.41269841269841]

[1, 1, 1, 1, 1, 2, 2, 2, 1, 1, 1, 2, 2, 2, 2, 2, 2, 2, 1, 4, 1, 2, 5, 1, 5, 2, 2, 4, 2, 3, 5, 4, 2, 1, 5, 3, 4, 4, 1, 2, 2, 5, 3, 4, 1]
[1, 1, 1, 1, 1, 2, 2, 2, 1, 1, 1, 2, 2, 2, 2, 2, 2, 2, 1, 4, 1, 2, 5, 1, 5, 2, 2, 4, 2, 3, 5, 4, 2, 1, 5, 3, 4, 4, 1, 2, 2, 5, 3, 4, 1]
[1, 1, 1, 1, 1, 2, 2, 2, 1, 1, 1, 2, 2, 2, 2, 2, 2, 2, 1, 4, 1, 2, 5, 1, 5, 2, 2, 4, 2, 3, 5, 4, 2, 1, 5, 3, 4, 4, 1, 2, 2, 5, 3, 4, 1]
[1, 1, 1, 1, 1, 2, 2, 2, 1, 1, 1, 2, 2, 2, 2, 2, 2, 2, 1, 4, 1, 2, 5, 1, 5, 2, 2, 4, 2, 3, 5, 4, 2, 1, 5, 3, 4, 4, 1, 2, 2, 5, 3, 4, 1]
[1, 1, 1, 1, 1, 2, 2, 2, 1, 1, 1, 2, 2, 2, 2, 2, 2, 2, 1, 4, 1, 2, 5, 1, 5, 2, 2, 4, 2, 3, 5, 4, 2, 1, 5, 3, 4, 4, 1, 2, 2, 5, 3, 4, 1]
[1, 1, 1, 1, 1, 2, 2, 2, 1, 1, 1, 2, 2, 2, 2, 2, 2, 2, 1, 4, 1, 2, 5, 1, 5, 2, 2, 4, 2, 3, 5, 4, 2, 1, 5, 3, 4, 4, 1, 2, 2, 5, 3, 4, 1]
[1, 1, 1, 1, 1, 2, 2, 2, 1, 1, 1, 2, 2, 2, 2, 2, 2, 2, 1, 4, 1, 2, 5, 1, 5, 2, 2, 4, 2, 3, 5, 4, 2, 1, 5, 3, 4, 4, 1, 2, 2, 5, 3, 4, 1]
[1, 1, 1, 1, 1, 2, 2, 2, 1, 1, 1, 2, 2, 2, 2, 2, 2, 2, 1, 4, 1, 2, 5, 1, 5, 2, 2, 4, 2, 3, 5, 4, 2, 1, 5, 3, 4, 4, 1, 2, 2, 5, 3, 4, 1]
[1, 1, 1, 1, 1, 2, 2, 2, 1, 1, 1, 2, 2, 2, 2, 2, 2, 2, 1, 4, 1, 2, 5, 1, 5, 2, 2, 4, 2, 3, 5, 4, 2, 1, 5, 3, 4, 4, 1, 2, 2, 5, 3, 4, 1]
[1, 1, 1, 1, 1, 2, 2, 2, 1, 1, 1, 2, 2, 2, 2, 2, 2, 2, 1, 4, 1, 2, 5, 1, 5, 2, 2, 4, 2, 3, 5, 4, 2, 1, 5, 3, 4, 4, 1, 2, 2, 5, 3, 4, 1]
[1, 1, 1, 1, 1, 2, 2, 2, 1, 1, 1, 2, 2, 2, 2, 2, 2, 2, 1, 4, 1, 2, 5, 1, 5, 2, 2, 4, 2, 3, 5, 4, 2, 1, 5, 3, 4, 4, 1, 2, 2, 5, 3, 4, 1]
[1, 1, 1, 1, 1, 2, 2, 2, 1, 1, 1, 2, 2, 2, 2, 2, 2, 2, 1, 4, 1, 2, 5, 1, 5, 2, 2, 4, 2, 3, 5, 4, 2, 1, 5, 3, 4, 4, 1, 2, 2, 5, 3, 4, 1]
[1, 1, 1, 1, 1, 2, 2, 2, 1, 1, 1, 2, 2, 2, 2, 2, 2, 2, 1, 4, 1, 2, 5, 1, 5, 2, 2, 4, 2, 3, 5, 4, 2, 1, 5, 3, 4, 4, 1, 2, 2, 5, 3, 4, 1]
[1, 1, 1, 1, 1, 2, 2, 2, 1, 1, 1, 2, 2, 2, 2, 2, 2, 2, 1, 4, 1, 2, 5, 1, 5, 2, 2, 4, 2, 3, 5, 4, 2, 1, 5, 3, 4, 4, 1, 2, 2, 5, 3, 4, 1]
[1, 1, 1, 1, 1, 2, 2, 2, 1, 1, 1, 2, 2, 2, 2, 2, 2, 2, 1, 4, 1, 2, 5, 1, 5, 2, 2, 4, 2, 3, 5, 4, 2, 1, 5, 3, 4, 4, 1, 2, 2, 5, 3, 4, 1]
[2.711864406779661, 18.135593220338983, 20.0, 5.0, 45.847457627118644, 33.095238095238095, 2.6984126984126977, 20.0, 30.0, 14.206349206349202]
[1, 1, 1, 1, 1, 2, 2, 2, 1, 1, 1, 2, 2, 2, 2, 2, 2, 2, 1, 4, 1, 2, 5, 1, 5, 2, 2, 4, 2, 3, 5, 4, 2, 1, 5, 3, 4, 4, 1, 2, 2, 5, 3, 4, 1]
particle 13 is updating position
due to fitness value of: 
[1.0169491525423737, 30.0, 6.4406779661016955, 1.7796610169491522, 35.67796610169492, 39.44444444444444, 10.0, 5.714285714285715, 23.650793650793652, 0.07936507936508264]
which is less than: 
[2.711864406779661, 18.135593220338983, 20.0, 5.0, 45.847457627118644, 33.095238095238095, 2.6984126984126977, 20.0, 30.0, 14.206349206349202]


[1, 1, 1, 1, 1, 1, 2, 2, 1, 1, 1, 3, 2, 1, 2, 3, 1, 2, 1, 3, 1, 3, 5, 1, 5, 3, 2, 4, 3, 4, 5, 3, 1, 1, 5, 1, 5, 4, 1, 1, 2, 5, 3, 3, 1]
[1, 1, 1, 1, 1, 1, 2, 2, 1, 1, 1, 3, 2, 1, 2, 3, 1, 2, 1, 3, 1, 3, 5, 1, 5, 3, 2, 4, 3, 4, 5, 3, 1, 1, 5, 1, 5, 4, 1, 1, 2, 5, 3, 3, 1]
Iteration 4
Best Fitness
[1.0169491525423737, 30.0, 6.4406779661016955, 1.7796610169491522, 35.67796610169492, 39.44444444444444, 10.0, 5.714285714285715, 23.650793650793652, 0.07936507936508264]
Best Position
[1, 1, 1, 1, 1, 1, 2, 2, 1, 1, 1, 3, 2, 1, 2, 3, 1, 2, 1, 3, 1, 3, 5, 1, 5, 3, 2, 4, 3, 4, 5, 3, 1, 1, 5, 1, 5, 4, 1, 1, 2, 5, 3, 3, 1]

-------------

Current fitness of particle 0
: [12.542372881355938, 30.0, 20.0, 5.0, 42.45762711864407, 53.730158730158735, 10.0, 20.0, 30.0, 6.269841269841265]

Current fitness of particle 1
: [15.932203389830505, 30.0, 20.67796610169492, 5.0, 1.6101694915254239, 47.38095238095239, 10.0, 19.682539682539684, 30.0, 27.063492063492063]

Current fitness of particle 2
: [9.152542372881356, 30.0, 11.52542372881356, 5.0, 37.3728813559322, 60.079365079365076, 10.0, 13.650793650793652, 30.0, 6.428571428571431]

Current fitness of particle 3
: [4.406779661016948, 18.135593220338983, 20.0, 5.0, 47.54237288135594, 33.095238095238095, 2.6984126984126977, 20.0, 30.0, 14.206349206349202]

Current fitness of particle 4
: [10.847457627118644, 30.0, 20.0, 3.305084745762712, 42.45762711864407, 45.79365079365079, 10.0, 20.0, 28.41269841269841, 12.619047619047613]

Current fitness of particle 5
: [38.30508474576271, 30.0, 20.0, 3.305084745762712, 91.61016949152543, 5.0, 10.0, 20.0, 28.41269841269841, 63.412698412698404]

Current fitness of particle 6
: [9.152542372881356, 30.0, 20.0, 39.06779661016949, 1.7796610169491522, 47.38095238095239, 10.0, 20.0, 11.269841269841265, 28.650793650793652]

Current fitness of particle 7
: [5.762711864406782, 21.52542372881356, 20.0, 1.7796610169491522, 33.983050847457626, 53.730158730158735, 3.650793650793651, 18.41269841269841, 26.825396825396826, 4.841269841269842]

Current fitness of particle 8
: [10.847457627118644, 30.0, 20.0, 5.0, 44.152542372881356, 53.730158730158735, 10.0, 20.0, 30.0, 6.269841269841265]

Current fitness of particle 9
: [9.152542372881356, 30.0, 20.0, 5.0, 45.847457627118644, 45.79365079365079, 10.0, 20.0, 30.0, 14.206349206349202]

Current fitness of particle 10
: [9.152542372881356, 30.0, 20.0, 1.6101694915254239, 42.45762711864407, 47.38095238095239, 10.0, 20.0, 23.650793650793652, 6.269841269841265]

Current fitness of particle 11
: [15.932203389830505, 10.67796610169492, 20.0, 5.0, 1.6101694915254239, 47.38095238095239, 29.682539682539684, 20.0, 30.0, 27.063492063492063]

Current fitness of particle 12
: [12.542372881355938, 30.0, 20.0, 5.0, 42.45762711864407, 53.730158730158735, 10.0, 20.0, 30.0, 6.269841269841265]

Current fitness of particle 13
: [1.0169491525423737, 30.0, 6.4406779661016955, 1.7796610169491522, 35.67796610169492, 39.44444444444444, 10.0, 5.714285714285715, 23.650793650793652, 0.07936507936508264]

Current fitness of particle 14
: [10.847457627118644, 30.0, 20.0, 5.0, 44.152542372881356, 45.79365079365079, 10.0, 20.0, 30.0, 14.206349206349202]

[1, 1, 1, 1, 1, 1, 2, 2, 1, 1, 1, 3, 2, 1, 2, 3, 1, 2, 1, 3, 1, 3, 5, 1, 5, 3, 2, 4, 3, 4, 5, 3, 1, 1, 5, 1, 5, 4, 1, 1, 2, 5, 3, 3, 1]
[1, 1, 1, 1, 1, 1, 2, 2, 1, 1, 1, 3, 2, 1, 2, 3, 1, 2, 1, 3, 1, 3, 5, 1, 5, 3, 2, 4, 3, 4, 5, 3, 1, 1, 5, 1, 5, 4, 1, 1, 2, 5, 3, 3, 1]
[1, 1, 1, 1, 1, 1, 2, 2, 1, 1, 1, 3, 2, 1, 2, 3, 1, 2, 1, 3, 1, 3, 5, 1, 5, 3, 2, 4, 3, 4, 5, 3, 1, 1, 5, 1, 5, 4, 1, 1, 2, 5, 3, 3, 1]
[1, 1, 1, 1, 1, 1, 2, 2, 1, 1, 1, 3, 2, 1, 2, 3, 1, 2, 1, 3, 1, 3, 5, 1, 5, 3, 2, 4, 3, 4, 5, 3, 1, 1, 5, 1, 5, 4, 1, 1, 2, 5, 3, 3, 1]
[1, 1, 1, 1, 1, 1, 2, 2, 1, 1, 1, 3, 2, 1, 2, 3, 1, 2, 1, 3, 1, 3, 5, 1, 5, 3, 2, 4, 3, 4, 5, 3, 1, 1, 5, 1, 5, 4, 1, 1, 2, 5, 3, 3, 1]
[1, 1, 1, 1, 1, 1, 2, 2, 1, 1, 1, 3, 2, 1, 2, 3, 1, 2, 1, 3, 1, 3, 5, 1, 5, 3, 2, 4, 3, 4, 5, 3, 1, 1, 5, 1, 5, 4, 1, 1, 2, 5, 3, 3, 1]
[1, 1, 1, 1, 1, 1, 2, 2, 1, 1, 1, 3, 2, 1, 2, 3, 1, 2, 1, 3, 1, 3, 5, 1, 5, 3, 2, 4, 3, 4, 5, 3, 1, 1, 5, 1, 5, 4, 1, 1, 2, 5, 3, 3, 1]
[1, 1, 1, 1, 1, 1, 2, 2, 1, 1, 1, 3, 2, 1, 2, 3, 1, 2, 1, 3, 1, 3, 5, 1, 5, 3, 2, 4, 3, 4, 5, 3, 1, 1, 5, 1, 5, 4, 1, 1, 2, 5, 3, 3, 1]
[1, 1, 1, 1, 1, 1, 2, 2, 1, 1, 1, 3, 2, 1, 2, 3, 1, 2, 1, 3, 1, 3, 5, 1, 5, 3, 2, 4, 3, 4, 5, 3, 1, 1, 5, 1, 5, 4, 1, 1, 2, 5, 3, 3, 1]
[1, 1, 1, 1, 1, 1, 2, 2, 1, 1, 1, 3, 2, 1, 2, 3, 1, 2, 1, 3, 1, 3, 5, 1, 5, 3, 2, 4, 3, 4, 5, 3, 1, 1, 5, 1, 5, 4, 1, 1, 2, 5, 3, 3, 1]
[1, 1, 1, 1, 1, 1, 2, 2, 1, 1, 1, 3, 2, 1, 2, 3, 1, 2, 1, 3, 1, 3, 5, 1, 5, 3, 2, 4, 3, 4, 5, 3, 1, 1, 5, 1, 5, 4, 1, 1, 2, 5, 3, 3, 1]
[1, 1, 1, 1, 1, 1, 2, 2, 1, 1, 1, 3, 2, 1, 2, 3, 1, 2, 1, 3, 1, 3, 5, 1, 5, 3, 2, 4, 3, 4, 5, 3, 1, 1, 5, 1, 5, 4, 1, 1, 2, 5, 3, 3, 1]
[1, 1, 1, 1, 1, 1, 2, 2, 1, 1, 1, 3, 2, 1, 2, 3, 1, 2, 1, 3, 1, 3, 5, 1, 5, 3, 2, 4, 3, 4, 5, 3, 1, 1, 5, 1, 5, 4, 1, 1, 2, 5, 3, 3, 1]
[1, 1, 1, 1, 1, 1, 2, 2, 1, 1, 1, 3, 2, 1, 2, 3, 1, 2, 1, 3, 1, 3, 5, 1, 5, 3, 2, 4, 3, 4, 5, 3, 1, 1, 5, 1, 5, 4, 1, 1, 2, 5, 3, 3, 1]
[1, 1, 1, 1, 1, 1, 2, 2, 1, 1, 1, 3, 2, 1, 2, 3, 1, 2, 1, 3, 1, 3, 5, 1, 5, 3, 2, 4, 3, 4, 5, 3, 1, 1, 5, 1, 5, 4, 1, 1, 2, 5, 3, 3, 1]
[1.0169491525423737, 30.0, 6.4406779661016955, 1.7796610169491522, 35.67796610169492, 39.44444444444444, 10.0, 5.714285714285715, 23.650793650793652, 0.07936507936508264]
[1, 1, 1, 1, 1, 1, 2, 2, 1, 1, 1, 3, 2, 1, 2, 3, 1, 2, 1, 3, 1, 3, 5, 1, 5, 3, 2, 4, 3, 4, 5, 3, 1, 1, 5, 1, 5, 4, 1, 1, 2, 5, 3, 3, 1]
