particle 0 is updating position
due to fitness value of: 
[NaN, NaN, NaN, NaN, NaN, 95.0, 10.0, 20.0, 30.0, 35.0]
which is less than: 
null


[1, 1, 1, 1, 1, 1, 1, 1, 1, 2, 2, 1, 1, 1, 1, 2, 1, 1, 1, 1, 2, 1, 3, 5, 4, 5, 5, 1, 5, 1, 4, 4, 2, 2, 4, 5, 1, 4, 4, 4, 2, 4, 5, 4, 2]
[1, 1, 1, 1, 1, 1, 1, 1, 1, 2, 2, 1, 1, 1, 1, 2, 1, 1, 1, 1, 2, 1, 3, 5, 4, 5, 5, 1, 5, 1, 4, 4, 2, 2, 4, 5, 1, 4, 4, 4, 2, 4, 5, 4, 2]
Iteration 0
Best Fitness
[NaN, NaN, NaN, NaN, NaN, 95.0, 10.0, 20.0, 30.0, 35.0]
Best Position
[1, 1, 1, 1, 1, 1, 1, 1, 1, 2, 2, 1, 1, 1, 1, 2, 1, 1, 1, 1, 2, 1, 3, 5, 4, 5, 5, 1, 5, 1, 4, 4, 2, 2, 4, 5, 1, 4, 4, 4, 2, 4, 5, 4, 2]

-------------

Current fitness of particle 0
: [NaN, NaN, NaN, NaN, NaN, 95.0, 10.0, 20.0, 30.0, 35.0]

Current fitness of particle 1
: [NaN, NaN, NaN, NaN, NaN, 5.0, 10.0, 20.0, 70.0, 35.0]

Current fitness of particle 2
: [NaN, NaN, NaN, NaN, NaN, 5.0, 10.0, 20.0, 70.0, 35.0]

Current fitness of particle 3
: [NaN, NaN, NaN, NaN, NaN, 5.0, 10.0, 20.0, 30.0, 65.0]

Current fitness of particle 4
: [NaN, NaN, NaN, NaN, NaN, 95.0, 10.0, 20.0, 30.0, 35.0]

Current fitness of particle 5
: [NaN, NaN, NaN, NaN, NaN, 5.0, 10.0, 20.0, 70.0, 35.0]

Current fitness of particle 6
: [NaN, NaN, NaN, NaN, NaN, 95.0, 10.0, 20.0, 30.0, 35.0]

Current fitness of particle 7
: [NaN, NaN, NaN, NaN, NaN, 5.0, 10.0, 20.0, 70.0, 35.0]

Current fitness of particle 8
: [NaN, NaN, NaN, NaN, NaN, 95.0, 10.0, 20.0, 30.0, 35.0]

Current fitness of particle 9
: [NaN, NaN, NaN, NaN, NaN, 5.0, 10.0, 20.0, 30.0, 65.0]

Current fitness of particle 10
: [NaN, NaN, NaN, NaN, NaN, 95.0, 10.0, 20.0, 30.0, 35.0]

Current fitness of particle 11
: [NaN, NaN, NaN, NaN, NaN, 95.0, 10.0, 20.0, 30.0, 35.0]

Current fitness of particle 12
: [NaN, NaN, NaN, NaN, NaN, 95.0, 10.0, 20.0, 30.0, 35.0]

Current fitness of particle 13
: [NaN, NaN, NaN, NaN, NaN, 5.0, 10.0, 20.0, 70.0, 35.0]

Current fitness of particle 14
: [NaN, NaN, NaN, NaN, NaN, 5.0, 10.0, 20.0, 70.0, 35.0]

[1, 1, 1, 1, 1, 1, 1, 1, 1, 2, 2, 1, 1, 1, 1, 2, 1, 1, 1, 1, 2, 1, 3, 5, 4, 5, 5, 1, 5, 1, 4, 4, 2, 2, 4, 5, 1, 4, 4, 4, 2, 4, 5, 4, 2]
[1, 1, 1, 1, 1, 1, 1, 1, 1, 2, 2, 1, 1, 1, 1, 2, 1, 1, 1, 1, 2, 1, 3, 5, 4, 5, 5, 1, 5, 1, 4, 4, 2, 2, 4, 5, 1, 4, 4, 4, 2, 4, 5, 4, 2]
[1, 1, 1, 1, 1, 1, 1, 1, 1, 2, 2, 1, 1, 1, 1, 2, 1, 1, 1, 1, 2, 1, 3, 5, 4, 5, 5, 1, 5, 1, 4, 4, 2, 2, 4, 5, 1, 4, 4, 4, 2, 4, 5, 4, 2]
[1, 1, 1, 1, 1, 1, 1, 1, 1, 2, 2, 1, 1, 1, 1, 2, 1, 1, 1, 1, 2, 1, 3, 5, 4, 5, 5, 1, 5, 1, 4, 4, 2, 2, 4, 5, 1, 4, 4, 4, 2, 4, 5, 4, 2]
[1, 1, 1, 1, 1, 1, 1, 1, 1, 2, 2, 1, 1, 1, 1, 2, 1, 1, 1, 1, 2, 1, 3, 5, 4, 5, 5, 1, 5, 1, 4, 4, 2, 2, 4, 5, 1, 4, 4, 4, 2, 4, 5, 4, 2]
[1, 1, 1, 1, 1, 1, 1, 1, 1, 2, 2, 1, 1, 1, 1, 2, 1, 1, 1, 1, 2, 1, 3, 5, 4, 5, 5, 1, 5, 1, 4, 4, 2, 2, 4, 5, 1, 4, 4, 4, 2, 4, 5, 4, 2]
[1, 1, 1, 1, 1, 1, 1, 1, 1, 2, 2, 1, 1, 1, 1, 2, 1, 1, 1, 1, 2, 1, 3, 5, 4, 5, 5, 1, 5, 1, 4, 4, 2, 2, 4, 5, 1, 4, 4, 4, 2, 4, 5, 4, 2]
[1, 1, 1, 1, 1, 1, 1, 1, 1, 2, 2, 1, 1, 1, 1, 2, 1, 1, 1, 1, 2, 1, 3, 5, 4, 5, 5, 1, 5, 1, 4, 4, 2, 2, 4, 5, 1, 4, 4, 4, 2, 4, 5, 4, 2]
[1, 1, 1, 1, 1, 1, 1, 1, 1, 2, 2, 1, 1, 1, 1, 2, 1, 1, 1, 1, 2, 1, 3, 5, 4, 5, 5, 1, 5, 1, 4, 4, 2, 2, 4, 5, 1, 4, 4, 4, 2, 4, 5, 4, 2]
[1, 1, 1, 1, 1, 1, 1, 1, 1, 2, 2, 1, 1, 1, 1, 2, 1, 1, 1, 1, 2, 1, 3, 5, 4, 5, 5, 1, 5, 1, 4, 4, 2, 2, 4, 5, 1, 4, 4, 4, 2, 4, 5, 4, 2]
[1, 1, 1, 1, 1, 1, 1, 1, 1, 2, 2, 1, 1, 1, 1, 2, 1, 1, 1, 1, 2, 1, 3, 5, 4, 5, 5, 1, 5, 1, 4, 4, 2, 2, 4, 5, 1, 4, 4, 4, 2, 4, 5, 4, 2]
[1, 1, 1, 1, 1, 1, 1, 1, 1, 2, 2, 1, 1, 1, 1, 2, 1, 1, 1, 1, 2, 1, 3, 5, 4, 5, 5, 1, 5, 1, 4, 4, 2, 2, 4, 5, 1, 4, 4, 4, 2, 4, 5, 4, 2]
[1, 1, 1, 1, 1, 1, 1, 1, 1, 2, 2, 1, 1, 1, 1, 2, 1, 1, 1, 1, 2, 1, 3, 5, 4, 5, 5, 1, 5, 1, 4, 4, 2, 2, 4, 5, 1, 4, 4, 4, 2, 4, 5, 4, 2]
[1, 1, 1, 1, 1, 1, 1, 1, 1, 2, 2, 1, 1, 1, 1, 2, 1, 1, 1, 1, 2, 1, 3, 5, 4, 5, 5, 1, 5, 1, 4, 4, 2, 2, 4, 5, 1, 4, 4, 4, 2, 4, 5, 4, 2]
[1, 1, 1, 1, 1, 1, 1, 1, 1, 2, 2, 1, 1, 1, 1, 2, 1, 1, 1, 1, 2, 1, 3, 5, 4, 5, 5, 1, 5, 1, 4, 4, 2, 2, 4, 5, 1, 4, 4, 4, 2, 4, 5, 4, 2]
[NaN, NaN, NaN, NaN, NaN, 95.0, 10.0, 20.0, 30.0, 35.0]
[1, 1, 1, 1, 1, 1, 1, 1, 1, 2, 2, 1, 1, 1, 1, 2, 1, 1, 1, 1, 2, 1, 3, 5, 4, 5, 5, 1, 5, 1, 4, 4, 2, 2, 4, 5, 1, 4, 4, 4, 2, 4, 5, 4, 2]
Iteration 1
Best Fitness
[NaN, NaN, NaN, NaN, NaN, 95.0, 10.0, 20.0, 30.0, 35.0]
Best Position
[1, 1, 1, 1, 1, 1, 1, 1, 1, 2, 2, 1, 1, 1, 1, 2, 1, 1, 1, 1, 2, 1, 3, 5, 4, 5, 5, 1, 5, 1, 4, 4, 2, 2, 4, 5, 1, 4, 4, 4, 2, 4, 5, 4, 2]

-------------

Current fitness of particle 0
: [NaN, NaN, NaN, NaN, NaN, 95.0, 10.0, 20.0, 30.0, 35.0]

Current fitness of particle 1
: [NaN, NaN, NaN, NaN, NaN, 5.0, 10.0, 20.0, 70.0, 35.0]

Current fitness of particle 2
: [NaN, NaN, NaN, NaN, NaN, 5.0, 10.0, 20.0, 30.0, 65.0]

Current fitness of particle 3
: [NaN, NaN, NaN, NaN, NaN, 5.0, 10.0, 20.0, 70.0, 35.0]

Current fitness of particle 4
: [NaN, NaN, NaN, NaN, NaN, 5.0, 10.0, 20.0, 70.0, 35.0]

Current fitness of particle 5
: [NaN, NaN, NaN, NaN, NaN, 5.0, 10.0, 20.0, 30.0, 65.0]

Current fitness of particle 6
: [NaN, NaN, NaN, NaN, NaN, 95.0, 10.0, 20.0, 30.0, 35.0]

Current fitness of particle 7
: [NaN, NaN, NaN, NaN, NaN, 5.0, 10.0, 20.0, 70.0, 35.0]

Current fitness of particle 8
: [NaN, NaN, NaN, NaN, NaN, 95.0, 10.0, 20.0, 30.0, 35.0]

Current fitness of particle 9
: [NaN, NaN, NaN, NaN, NaN, 5.0, 10.0, 20.0, 70.0, 35.0]

Current fitness of particle 10
: [NaN, NaN, NaN, NaN, NaN, 5.0, 10.0, 20.0, 70.0, 35.0]

Current fitness of particle 11
: [NaN, NaN, NaN, NaN, NaN, 95.0, 10.0, 20.0, 30.0, 35.0]

Current fitness of particle 12
: [NaN, NaN, NaN, NaN, NaN, 95.0, 10.0, 20.0, 30.0, 35.0]

Current fitness of particle 13
: [NaN, NaN, NaN, NaN, NaN, 95.0, 10.0, 20.0, 30.0, 35.0]

Current fitness of particle 14
: [NaN, NaN, NaN, NaN, NaN, 5.0, 10.0, 20.0, 70.0, 35.0]

[1, 1, 1, 1, 1, 1, 1, 1, 1, 2, 2, 1, 1, 1, 1, 2, 1, 1, 1, 1, 2, 1, 3, 5, 4, 5, 5, 1, 5, 1, 4, 4, 2, 2, 4, 5, 1, 4, 4, 4, 2, 4, 5, 4, 2]
[1, 1, 1, 1, 1, 1, 1, 1, 1, 2, 2, 1, 1, 1, 1, 2, 1, 1, 1, 1, 2, 1, 3, 5, 4, 5, 5, 1, 5, 1, 4, 4, 2, 2, 4, 5, 1, 4, 4, 4, 2, 4, 5, 4, 2]
[1, 1, 1, 1, 1, 1, 1, 1, 1, 2, 2, 1, 1, 1, 1, 2, 1, 1, 1, 1, 2, 1, 3, 5, 4, 5, 5, 1, 5, 1, 4, 4, 2, 2, 4, 5, 1, 4, 4, 4, 2, 4, 5, 4, 2]
[1, 1, 1, 1, 1, 1, 1, 1, 1, 2, 2, 1, 1, 1, 1, 2, 1, 1, 1, 1, 2, 1, 3, 5, 4, 5, 5, 1, 5, 1, 4, 4, 2, 2, 4, 5, 1, 4, 4, 4, 2, 4, 5, 4, 2]
[1, 1, 1, 1, 1, 1, 1, 1, 1, 2, 2, 1, 1, 1, 1, 2, 1, 1, 1, 1, 2, 1, 3, 5, 4, 5, 5, 1, 5, 1, 4, 4, 2, 2, 4, 5, 1, 4, 4, 4, 2, 4, 5, 4, 2]
[1, 1, 1, 1, 1, 1, 1, 1, 1, 2, 2, 1, 1, 1, 1, 2, 1, 1, 1, 1, 2, 1, 3, 5, 4, 5, 5, 1, 5, 1, 4, 4, 2, 2, 4, 5, 1, 4, 4, 4, 2, 4, 5, 4, 2]
[1, 1, 1, 1, 1, 1, 1, 1, 1, 2, 2, 1, 1, 1, 1, 2, 1, 1, 1, 1, 2, 1, 3, 5, 4, 5, 5, 1, 5, 1, 4, 4, 2, 2, 4, 5, 1, 4, 4, 4, 2, 4, 5, 4, 2]
[1, 1, 1, 1, 1, 1, 1, 1, 1, 2, 2, 1, 1, 1, 1, 2, 1, 1, 1, 1, 2, 1, 3, 5, 4, 5, 5, 1, 5, 1, 4, 4, 2, 2, 4, 5, 1, 4, 4, 4, 2, 4, 5, 4, 2]
[1, 1, 1, 1, 1, 1, 1, 1, 1, 2, 2, 1, 1, 1, 1, 2, 1, 1, 1, 1, 2, 1, 3, 5, 4, 5, 5, 1, 5, 1, 4, 4, 2, 2, 4, 5, 1, 4, 4, 4, 2, 4, 5, 4, 2]
[1, 1, 1, 1, 1, 1, 1, 1, 1, 2, 2, 1, 1, 1, 1, 2, 1, 1, 1, 1, 2, 1, 3, 5, 4, 5, 5, 1, 5, 1, 4, 4, 2, 2, 4, 5, 1, 4, 4, 4, 2, 4, 5, 4, 2]
[1, 1, 1, 1, 1, 1, 1, 1, 1, 2, 2, 1, 1, 1, 1, 2, 1, 1, 1, 1, 2, 1, 3, 5, 4, 5, 5, 1, 5, 1, 4, 4, 2, 2, 4, 5, 1, 4, 4, 4, 2, 4, 5, 4, 2]
[1, 1, 1, 1, 1, 1, 1, 1, 1, 2, 2, 1, 1, 1, 1, 2, 1, 1, 1, 1, 2, 1, 3, 5, 4, 5, 5, 1, 5, 1, 4, 4, 2, 2, 4, 5, 1, 4, 4, 4, 2, 4, 5, 4, 2]
[1, 1, 1, 1, 1, 1, 1, 1, 1, 2, 2, 1, 1, 1, 1, 2, 1, 1, 1, 1, 2, 1, 3, 5, 4, 5, 5, 1, 5, 1, 4, 4, 2, 2, 4, 5, 1, 4, 4, 4, 2, 4, 5, 4, 2]
[1, 1, 1, 1, 1, 1, 1, 1, 1, 2, 2, 1, 1, 1, 1, 2, 1, 1, 1, 1, 2, 1, 3, 5, 4, 5, 5, 1, 5, 1, 4, 4, 2, 2, 4, 5, 1, 4, 4, 4, 2, 4, 5, 4, 2]
[1, 1, 1, 1, 1, 1, 1, 1, 1, 2, 2, 1, 1, 1, 1, 2, 1, 1, 1, 1, 2, 1, 3, 5, 4, 5, 5, 1, 5, 1, 4, 4, 2, 2, 4, 5, 1, 4, 4, 4, 2, 4, 5, 4, 2]
[NaN, NaN, NaN, NaN, NaN, 95.0, 10.0, 20.0, 30.0, 35.0]
[1, 1, 1, 1, 1, 1, 1, 1, 1, 2, 2, 1, 1, 1, 1, 2, 1, 1, 1, 1, 2, 1, 3, 5, 4, 5, 5, 1, 5, 1, 4, 4, 2, 2, 4, 5, 1, 4, 4, 4, 2, 4, 5, 4, 2]
Iteration 2
Best Fitness
[NaN, NaN, NaN, NaN, NaN, 95.0, 10.0, 20.0, 30.0, 35.0]
Best Position
[1, 1, 1, 1, 1, 1, 1, 1, 1, 2, 2, 1, 1, 1, 1, 2, 1, 1, 1, 1, 2, 1, 3, 5, 4, 5, 5, 1, 5, 1, 4, 4, 2, 2, 4, 5, 1, 4, 4, 4, 2, 4, 5, 4, 2]

-------------

Current fitness of particle 0
: [NaN, NaN, NaN, NaN, NaN, 95.0, 10.0, 20.0, 30.0, 35.0]

Current fitness of particle 1
: [NaN, NaN, NaN, NaN, NaN, 5.0, 10.0, 20.0, 70.0, 35.0]

Current fitness of particle 2
: [NaN, NaN, NaN, NaN, NaN, 95.0, 10.0, 20.0, 30.0, 35.0]

Current fitness of particle 3
: [NaN, NaN, NaN, NaN, NaN, 95.0, 10.0, 20.0, 30.0, 35.0]

Current fitness of particle 4
: [NaN, NaN, NaN, NaN, NaN, 95.0, 10.0, 20.0, 30.0, 35.0]

Current fitness of particle 5
: [NaN, NaN, NaN, NaN, NaN, 5.0, 10.0, 20.0, 70.0, 35.0]

Current fitness of particle 6
: [NaN, NaN, NaN, NaN, NaN, 95.0, 10.0, 20.0, 30.0, 35.0]

Current fitness of particle 7
: [NaN, NaN, NaN, NaN, NaN, 95.0, 10.0, 20.0, 30.0, 35.0]

Current fitness of particle 8
: [NaN, NaN, NaN, NaN, NaN, 95.0, 10.0, 20.0, 30.0, 35.0]

Current fitness of particle 9
: [NaN, NaN, NaN, NaN, NaN, 95.0, 10.0, 20.0, 30.0, 35.0]

Current fitness of particle 10
: [NaN, NaN, NaN, NaN, NaN, 95.0, 10.0, 20.0, 30.0, 35.0]

Current fitness of particle 11
: [NaN, NaN, NaN, NaN, NaN, 95.0, 10.0, 20.0, 30.0, 35.0]

Current fitness of particle 12
: [NaN, NaN, NaN, NaN, NaN, 5.0, 10.0, 20.0, 70.0, 35.0]

Current fitness of particle 13
: [NaN, NaN, NaN, NaN, NaN, 95.0, 10.0, 20.0, 30.0, 35.0]

Current fitness of particle 14
: [NaN, NaN, NaN, NaN, NaN, 95.0, 10.0, 20.0, 30.0, 35.0]

[1, 1, 1, 1, 1, 1, 1, 1, 1, 2, 2, 1, 1, 1, 1, 2, 1, 1, 1, 1, 2, 1, 3, 5, 4, 5, 5, 1, 5, 1, 4, 4, 2, 2, 4, 5, 1, 4, 4, 4, 2, 4, 5, 4, 2]
[1, 1, 1, 1, 1, 1, 1, 1, 1, 2, 2, 1, 1, 1, 1, 2, 1, 1, 1, 1, 2, 1, 3, 5, 4, 5, 5, 1, 5, 1, 4, 4, 2, 2, 4, 5, 1, 4, 4, 4, 2, 4, 5, 4, 2]
[1, 1, 1, 1, 1, 1, 1, 1, 1, 2, 2, 1, 1, 1, 1, 2, 1, 1, 1, 1, 2, 1, 3, 5, 4, 5, 5, 1, 5, 1, 4, 4, 2, 2, 4, 5, 1, 4, 4, 4, 2, 4, 5, 4, 2]
[1, 1, 1, 1, 1, 1, 1, 1, 1, 2, 2, 1, 1, 1, 1, 2, 1, 1, 1, 1, 2, 1, 3, 5, 4, 5, 5, 1, 5, 1, 4, 4, 2, 2, 4, 5, 1, 4, 4, 4, 2, 4, 5, 4, 2]
[1, 1, 1, 1, 1, 1, 1, 1, 1, 2, 2, 1, 1, 1, 1, 2, 1, 1, 1, 1, 2, 1, 3, 5, 4, 5, 5, 1, 5, 1, 4, 4, 2, 2, 4, 5, 1, 4, 4, 4, 2, 4, 5, 4, 2]
[1, 1, 1, 1, 1, 1, 1, 1, 1, 2, 2, 1, 1, 1, 1, 2, 1, 1, 1, 1, 2, 1, 3, 5, 4, 5, 5, 1, 5, 1, 4, 4, 2, 2, 4, 5, 1, 4, 4, 4, 2, 4, 5, 4, 2]
[1, 1, 1, 1, 1, 1, 1, 1, 1, 2, 2, 1, 1, 1, 1, 2, 1, 1, 1, 1, 2, 1, 3, 5, 4, 5, 5, 1, 5, 1, 4, 4, 2, 2, 4, 5, 1, 4, 4, 4, 2, 4, 5, 4, 2]
[1, 1, 1, 1, 1, 1, 1, 1, 1, 2, 2, 1, 1, 1, 1, 2, 1, 1, 1, 1, 2, 1, 3, 5, 4, 5, 5, 1, 5, 1, 4, 4, 2, 2, 4, 5, 1, 4, 4, 4, 2, 4, 5, 4, 2]
[1, 1, 1, 1, 1, 1, 1, 1, 1, 2, 2, 1, 1, 1, 1, 2, 1, 1, 1, 1, 2, 1, 3, 5, 4, 5, 5, 1, 5, 1, 4, 4, 2, 2, 4, 5, 1, 4, 4, 4, 2, 4, 5, 4, 2]
[1, 1, 1, 1, 1, 1, 1, 1, 1, 2, 2, 1, 1, 1, 1, 2, 1, 1, 1, 1, 2, 1, 3, 5, 4, 5, 5, 1, 5, 1, 4, 4, 2, 2, 4, 5, 1, 4, 4, 4, 2, 4, 5, 4, 2]
[1, 1, 1, 1, 1, 1, 1, 1, 1, 2, 2, 1, 1, 1, 1, 2, 1, 1, 1, 1, 2, 1, 3, 5, 4, 5, 5, 1, 5, 1, 4, 4, 2, 2, 4, 5, 1, 4, 4, 4, 2, 4, 5, 4, 2]
[1, 1, 1, 1, 1, 1, 1, 1, 1, 2, 2, 1, 1, 1, 1, 2, 1, 1, 1, 1, 2, 1, 3, 5, 4, 5, 5, 1, 5, 1, 4, 4, 2, 2, 4, 5, 1, 4, 4, 4, 2, 4, 5, 4, 2]
[1, 1, 1, 1, 1, 1, 1, 1, 1, 2, 2, 1, 1, 1, 1, 2, 1, 1, 1, 1, 2, 1, 3, 5, 4, 5, 5, 1, 5, 1, 4, 4, 2, 2, 4, 5, 1, 4, 4, 4, 2, 4, 5, 4, 2]
[1, 1, 1, 1, 1, 1, 1, 1, 1, 2, 2, 1, 1, 1, 1, 2, 1, 1, 1, 1, 2, 1, 3, 5, 4, 5, 5, 1, 5, 1, 4, 4, 2, 2, 4, 5, 1, 4, 4, 4, 2, 4, 5, 4, 2]
[1, 1, 1, 1, 1, 1, 1, 1, 1, 2, 2, 1, 1, 1, 1, 2, 1, 1, 1, 1, 2, 1, 3, 5, 4, 5, 5, 1, 5, 1, 4, 4, 2, 2, 4, 5, 1, 4, 4, 4, 2, 4, 5, 4, 2]
[NaN, NaN, NaN, NaN, NaN, 95.0, 10.0, 20.0, 30.0, 35.0]
[1, 1, 1, 1, 1, 1, 1, 1, 1, 2, 2, 1, 1, 1, 1, 2, 1, 1, 1, 1, 2, 1, 3, 5, 4, 5, 5, 1, 5, 1, 4, 4, 2, 2, 4, 5, 1, 4, 4, 4, 2, 4, 5, 4, 2]
Iteration 3
Best Fitness
[NaN, NaN, NaN, NaN, NaN, 95.0, 10.0, 20.0, 30.0, 35.0]
Best Position
[1, 1, 1, 1, 1, 1, 1, 1, 1, 2, 2, 1, 1, 1, 1, 2, 1, 1, 1, 1, 2, 1, 3, 5, 4, 5, 5, 1, 5, 1, 4, 4, 2, 2, 4, 5, 1, 4, 4, 4, 2, 4, 5, 4, 2]

-------------

Current fitness of particle 0
: [NaN, NaN, NaN, NaN, NaN, 95.0, 10.0, 20.0, 30.0, 35.0]

Current fitness of particle 1
: [NaN, NaN, NaN, NaN, NaN, 5.0, 10.0, 20.0, 70.0, 35.0]

Current fitness of particle 2
: [NaN, NaN, NaN, NaN, NaN, 95.0, 10.0, 20.0, 30.0, 35.0]

Current fitness of particle 3
: [NaN, NaN, NaN, NaN, NaN, 95.0, 10.0, 20.0, 30.0, 35.0]

Current fitness of particle 4
: [NaN, NaN, NaN, NaN, NaN, 95.0, 10.0, 20.0, 30.0, 35.0]

Current fitness of particle 5
: [NaN, NaN, NaN, NaN, NaN, 95.0, 10.0, 20.0, 30.0, 35.0]

Current fitness of particle 6
: [NaN, NaN, NaN, NaN, NaN, 95.0, 10.0, 20.0, 30.0, 35.0]

Current fitness of particle 7
: [NaN, NaN, NaN, NaN, NaN, 95.0, 10.0, 20.0, 30.0, 35.0]

Current fitness of particle 8
: [NaN, NaN, NaN, NaN, NaN, 95.0, 10.0, 20.0, 30.0, 35.0]

Current fitness of particle 9
: [NaN, NaN, NaN, NaN, NaN, 95.0, 10.0, 20.0, 30.0, 35.0]

Current fitness of particle 10
: [NaN, NaN, NaN, NaN, NaN, 5.0, 10.0, 20.0, 70.0, 35.0]

Current fitness of particle 11
: [NaN, NaN, NaN, NaN, NaN, 95.0, 10.0, 20.0, 30.0, 35.0]

Current fitness of particle 12
: [NaN, NaN, NaN, NaN, NaN, 95.0, 10.0, 20.0, 30.0, 35.0]

Current fitness of particle 13
: [NaN, NaN, NaN, NaN, NaN, 95.0, 10.0, 20.0, 30.0, 35.0]

Current fitness of particle 14
: [NaN, NaN, NaN, NaN, NaN, 95.0, 10.0, 20.0, 30.0, 35.0]

[1, 1, 1, 1, 1, 1, 1, 1, 1, 2, 2, 1, 1, 1, 1, 2, 1, 1, 1, 1, 2, 1, 3, 5, 4, 5, 5, 1, 5, 1, 4, 4, 2, 2, 4, 5, 1, 4, 4, 4, 2, 4, 5, 4, 2]
[1, 1, 1, 1, 1, 1, 1, 1, 1, 2, 2, 1, 1, 1, 1, 2, 1, 1, 1, 1, 2, 1, 3, 5, 4, 5, 5, 1, 5, 1, 4, 4, 2, 2, 4, 5, 1, 4, 4, 4, 2, 4, 5, 4, 2]
[1, 1, 1, 1, 1, 1, 1, 1, 1, 2, 2, 1, 1, 1, 1, 2, 1, 1, 1, 1, 2, 1, 3, 5, 4, 5, 5, 1, 5, 1, 4, 4, 2, 2, 4, 5, 1, 4, 4, 4, 2, 4, 5, 4, 2]
[1, 1, 1, 1, 1, 1, 1, 1, 1, 2, 2, 1, 1, 1, 1, 2, 1, 1, 1, 1, 2, 1, 3, 5, 4, 5, 5, 1, 5, 1, 4, 4, 2, 2, 4, 5, 1, 4, 4, 4, 2, 4, 5, 4, 2]
[1, 1, 1, 1, 1, 1, 1, 1, 1, 2, 2, 1, 1, 1, 1, 2, 1, 1, 1, 1, 2, 1, 3, 5, 4, 5, 5, 1, 5, 1, 4, 4, 2, 2, 4, 5, 1, 4, 4, 4, 2, 4, 5, 4, 2]
[1, 1, 1, 1, 1, 1, 1, 1, 1, 2, 2, 1, 1, 1, 1, 2, 1, 1, 1, 1, 2, 1, 3, 5, 4, 5, 5, 1, 5, 1, 4, 4, 2, 2, 4, 5, 1, 4, 4, 4, 2, 4, 5, 4, 2]
[1, 1, 1, 1, 1, 1, 1, 1, 1, 2, 2, 1, 1, 1, 1, 2, 1, 1, 1, 1, 2, 1, 3, 5, 4, 5, 5, 1, 5, 1, 4, 4, 2, 2, 4, 5, 1, 4, 4, 4, 2, 4, 5, 4, 2]
[1, 1, 1, 1, 1, 1, 1, 1, 1, 2, 2, 1, 1, 1, 1, 2, 1, 1, 1, 1, 2, 1, 3, 5, 4, 5, 5, 1, 5, 1, 4, 4, 2, 2, 4, 5, 1, 4, 4, 4, 2, 4, 5, 4, 2]
[1, 1, 1, 1, 1, 1, 1, 1, 1, 2, 2, 1, 1, 1, 1, 2, 1, 1, 1, 1, 2, 1, 3, 5, 4, 5, 5, 1, 5, 1, 4, 4, 2, 2, 4, 5, 1, 4, 4, 4, 2, 4, 5, 4, 2]
[1, 1, 1, 1, 1, 1, 1, 1, 1, 2, 2, 1, 1, 1, 1, 2, 1, 1, 1, 1, 2, 1, 3, 5, 4, 5, 5, 1, 5, 1, 4, 4, 2, 2, 4, 5, 1, 4, 4, 4, 2, 4, 5, 4, 2]
[1, 1, 1, 1, 1, 1, 1, 1, 1, 2, 2, 1, 1, 1, 1, 2, 1, 1, 1, 1, 2, 1, 3, 5, 4, 5, 5, 1, 5, 1, 4, 4, 2, 2, 4, 5, 1, 4, 4, 4, 2, 4, 5, 4, 2]
[1, 1, 1, 1, 1, 1, 1, 1, 1, 2, 2, 1, 1, 1, 1, 2, 1, 1, 1, 1, 2, 1, 3, 5, 4, 5, 5, 1, 5, 1, 4, 4, 2, 2, 4, 5, 1, 4, 4, 4, 2, 4, 5, 4, 2]
[1, 1, 1, 1, 1, 1, 1, 1, 1, 2, 2, 1, 1, 1, 1, 2, 1, 1, 1, 1, 2, 1, 3, 5, 4, 5, 5, 1, 5, 1, 4, 4, 2, 2, 4, 5, 1, 4, 4, 4, 2, 4, 5, 4, 2]
[1, 1, 1, 1, 1, 1, 1, 1, 1, 2, 2, 1, 1, 1, 1, 2, 1, 1, 1, 1, 2, 1, 3, 5, 4, 5, 5, 1, 5, 1, 4, 4, 2, 2, 4, 5, 1, 4, 4, 4, 2, 4, 5, 4, 2]
[1, 1, 1, 1, 1, 1, 1, 1, 1, 2, 2, 1, 1, 1, 1, 2, 1, 1, 1, 1, 2, 1, 3, 5, 4, 5, 5, 1, 5, 1, 4, 4, 2, 2, 4, 5, 1, 4, 4, 4, 2, 4, 5, 4, 2]
[NaN, NaN, NaN, NaN, NaN, 95.0, 10.0, 20.0, 30.0, 35.0]
[1, 1, 1, 1, 1, 1, 1, 1, 1, 2, 2, 1, 1, 1, 1, 2, 1, 1, 1, 1, 2, 1, 3, 5, 4, 5, 5, 1, 5, 1, 4, 4, 2, 2, 4, 5, 1, 4, 4, 4, 2, 4, 5, 4, 2]
Iteration 4
Best Fitness
[NaN, NaN, NaN, NaN, NaN, 95.0, 10.0, 20.0, 30.0, 35.0]
Best Position
[1, 1, 1, 1, 1, 1, 1, 1, 1, 2, 2, 1, 1, 1, 1, 2, 1, 1, 1, 1, 2, 1, 3, 5, 4, 5, 5, 1, 5, 1, 4, 4, 2, 2, 4, 5, 1, 4, 4, 4, 2, 4, 5, 4, 2]

-------------

Current fitness of particle 0
: [NaN, NaN, NaN, NaN, NaN, 95.0, 10.0, 20.0, 30.0, 35.0]

Current fitness of particle 1
: [NaN, NaN, NaN, NaN, NaN, 95.0, 10.0, 20.0, 30.0, 35.0]

Current fitness of particle 2
: [NaN, NaN, NaN, NaN, NaN, 95.0, 10.0, 20.0, 30.0, 35.0]

Current fitness of particle 3
: [NaN, NaN, NaN, NaN, NaN, 95.0, 10.0, 20.0, 30.0, 35.0]

Current fitness of particle 4
: [NaN, NaN, NaN, NaN, NaN, 95.0, 10.0, 20.0, 30.0, 35.0]

Current fitness of particle 5
: [NaN, NaN, NaN, NaN, NaN, 95.0, 10.0, 20.0, 30.0, 35.0]

Current fitness of particle 6
: [NaN, NaN, NaN, NaN, NaN, 95.0, 10.0, 20.0, 30.0, 35.0]

Current fitness of particle 7
: [NaN, NaN, NaN, NaN, NaN, 95.0, 10.0, 20.0, 30.0, 35.0]

Current fitness of particle 8
: [NaN, NaN, NaN, NaN, NaN, 95.0, 10.0, 20.0, 30.0, 35.0]

Current fitness of particle 9
: [NaN, NaN, NaN, NaN, NaN, 95.0, 10.0, 20.0, 30.0, 35.0]

Current fitness of particle 10
: [NaN, NaN, NaN, NaN, NaN, 95.0, 10.0, 20.0, 30.0, 35.0]

Current fitness of particle 11
: [NaN, NaN, NaN, NaN, NaN, 95.0, 10.0, 20.0, 30.0, 35.0]

Current fitness of particle 12
: [NaN, NaN, NaN, NaN, NaN, 95.0, 10.0, 20.0, 30.0, 35.0]

Current fitness of particle 13
: [NaN, NaN, NaN, NaN, NaN, 95.0, 10.0, 20.0, 30.0, 35.0]

Current fitness of particle 14
: [NaN, NaN, NaN, NaN, NaN, 95.0, 10.0, 20.0, 30.0, 35.0]

[1, 1, 1, 1, 1, 1, 1, 1, 1, 2, 2, 1, 1, 1, 1, 2, 1, 1, 1, 1, 2, 1, 3, 5, 4, 5, 5, 1, 5, 1, 4, 4, 2, 2, 4, 5, 1, 4, 4, 4, 2, 4, 5, 4, 2]
[1, 1, 1, 1, 1, 1, 1, 1, 1, 2, 2, 1, 1, 1, 1, 2, 1, 1, 1, 1, 2, 1, 3, 5, 4, 5, 5, 1, 5, 1, 4, 4, 2, 2, 4, 5, 1, 4, 4, 4, 2, 4, 5, 4, 2]
[1, 1, 1, 1, 1, 1, 1, 1, 1, 2, 2, 1, 1, 1, 1, 2, 1, 1, 1, 1, 2, 1, 3, 5, 4, 5, 5, 1, 5, 1, 4, 4, 2, 2, 4, 5, 1, 4, 4, 4, 2, 4, 5, 4, 2]
[1, 1, 1, 1, 1, 1, 1, 1, 1, 2, 2, 1, 1, 1, 1, 2, 1, 1, 1, 1, 2, 1, 3, 5, 4, 5, 5, 1, 5, 1, 4, 4, 2, 2, 4, 5, 1, 4, 4, 4, 2, 4, 5, 4, 2]
[1, 1, 1, 1, 1, 1, 1, 1, 1, 2, 2, 1, 1, 1, 1, 2, 1, 1, 1, 1, 2, 1, 3, 5, 4, 5, 5, 1, 5, 1, 4, 4, 2, 2, 4, 5, 1, 4, 4, 4, 2, 4, 5, 4, 2]
[1, 1, 1, 1, 1, 1, 1, 1, 1, 2, 2, 1, 1, 1, 1, 2, 1, 1, 1, 1, 2, 1, 3, 5, 4, 5, 5, 1, 5, 1, 4, 4, 2, 2, 4, 5, 1, 4, 4, 4, 2, 4, 5, 4, 2]
[1, 1, 1, 1, 1, 1, 1, 1, 1, 2, 2, 1, 1, 1, 1, 2, 1, 1, 1, 1, 2, 1, 3, 5, 4, 5, 5, 1, 5, 1, 4, 4, 2, 2, 4, 5, 1, 4, 4, 4, 2, 4, 5, 4, 2]
[1, 1, 1, 1, 1, 1, 1, 1, 1, 2, 2, 1, 1, 1, 1, 2, 1, 1, 1, 1, 2, 1, 3, 5, 4, 5, 5, 1, 5, 1, 4, 4, 2, 2, 4, 5, 1, 4, 4, 4, 2, 4, 5, 4, 2]
[1, 1, 1, 1, 1, 1, 1, 1, 1, 2, 2, 1, 1, 1, 1, 2, 1, 1, 1, 1, 2, 1, 3, 5, 4, 5, 5, 1, 5, 1, 4, 4, 2, 2, 4, 5, 1, 4, 4, 4, 2, 4, 5, 4, 2]
[1, 1, 1, 1, 1, 1, 1, 1, 1, 2, 2, 1, 1, 1, 1, 2, 1, 1, 1, 1, 2, 1, 3, 5, 4, 5, 5, 1, 5, 1, 4, 4, 2, 2, 4, 5, 1, 4, 4, 4, 2, 4, 5, 4, 2]
[1, 1, 1, 1, 1, 1, 1, 1, 1, 2, 2, 1, 1, 1, 1, 2, 1, 1, 1, 1, 2, 1, 3, 5, 4, 5, 5, 1, 5, 1, 4, 4, 2, 2, 4, 5, 1, 4, 4, 4, 2, 4, 5, 4, 2]
[1, 1, 1, 1, 1, 1, 1, 1, 1, 2, 2, 1, 1, 1, 1, 2, 1, 1, 1, 1, 2, 1, 3, 5, 4, 5, 5, 1, 5, 1, 4, 4, 2, 2, 4, 5, 1, 4, 4, 4, 2, 4, 5, 4, 2]
[1, 1, 1, 1, 1, 1, 1, 1, 1, 2, 2, 1, 1, 1, 1, 2, 1, 1, 1, 1, 2, 1, 3, 5, 4, 5, 5, 1, 5, 1, 4, 4, 2, 2, 4, 5, 1, 4, 4, 4, 2, 4, 5, 4, 2]
[1, 1, 1, 1, 1, 1, 1, 1, 1, 2, 2, 1, 1, 1, 1, 2, 1, 1, 1, 1, 2, 1, 3, 5, 4, 5, 5, 1, 5, 1, 4, 4, 2, 2, 4, 5, 1, 4, 4, 4, 2, 4, 5, 4, 2]
[1, 1, 1, 1, 1, 1, 1, 1, 1, 2, 2, 1, 1, 1, 1, 2, 1, 1, 1, 1, 2, 1, 3, 5, 4, 5, 5, 1, 5, 1, 4, 4, 2, 2, 4, 5, 1, 4, 4, 4, 2, 4, 5, 4, 2]
[NaN, NaN, NaN, NaN, NaN, 95.0, 10.0, 20.0, 30.0, 35.0]
[1, 1, 1, 1, 1, 1, 1, 1, 1, 2, 2, 1, 1, 1, 1, 2, 1, 1, 1, 1, 2, 1, 3, 5, 4, 5, 5, 1, 5, 1, 4, 4, 2, 2, 4, 5, 1, 4, 4, 4, 2, 4, 5, 4, 2]
