particle 0 is updating position
due to fitness value of: 
[35.47169811320755, 26.22641509433962, 4.90566037735849, 0.6603773584905666, 5.0, 80.41666666666666, 10.0, 13.75, 21.666666666666668, 35.0]
which is less than: 
null


[2, 1, 2, 1, 1, 2, 1, 2, 1, 1, 1, 1, 1, 2, 1, 1, 2, 2, 4, 2, 3, 1, 4, 5, 5, 2, 5, 2, 2, 2, 3, 2, 2, 5, 3, 5, 4, 3, 5, 2, 3, 4, 1, 2, 2]
[2, 1, 2, 1, 1, 2, 1, 2, 1, 1, 1, 1, 1, 2, 1, 1, 2, 2, 4, 2, 3, 1, 4, 5, 5, 2, 5, 2, 2, 2, 3, 2, 2, 5, 3, 5, 4, 3, 5, 2, 3, 4, 1, 2, 2]
particle 9 is updating position
due to fitness value of: 
[2.264150943396224, 24.339622641509433, 20.0, 5.0, 51.60377358490566, 32.5, 7.916666666666667, 20.0, 30.0, 25.416666666666664]
which is less than: 
[35.47169811320755, 26.22641509433962, 4.90566037735849, 0.6603773584905666, 5.0, 80.41666666666666, 10.0, 13.75, 21.666666666666668, 35.0]


[1, 1, 1, 1, 2, 1, 1, 2, 1, 2, 1, 2, 2, 1, 2, 2, 1, 2, 3, 5, 3, 5, 1, 5, 4, 4, 3, 2, 3, 4, 1, 1, 3, 3, 5, 2, 3, 4, 4, 4, 3, 5, 1, 3, 3]
[1, 1, 1, 1, 2, 1, 1, 2, 1, 2, 1, 2, 2, 1, 2, 2, 1, 2, 3, 5, 3, 5, 1, 5, 4, 4, 3, 2, 3, 4, 1, 1, 3, 3, 5, 2, 3, 4, 4, 4, 3, 5, 1, 3, 3]
Iteration 0
Best Fitness
[2.264150943396224, 24.339622641509433, 20.0, 5.0, 51.60377358490566, 32.5, 7.916666666666667, 20.0, 30.0, 25.416666666666664]
Best Position
[1, 1, 1, 1, 2, 1, 1, 2, 1, 2, 1, 2, 2, 1, 2, 2, 1, 2, 3, 5, 3, 5, 1, 5, 4, 4, 3, 2, 3, 4, 1, 1, 3, 3, 5, 2, 3, 4, 4, 4, 3, 5, 1, 3, 3]

-------------

Current fitness of particle 0
: [35.47169811320755, 26.22641509433962, 4.90566037735849, 0.6603773584905666, 5.0, 80.41666666666666, 10.0, 13.75, 21.666666666666668, 35.0]

Current fitness of particle 1
: [41.132075471698116, 14.90566037735849, 16.22641509433962, 5.0, 5.0, 88.75, 3.75, 20.0, 30.0, 35.0]

Current fitness of particle 2
: [43.01886792452831, 26.22641509433962, 6.7924528301886795, 5.0, 5.0, 88.75, 10.0, 13.75, 30.0, 35.0]

Current fitness of particle 3
: [36.22641509433962, 30.0, 14.339622641509433, 70.47169811320755, 10.09433962264151, 3.333333333333332, 10.0, 15.833333333333334, 53.33333333333334, 30.833333333333336]

Current fitness of particle 4
: [12.830188679245282, 30.0, 20.0, 5.0, 42.16981132075472, 47.083333333333336, 10.0, 20.0, 30.0, 12.916666666666671]

Current fitness of particle 5
: [46.79245283018868, 30.0, 20.0, 8.20754716981132, 5.0, 88.75, 10.0, 20.0, 23.75, 35.0]

Current fitness of particle 6
: [44.90566037735849, 30.0, 8.679245283018867, 1.2264150943396226, 5.0, 88.75, 10.0, 17.916666666666668, 25.833333333333336, 35.0]

Current fitness of particle 7
: [46.79245283018868, 26.22641509433962, 12.452830188679245, 3.1132075471698113, 5.0, 90.83333333333334, 10.0, 17.916666666666668, 30.0, 32.916666666666664]

Current fitness of particle 8
: [37.358490566037744, 18.679245283018865, 16.22641509433962, 0.6603773584905666, 3.1132075471698113, 84.58333333333334, 3.75, 20.0, 30.0, 30.833333333333336]

Current fitness of particle 9
: [2.264150943396224, 24.339622641509433, 20.0, 5.0, 51.60377358490566, 32.5, 7.916666666666667, 20.0, 30.0, 25.416666666666664]

Current fitness of particle 10
: [35.47169811320755, 30.0, 12.452830188679245, 3.1132075471698113, 10.09433962264151, 82.5, 10.0, 17.916666666666668, 23.75, 30.833333333333336]

Current fitness of particle 11
: [13.584905660377359, 28.11320754716981, 20.0, 61.0377358490566, 0.6603773584905666, 22.083333333333332, 10.0, 20.0, 42.91666666666666, 35.0]

Current fitness of particle 12
: [44.90566037735849, 26.22641509433962, 8.679245283018867, 5.0, 5.0, 90.83333333333334, 10.0, 15.833333333333334, 30.0, 35.0]

Current fitness of particle 13
: [15.471698113207548, 30.0, 12.452830188679245, 3.1132075471698113, 61.0377358490566, 22.083333333333332, 10.0, 15.833333333333334, 30.0, 33.75]

Current fitness of particle 14
: [12.830188679245282, 30.0, 12.452830188679245, 10.09433962264151, 19.528301886792452, 53.333333333333336, 10.0, 17.916666666666668, 13.333333333333336, 12.083333333333336]

[1, 1, 1, 1, 2, 1, 1, 2, 1, 2, 1, 2, 2, 1, 2, 2, 1, 2, 3, 5, 3, 5, 1, 5, 4, 4, 3, 2, 3, 4, 1, 1, 3, 3, 5, 2, 3, 4, 4, 4, 3, 5, 1, 3, 3]
[1, 1, 1, 1, 2, 1, 1, 2, 1, 2, 1, 2, 2, 1, 2, 2, 1, 2, 3, 5, 3, 5, 1, 5, 4, 4, 3, 2, 3, 4, 1, 1, 3, 3, 5, 2, 3, 4, 4, 4, 3, 5, 1, 3, 3]
[1, 1, 1, 1, 2, 1, 1, 2, 1, 2, 1, 2, 2, 1, 2, 2, 1, 2, 3, 5, 3, 5, 1, 5, 4, 4, 3, 2, 3, 4, 1, 1, 3, 3, 5, 2, 3, 4, 4, 4, 3, 5, 1, 3, 3]
[1, 1, 1, 1, 2, 1, 1, 2, 1, 2, 1, 2, 2, 1, 2, 2, 1, 2, 3, 5, 3, 5, 1, 5, 4, 4, 3, 2, 3, 4, 1, 1, 3, 3, 5, 2, 3, 4, 4, 4, 3, 5, 1, 3, 3]
[1, 1, 1, 1, 2, 1, 1, 2, 1, 2, 1, 2, 2, 1, 2, 2, 1, 2, 3, 5, 3, 5, 1, 5, 4, 4, 3, 2, 3, 4, 1, 1, 3, 3, 5, 2, 3, 4, 4, 4, 3, 5, 1, 3, 3]
[1, 1, 1, 1, 2, 1, 1, 2, 1, 2, 1, 2, 2, 1, 2, 2, 1, 2, 3, 5, 3, 5, 1, 5, 4, 4, 3, 2, 3, 4, 1, 1, 3, 3, 5, 2, 3, 4, 4, 4, 3, 5, 1, 3, 3]
[1, 1, 1, 1, 2, 1, 1, 2, 1, 2, 1, 2, 2, 1, 2, 2, 1, 2, 3, 5, 3, 5, 1, 5, 4, 4, 3, 2, 3, 4, 1, 1, 3, 3, 5, 2, 3, 4, 4, 4, 3, 5, 1, 3, 3]
[1, 1, 1, 1, 2, 1, 1, 2, 1, 2, 1, 2, 2, 1, 2, 2, 1, 2, 3, 5, 3, 5, 1, 5, 4, 4, 3, 2, 3, 4, 1, 1, 3, 3, 5, 2, 3, 4, 4, 4, 3, 5, 1, 3, 3]
[1, 1, 1, 1, 2, 1, 1, 2, 1, 2, 1, 2, 2, 1, 2, 2, 1, 2, 3, 5, 3, 5, 1, 5, 4, 4, 3, 2, 3, 4, 1, 1, 3, 3, 5, 2, 3, 4, 4, 4, 3, 5, 1, 3, 3]
[1, 1, 1, 1, 2, 1, 1, 2, 1, 2, 1, 2, 2, 1, 2, 2, 1, 2, 3, 5, 3, 5, 1, 5, 4, 4, 3, 2, 3, 4, 1, 1, 3, 3, 5, 2, 3, 4, 4, 4, 3, 5, 1, 3, 3]
[1, 1, 1, 1, 2, 1, 1, 2, 1, 2, 1, 2, 2, 1, 2, 2, 1, 2, 3, 5, 3, 5, 1, 5, 4, 4, 3, 2, 3, 4, 1, 1, 3, 3, 5, 2, 3, 4, 4, 4, 3, 5, 1, 3, 3]
[1, 1, 1, 1, 2, 1, 1, 2, 1, 2, 1, 2, 2, 1, 2, 2, 1, 2, 3, 5, 3, 5, 1, 5, 4, 4, 3, 2, 3, 4, 1, 1, 3, 3, 5, 2, 3, 4, 4, 4, 3, 5, 1, 3, 3]
[1, 1, 1, 1, 2, 1, 1, 2, 1, 2, 1, 2, 2, 1, 2, 2, 1, 2, 3, 5, 3, 5, 1, 5, 4, 4, 3, 2, 3, 4, 1, 1, 3, 3, 5, 2, 3, 4, 4, 4, 3, 5, 1, 3, 3]
[1, 1, 1, 1, 2, 1, 1, 2, 1, 2, 1, 2, 2, 1, 2, 2, 1, 2, 3, 5, 3, 5, 1, 5, 4, 4, 3, 2, 3, 4, 1, 1, 3, 3, 5, 2, 3, 4, 4, 4, 3, 5, 1, 3, 3]
[1, 1, 1, 1, 2, 1, 1, 2, 1, 2, 1, 2, 2, 1, 2, 2, 1, 2, 3, 5, 3, 5, 1, 5, 4, 4, 3, 2, 3, 4, 1, 1, 3, 3, 5, 2, 3, 4, 4, 4, 3, 5, 1, 3, 3]
[2.264150943396224, 24.339622641509433, 20.0, 5.0, 51.60377358490566, 32.5, 7.916666666666667, 20.0, 30.0, 25.416666666666664]
[1, 1, 1, 1, 2, 1, 1, 2, 1, 2, 1, 2, 2, 1, 2, 2, 1, 2, 3, 5, 3, 5, 1, 5, 4, 4, 3, 2, 3, 4, 1, 1, 3, 3, 5, 2, 3, 4, 4, 4, 3, 5, 1, 3, 3]
Iteration 1
Best Fitness
[2.264150943396224, 24.339622641509433, 20.0, 5.0, 51.60377358490566, 32.5, 7.916666666666667, 20.0, 30.0, 25.416666666666664]
Best Position
[1, 1, 1, 1, 2, 1, 1, 2, 1, 2, 1, 2, 2, 1, 2, 2, 1, 2, 3, 5, 3, 5, 1, 5, 4, 4, 3, 2, 3, 4, 1, 1, 3, 3, 5, 2, 3, 4, 4, 4, 3, 5, 1, 3, 3]

-------------

Current fitness of particle 0
: [41.132075471698116, 14.90566037735849, 16.22641509433962, 5.0, 5.0, 88.75, 5.833333333333334, 17.916666666666668, 30.0, 35.0]

Current fitness of particle 1
: [9.81132075471698, 28.11320754716981, 3.018867924528301, 5.0, 45.943396226415096, 30.41666666666667, 7.916666666666667, 15.833333333333334, 30.0, 23.333333333333336]

Current fitness of particle 2
: [32.45283018867924, 26.22641509433962, 8.679245283018867, 72.35849056603774, 5.0, 1.25, 7.916666666666667, 15.833333333333334, 57.5, 35.0]

Current fitness of particle 3
: [14.716981132075468, 18.679245283018865, 14.339622641509433, 23.30188679245283, 5.0, 61.66666666666666, 5.833333333333334, 17.916666666666668, 2.916666666666668, 35.0]

Current fitness of particle 4
: [26.037735849056602, 28.11320754716981, 18.11320754716981, 25.18867924528302, 5.0, 72.08333333333334, 10.0, 17.916666666666668, 9.166666666666664, 35.0]

Current fitness of particle 5
: [43.01886792452831, 30.0, 3.018867924528301, 5.0, 5.0, 88.75, 10.0, 13.75, 30.0, 35.0]

Current fitness of particle 6
: [43.01886792452831, 16.79245283018868, 16.22641509433962, 5.0, 5.0, 88.75, 3.75, 20.0, 30.0, 35.0]

Current fitness of particle 7
: [39.24528301886792, 18.679245283018865, 12.452830188679245, 3.1132075471698113, 5.0, 84.58333333333334, 5.833333333333334, 17.916666666666668, 25.833333333333336, 35.0]

Current fitness of particle 8
: [30.566037735849058, 20.566037735849058, 20.0, 76.13207547169812, 5.0, 3.333333333333332, 5.833333333333334, 20.0, 57.5, 35.0]

Current fitness of particle 9
: [2.264150943396224, 24.339622641509433, 20.0, 5.0, 51.60377358490566, 32.5, 7.916666666666667, 20.0, 30.0, 25.416666666666664]

Current fitness of particle 10
: [2.264150943396224, 18.679245283018865, 20.0, 23.30188679245283, 17.641509433962266, 42.91666666666667, 5.833333333333334, 20.0, 1.25, 18.333333333333336]

Current fitness of particle 11
: [41.132075471698116, 30.0, 16.22641509433962, 10.09433962264151, 5.0, 88.75, 10.0, 20.0, 23.75, 35.0]

Current fitness of particle 12
: [41.132075471698116, 24.339622641509433, 6.7924528301886795, 5.0, 5.0, 88.75, 7.916666666666667, 15.833333333333334, 30.0, 35.0]

Current fitness of particle 13
: [34.339622641509436, 30.0, 20.0, 57.264150943396224, 27.075471698113205, 5.0, 10.0, 20.0, 26.25, 8.75]

Current fitness of particle 14
: [14.716981132075468, 18.679245283018865, 14.339622641509433, 23.30188679245283, 5.0, 61.66666666666666, 5.833333333333334, 17.916666666666668, 2.916666666666668, 35.0]

[1, 1, 1, 1, 2, 1, 1, 2, 1, 2, 1, 2, 2, 1, 2, 2, 1, 2, 3, 5, 3, 5, 1, 5, 4, 4, 3, 2, 3, 4, 1, 1, 3, 3, 5, 2, 3, 4, 4, 4, 3, 5, 1, 3, 3]
[1, 1, 1, 1, 2, 1, 1, 2, 1, 2, 1, 2, 2, 1, 2, 2, 1, 2, 3, 5, 3, 5, 1, 5, 4, 4, 3, 2, 3, 4, 1, 1, 3, 3, 5, 2, 3, 4, 4, 4, 3, 5, 1, 3, 3]
[1, 1, 1, 1, 2, 1, 1, 2, 1, 2, 1, 2, 2, 1, 2, 2, 1, 2, 3, 5, 3, 5, 1, 5, 4, 4, 3, 2, 3, 4, 1, 1, 3, 3, 5, 2, 3, 4, 4, 4, 3, 5, 1, 3, 3]
[1, 1, 1, 1, 2, 1, 1, 2, 1, 2, 1, 2, 2, 1, 2, 2, 1, 2, 3, 5, 3, 5, 1, 5, 4, 4, 3, 2, 3, 4, 1, 1, 3, 3, 5, 2, 3, 4, 4, 4, 3, 5, 1, 3, 3]
[1, 1, 1, 1, 2, 1, 1, 2, 1, 2, 1, 2, 2, 1, 2, 2, 1, 2, 3, 5, 3, 5, 1, 5, 4, 4, 3, 2, 3, 4, 1, 1, 3, 3, 5, 2, 3, 4, 4, 4, 3, 5, 1, 3, 3]
[1, 1, 1, 1, 2, 1, 1, 2, 1, 2, 1, 2, 2, 1, 2, 2, 1, 2, 3, 5, 3, 5, 1, 5, 4, 4, 3, 2, 3, 4, 1, 1, 3, 3, 5, 2, 3, 4, 4, 4, 3, 5, 1, 3, 3]
[1, 1, 1, 1, 2, 1, 1, 2, 1, 2, 1, 2, 2, 1, 2, 2, 1, 2, 3, 5, 3, 5, 1, 5, 4, 4, 3, 2, 3, 4, 1, 1, 3, 3, 5, 2, 3, 4, 4, 4, 3, 5, 1, 3, 3]
[1, 1, 1, 1, 2, 1, 1, 2, 1, 2, 1, 2, 2, 1, 2, 2, 1, 2, 3, 5, 3, 5, 1, 5, 4, 4, 3, 2, 3, 4, 1, 1, 3, 3, 5, 2, 3, 4, 4, 4, 3, 5, 1, 3, 3]
[1, 1, 1, 1, 2, 1, 1, 2, 1, 2, 1, 2, 2, 1, 2, 2, 1, 2, 3, 5, 3, 5, 1, 5, 4, 4, 3, 2, 3, 4, 1, 1, 3, 3, 5, 2, 3, 4, 4, 4, 3, 5, 1, 3, 3]
[1, 1, 1, 1, 2, 1, 1, 2, 1, 2, 1, 2, 2, 1, 2, 2, 1, 2, 3, 5, 3, 5, 1, 5, 4, 4, 3, 2, 3, 4, 1, 1, 3, 3, 5, 2, 3, 4, 4, 4, 3, 5, 1, 3, 3]
[1, 1, 1, 1, 2, 1, 1, 2, 1, 2, 1, 2, 2, 1, 2, 2, 1, 2, 3, 5, 3, 5, 1, 5, 4, 4, 3, 2, 3, 4, 1, 1, 3, 3, 5, 2, 3, 4, 4, 4, 3, 5, 1, 3, 3]
[1, 1, 1, 1, 2, 1, 1, 2, 1, 2, 1, 2, 2, 1, 2, 2, 1, 2, 3, 5, 3, 5, 1, 5, 4, 4, 3, 2, 3, 4, 1, 1, 3, 3, 5, 2, 3, 4, 4, 4, 3, 5, 1, 3, 3]
[1, 1, 1, 1, 2, 1, 1, 2, 1, 2, 1, 2, 2, 1, 2, 2, 1, 2, 3, 5, 3, 5, 1, 5, 4, 4, 3, 2, 3, 4, 1, 1, 3, 3, 5, 2, 3, 4, 4, 4, 3, 5, 1, 3, 3]
[1, 1, 1, 1, 2, 1, 1, 2, 1, 2, 1, 2, 2, 1, 2, 2, 1, 2, 3, 5, 3, 5, 1, 5, 4, 4, 3, 2, 3, 4, 1, 1, 3, 3, 5, 2, 3, 4, 4, 4, 3, 5, 1, 3, 3]
[1, 1, 1, 1, 2, 1, 1, 2, 1, 2, 1, 2, 2, 1, 2, 2, 1, 2, 3, 5, 3, 5, 1, 5, 4, 4, 3, 2, 3, 4, 1, 1, 3, 3, 5, 2, 3, 4, 4, 4, 3, 5, 1, 3, 3]
[2.264150943396224, 24.339622641509433, 20.0, 5.0, 51.60377358490566, 32.5, 7.916666666666667, 20.0, 30.0, 25.416666666666664]
[1, 1, 1, 1, 2, 1, 1, 2, 1, 2, 1, 2, 2, 1, 2, 2, 1, 2, 3, 5, 3, 5, 1, 5, 4, 4, 3, 2, 3, 4, 1, 1, 3, 3, 5, 2, 3, 4, 4, 4, 3, 5, 1, 3, 3]
Iteration 2
Best Fitness
[2.264150943396224, 24.339622641509433, 20.0, 5.0, 51.60377358490566, 32.5, 7.916666666666667, 20.0, 30.0, 25.416666666666664]
Best Position
[1, 1, 1, 1, 2, 1, 1, 2, 1, 2, 1, 2, 2, 1, 2, 2, 1, 2, 3, 5, 3, 5, 1, 5, 4, 4, 3, 2, 3, 4, 1, 1, 3, 3, 5, 2, 3, 4, 4, 4, 3, 5, 1, 3, 3]

-------------

Current fitness of particle 0
: [46.79245283018868, 28.11320754716981, 8.679245283018867, 5.0, 5.0, 92.91666666666666, 10.0, 17.916666666666668, 30.0, 35.0]

Current fitness of particle 1
: [26.037735849056602, 18.679245283018865, 18.11320754716981, 1.2264150943396226, 11.981132075471699, 72.08333333333334, 5.833333333333334, 17.916666666666668, 30.0, 18.333333333333336]

Current fitness of particle 2
: [7.924528301886795, 30.0, 14.339622641509433, 42.16981132075472, 10.09433962264151, 22.083333333333332, 10.0, 17.916666666666668, 24.166666666666664, 18.333333333333336]

Current fitness of particle 3
: [7.924528301886795, 30.0, 20.0, 42.16981132075472, 15.754716981132077, 30.41666666666667, 10.0, 17.916666666666668, 11.666666666666671, 14.166666666666664]

Current fitness of particle 4
: [29.811320754716974, 30.0, 14.339622641509433, 17.641509433962266, 3.1132075471698113, 70.0, 10.0, 15.833333333333334, 9.166666666666664, 35.0]

Current fitness of particle 5
: [35.47169811320755, 30.0, 10.566037735849056, 10.09433962264151, 5.0, 80.41666666666666, 10.0, 17.916666666666668, 17.5, 35.0]

Current fitness of particle 6
: [26.037735849056602, 30.0, 3.018867924528301, 11.981132075471699, 5.0, 76.25, 7.916666666666667, 15.833333333333334, 17.5, 35.0]

Current fitness of particle 7
: [1.5094339622641542, 30.0, 8.679245283018867, 40.28301886792453, 3.1132075471698113, 42.91666666666667, 7.916666666666667, 20.0, 20.0, 35.0]

Current fitness of particle 8
: [2.264150943396224, 24.339622641509433, 12.452830188679245, 5.0, 44.056603773584904, 30.41666666666667, 7.916666666666667, 15.833333333333334, 30.0, 23.333333333333336]

Current fitness of particle 9
: [2.264150943396224, 24.339622641509433, 20.0, 5.0, 51.60377358490566, 32.5, 7.916666666666667, 20.0, 30.0, 25.416666666666664]

Current fitness of particle 10
: [41.132075471698116, 24.339622641509433, 14.339622641509433, 0.6603773584905666, 3.1132075471698113, 86.66666666666666, 7.916666666666667, 17.916666666666668, 25.833333333333336, 35.0]

Current fitness of particle 11
: [7.924528301886795, 28.11320754716981, 8.679245283018867, 0.6603773584905666, 44.056603773584904, 28.33333333333333, 10.0, 13.75, 30.0, 25.416666666666664]

Current fitness of particle 12
: [37.358490566037744, 28.11320754716981, 4.90566037735849, 0.6603773584905666, 5.0, 80.41666666666666, 7.916666666666667, 15.833333333333334, 21.666666666666668, 35.0]

Current fitness of particle 13
: [9.81132075471698, 30.0, 20.0, 4.433962264150944, 55.37735849056604, 26.25, 10.0, 17.916666666666668, 30.0, 31.666666666666657]

Current fitness of particle 14
: [37.358490566037744, 24.339622641509433, 8.679245283018867, 0.6603773584905666, 5.0, 88.75, 5.833333333333334, 17.916666666666668, 30.0, 35.0]

[1, 1, 1, 1, 2, 1, 1, 2, 1, 2, 1, 2, 2, 1, 2, 2, 1, 2, 3, 5, 3, 5, 1, 5, 4, 4, 3, 2, 3, 4, 1, 1, 3, 3, 5, 2, 3, 4, 4, 4, 3, 5, 1, 3, 3]
[1, 1, 1, 1, 2, 1, 1, 2, 1, 2, 1, 2, 2, 1, 2, 2, 1, 2, 3, 5, 3, 5, 1, 5, 4, 4, 3, 2, 3, 4, 1, 1, 3, 3, 5, 2, 3, 4, 4, 4, 3, 5, 1, 3, 3]
[1, 1, 1, 1, 2, 1, 1, 2, 1, 2, 1, 2, 2, 1, 2, 2, 1, 2, 3, 5, 3, 5, 1, 5, 4, 4, 3, 2, 3, 4, 1, 1, 3, 3, 5, 2, 3, 4, 4, 4, 3, 5, 1, 3, 3]
[1, 1, 1, 1, 2, 1, 1, 2, 1, 2, 1, 2, 2, 1, 2, 2, 1, 2, 3, 5, 3, 5, 1, 5, 4, 4, 3, 2, 3, 4, 1, 1, 3, 3, 5, 2, 3, 4, 4, 4, 3, 5, 1, 3, 3]
[1, 1, 1, 1, 2, 1, 1, 2, 1, 2, 1, 2, 2, 1, 2, 2, 1, 2, 3, 5, 3, 5, 1, 5, 4, 4, 3, 2, 3, 4, 1, 1, 3, 3, 5, 2, 3, 4, 4, 4, 3, 5, 1, 3, 3]
[1, 1, 1, 1, 2, 1, 1, 2, 1, 2, 1, 2, 2, 1, 2, 2, 1, 2, 3, 5, 3, 5, 1, 5, 4, 4, 3, 2, 3, 4, 1, 1, 3, 3, 5, 2, 3, 4, 4, 4, 3, 5, 1, 3, 3]
[1, 1, 1, 1, 2, 1, 1, 2, 1, 2, 1, 2, 2, 1, 2, 2, 1, 2, 3, 5, 3, 5, 1, 5, 4, 4, 3, 2, 3, 4, 1, 1, 3, 3, 5, 2, 3, 4, 4, 4, 3, 5, 1, 3, 3]
[1, 1, 1, 1, 2, 1, 1, 2, 1, 2, 1, 2, 2, 1, 2, 2, 1, 2, 3, 5, 3, 5, 1, 5, 4, 4, 3, 2, 3, 4, 1, 1, 3, 3, 5, 2, 3, 4, 4, 4, 3, 5, 1, 3, 3]
[1, 1, 1, 1, 2, 1, 1, 2, 1, 2, 1, 2, 2, 1, 2, 2, 1, 2, 3, 5, 3, 5, 1, 5, 4, 4, 3, 2, 3, 4, 1, 1, 3, 3, 5, 2, 3, 4, 4, 4, 3, 5, 1, 3, 3]
[1, 1, 1, 1, 2, 1, 1, 2, 1, 2, 1, 2, 2, 1, 2, 2, 1, 2, 3, 5, 3, 5, 1, 5, 4, 4, 3, 2, 3, 4, 1, 1, 3, 3, 5, 2, 3, 4, 4, 4, 3, 5, 1, 3, 3]
[1, 1, 1, 1, 2, 1, 1, 2, 1, 2, 1, 2, 2, 1, 2, 2, 1, 2, 3, 5, 3, 5, 1, 5, 4, 4, 3, 2, 3, 4, 1, 1, 3, 3, 5, 2, 3, 4, 4, 4, 3, 5, 1, 3, 3]
[1, 1, 1, 1, 2, 1, 1, 2, 1, 2, 1, 2, 2, 1, 2, 2, 1, 2, 3, 5, 3, 5, 1, 5, 4, 4, 3, 2, 3, 4, 1, 1, 3, 3, 5, 2, 3, 4, 4, 4, 3, 5, 1, 3, 3]
[1, 1, 1, 1, 2, 1, 1, 2, 1, 2, 1, 2, 2, 1, 2, 2, 1, 2, 3, 5, 3, 5, 1, 5, 4, 4, 3, 2, 3, 4, 1, 1, 3, 3, 5, 2, 3, 4, 4, 4, 3, 5, 1, 3, 3]
[1, 1, 1, 1, 2, 1, 1, 2, 1, 2, 1, 2, 2, 1, 2, 2, 1, 2, 3, 5, 3, 5, 1, 5, 4, 4, 3, 2, 3, 4, 1, 1, 3, 3, 5, 2, 3, 4, 4, 4, 3, 5, 1, 3, 3]
[1, 1, 1, 1, 2, 1, 1, 2, 1, 2, 1, 2, 2, 1, 2, 2, 1, 2, 3, 5, 3, 5, 1, 5, 4, 4, 3, 2, 3, 4, 1, 1, 3, 3, 5, 2, 3, 4, 4, 4, 3, 5, 1, 3, 3]
[2.264150943396224, 24.339622641509433, 20.0, 5.0, 51.60377358490566, 32.5, 7.916666666666667, 20.0, 30.0, 25.416666666666664]
[1, 1, 1, 1, 2, 1, 1, 2, 1, 2, 1, 2, 2, 1, 2, 2, 1, 2, 3, 5, 3, 5, 1, 5, 4, 4, 3, 2, 3, 4, 1, 1, 3, 3, 5, 2, 3, 4, 4, 4, 3, 5, 1, 3, 3]
particle 10 is updating position
due to fitness value of: 
[9.81132075471698, 20.566037735849058, 18.11320754716981, 2.547169811320755, 45.943396226415096, 28.33333333333333, 5.833333333333334, 20.0, 27.916666666666668, 25.416666666666664]
which is less than: 
[2.264150943396224, 24.339622641509433, 20.0, 5.0, 51.60377358490566, 32.5, 7.916666666666667, 20.0, 30.0, 25.416666666666664]


[1, 1, 1, 1, 3, 1, 1, 2, 1, 2, 1, 2, 3, 1, 2, 2, 1, 3, 3, 5, 2, 5, 2, 2, 1, 4, 3, 1, 1, 2, 2, 1, 1, 2, 5, 1, 3, 4, 4, 4, 2, 4, 1, 1, 3]
[1, 1, 1, 1, 3, 1, 1, 2, 1, 2, 1, 2, 3, 1, 2, 2, 1, 3, 3, 5, 2, 5, 2, 2, 1, 4, 3, 1, 1, 2, 2, 1, 1, 2, 5, 1, 3, 4, 4, 4, 2, 4, 1, 1, 3]
Iteration 3
Best Fitness
[9.81132075471698, 20.566037735849058, 18.11320754716981, 2.547169811320755, 45.943396226415096, 28.33333333333333, 5.833333333333334, 20.0, 27.916666666666668, 25.416666666666664]
Best Position
[1, 1, 1, 1, 3, 1, 1, 2, 1, 2, 1, 2, 3, 1, 2, 2, 1, 3, 3, 5, 2, 5, 2, 2, 1, 4, 3, 1, 1, 2, 2, 1, 1, 2, 5, 1, 3, 4, 4, 4, 2, 4, 1, 1, 3]

-------------

Current fitness of particle 0
: [33.58490566037736, 24.339622641509433, 16.22641509433962, 11.981132075471699, 5.0, 74.16666666666666, 7.916666666666667, 20.0, 11.25, 35.0]

Current fitness of particle 1
: [11.69811320754717, 30.0, 20.0, 3.1132075471698113, 64.81132075471697, 22.083333333333332, 10.0, 20.0, 30.0, 37.91666666666666]

Current fitness of particle 2
: [22.264150943396224, 30.0, 6.7924528301886795, 6.320754716981133, 8.20754716981132, 72.08333333333334, 7.916666666666667, 15.833333333333334, 30.0, 18.333333333333336]

Current fitness of particle 3
: [4.150943396226417, 26.22641509433962, 20.0, 36.509433962264154, 13.867924528301888, 30.41666666666667, 7.916666666666667, 20.0, 13.75, 16.25]

Current fitness of particle 4
: [41.132075471698116, 22.452830188679243, 16.22641509433962, 3.1132075471698113, 0.6603773584905666, 86.66666666666666, 5.833333333333334, 20.0, 25.833333333333336, 35.0]

Current fitness of particle 5
: [1.5094339622641542, 30.0, 4.90566037735849, 36.509433962264154, 3.1132075471698113, 45.0, 10.0, 13.75, 13.75, 35.0]

Current fitness of particle 6
: [14.716981132075468, 22.452830188679243, 12.452830188679245, 10.09433962264151, 10.09433962264151, 57.5, 5.833333333333334, 17.916666666666668, 11.25, 22.5]

Current fitness of particle 7
: [7.924528301886795, 30.0, 10.566037735849056, 8.20754716981132, 40.28301886792453, 28.33333333333333, 7.916666666666667, 20.0, 13.333333333333336, 12.916666666666671]

Current fitness of particle 8
: [4.150943396226417, 22.452830188679243, 20.0, 3.1132075471698113, 49.71698113207547, 32.5, 7.916666666666667, 20.0, 30.0, 25.416666666666664]

Current fitness of particle 9
: [2.264150943396224, 24.339622641509433, 20.0, 5.0, 51.60377358490566, 32.5, 7.916666666666667, 20.0, 30.0, 25.416666666666664]

Current fitness of particle 10
: [9.81132075471698, 20.566037735849058, 18.11320754716981, 2.547169811320755, 45.943396226415096, 28.33333333333333, 5.833333333333334, 20.0, 27.916666666666668, 25.416666666666664]

Current fitness of particle 11
: [7.924528301886795, 18.679245283018865, 20.0, 38.39622641509434, 8.20754716981132, 28.33333333333333, 5.833333333333334, 20.0, 15.833333333333329, 18.333333333333336]

Current fitness of particle 12
: [11.69811320754717, 28.11320754716981, 18.11320754716981, 8.20754716981132, 49.71698113207547, 28.33333333333333, 10.0, 17.916666666666668, 27.916666666666668, 27.5]

Current fitness of particle 13
: [26.037735849056602, 24.339622641509433, 16.22641509433962, 3.1132075471698113, 17.641509433962266, 70.0, 5.833333333333334, 20.0, 27.916666666666668, 16.25]

Current fitness of particle 14
: [39.24528301886792, 20.566037735849058, 16.22641509433962, 3.1132075471698113, 0.6603773584905666, 86.66666666666666, 5.833333333333334, 20.0, 25.833333333333336, 35.0]

[1, 1, 1, 1, 3, 1, 1, 2, 1, 2, 1, 2, 3, 1, 2, 2, 1, 3, 3, 5, 2, 5, 2, 2, 1, 4, 3, 1, 1, 2, 2, 1, 1, 2, 5, 1, 3, 4, 4, 4, 2, 4, 1, 1, 3]
[1, 1, 1, 1, 3, 1, 1, 2, 1, 2, 1, 2, 3, 1, 2, 2, 1, 3, 3, 5, 2, 5, 2, 2, 1, 4, 3, 1, 1, 2, 2, 1, 1, 2, 5, 1, 3, 4, 4, 4, 2, 4, 1, 1, 3]
[1, 1, 1, 1, 3, 1, 1, 2, 1, 2, 1, 2, 3, 1, 2, 2, 1, 3, 3, 5, 2, 5, 2, 2, 1, 4, 3, 1, 1, 2, 2, 1, 1, 2, 5, 1, 3, 4, 4, 4, 2, 4, 1, 1, 3]
[1, 1, 1, 1, 3, 1, 1, 2, 1, 2, 1, 2, 3, 1, 2, 2, 1, 3, 3, 5, 2, 5, 2, 2, 1, 4, 3, 1, 1, 2, 2, 1, 1, 2, 5, 1, 3, 4, 4, 4, 2, 4, 1, 1, 3]
[1, 1, 1, 1, 3, 1, 1, 2, 1, 2, 1, 2, 3, 1, 2, 2, 1, 3, 3, 5, 2, 5, 2, 2, 1, 4, 3, 1, 1, 2, 2, 1, 1, 2, 5, 1, 3, 4, 4, 4, 2, 4, 1, 1, 3]
[1, 1, 1, 1, 3, 1, 1, 2, 1, 2, 1, 2, 3, 1, 2, 2, 1, 3, 3, 5, 2, 5, 2, 2, 1, 4, 3, 1, 1, 2, 2, 1, 1, 2, 5, 1, 3, 4, 4, 4, 2, 4, 1, 1, 3]
[1, 1, 1, 1, 3, 1, 1, 2, 1, 2, 1, 2, 3, 1, 2, 2, 1, 3, 3, 5, 2, 5, 2, 2, 1, 4, 3, 1, 1, 2, 2, 1, 1, 2, 5, 1, 3, 4, 4, 4, 2, 4, 1, 1, 3]
[1, 1, 1, 1, 3, 1, 1, 2, 1, 2, 1, 2, 3, 1, 2, 2, 1, 3, 3, 5, 2, 5, 2, 2, 1, 4, 3, 1, 1, 2, 2, 1, 1, 2, 5, 1, 3, 4, 4, 4, 2, 4, 1, 1, 3]
[1, 1, 1, 1, 3, 1, 1, 2, 1, 2, 1, 2, 3, 1, 2, 2, 1, 3, 3, 5, 2, 5, 2, 2, 1, 4, 3, 1, 1, 2, 2, 1, 1, 2, 5, 1, 3, 4, 4, 4, 2, 4, 1, 1, 3]
[1, 1, 1, 1, 3, 1, 1, 2, 1, 2, 1, 2, 3, 1, 2, 2, 1, 3, 3, 5, 2, 5, 2, 2, 1, 4, 3, 1, 1, 2, 2, 1, 1, 2, 5, 1, 3, 4, 4, 4, 2, 4, 1, 1, 3]
[1, 1, 1, 1, 3, 1, 1, 2, 1, 2, 1, 2, 3, 1, 2, 2, 1, 3, 3, 5, 2, 5, 2, 2, 1, 4, 3, 1, 1, 2, 2, 1, 1, 2, 5, 1, 3, 4, 4, 4, 2, 4, 1, 1, 3]
[1, 1, 1, 1, 3, 1, 1, 2, 1, 2, 1, 2, 3, 1, 2, 2, 1, 3, 3, 5, 2, 5, 2, 2, 1, 4, 3, 1, 1, 2, 2, 1, 1, 2, 5, 1, 3, 4, 4, 4, 2, 4, 1, 1, 3]
[1, 1, 1, 1, 3, 1, 1, 2, 1, 2, 1, 2, 3, 1, 2, 2, 1, 3, 3, 5, 2, 5, 2, 2, 1, 4, 3, 1, 1, 2, 2, 1, 1, 2, 5, 1, 3, 4, 4, 4, 2, 4, 1, 1, 3]
[1, 1, 1, 1, 3, 1, 1, 2, 1, 2, 1, 2, 3, 1, 2, 2, 1, 3, 3, 5, 2, 5, 2, 2, 1, 4, 3, 1, 1, 2, 2, 1, 1, 2, 5, 1, 3, 4, 4, 4, 2, 4, 1, 1, 3]
[1, 1, 1, 1, 3, 1, 1, 2, 1, 2, 1, 2, 3, 1, 2, 2, 1, 3, 3, 5, 2, 5, 2, 2, 1, 4, 3, 1, 1, 2, 2, 1, 1, 2, 5, 1, 3, 4, 4, 4, 2, 4, 1, 1, 3]
[9.81132075471698, 20.566037735849058, 18.11320754716981, 2.547169811320755, 45.943396226415096, 28.33333333333333, 5.833333333333334, 20.0, 27.916666666666668, 25.416666666666664]
[1, 1, 1, 1, 3, 1, 1, 2, 1, 2, 1, 2, 3, 1, 2, 2, 1, 3, 3, 5, 2, 5, 2, 2, 1, 4, 3, 1, 1, 2, 2, 1, 1, 2, 5, 1, 3, 4, 4, 4, 2, 4, 1, 1, 3]
Iteration 4
Best Fitness
[9.81132075471698, 20.566037735849058, 18.11320754716981, 2.547169811320755, 45.943396226415096, 28.33333333333333, 5.833333333333334, 20.0, 27.916666666666668, 25.416666666666664]
Best Position
[1, 1, 1, 1, 3, 1, 1, 2, 1, 2, 1, 2, 3, 1, 2, 2, 1, 3, 3, 5, 2, 5, 2, 2, 1, 4, 3, 1, 1, 2, 2, 1, 1, 2, 5, 1, 3, 4, 4, 4, 2, 4, 1, 1, 3]

-------------

Current fitness of particle 0
: [2.264150943396224, 30.0, 14.339622641509433, 38.39622641509434, 8.20754716981132, 30.41666666666667, 10.0, 17.916666666666668, 15.833333333333329, 18.333333333333336]

Current fitness of particle 1
: [3.3962264150943398, 30.0, 12.452830188679245, 4.433962264150944, 34.62264150943396, 47.083333333333336, 10.0, 15.833333333333334, 13.333333333333336, 7.916666666666668]

Current fitness of particle 2
: [6.037735849056602, 30.0, 16.22641509433962, 38.39622641509434, 13.867924528301888, 32.5, 10.0, 17.916666666666668, 13.75, 18.333333333333336]

Current fitness of particle 3
: [13.584905660377359, 28.11320754716981, 20.0, 3.1132075471698113, 64.81132075471697, 22.083333333333332, 10.0, 20.0, 30.0, 37.91666666666666]

Current fitness of particle 4
: [1.5094339622641542, 20.566037735849058, 16.22641509433962, 11.981132075471699, 23.30188679245283, 45.0, 5.833333333333334, 17.916666666666668, 13.333333333333336, 7.916666666666668]

Current fitness of particle 5
: [9.81132075471698, 20.566037735849058, 18.11320754716981, 4.433962264150944, 44.056603773584904, 28.33333333333333, 5.833333333333334, 20.0, 27.916666666666668, 25.416666666666664]

Current fitness of particle 6
: [46.79245283018868, 30.0, 20.0, 0.6603773584905666, 2.547169811320755, 84.58333333333334, 10.0, 20.0, 27.916666666666668, 26.666666666666668]

Current fitness of particle 7
: [11.69811320754717, 30.0, 14.339622641509433, 4.433962264150944, 51.60377358490566, 28.33333333333333, 10.0, 20.0, 25.833333333333336, 27.5]

Current fitness of particle 8
: [0.37735849056603854, 30.0, 20.0, 0.6603773584905666, 49.71698113207547, 30.41666666666667, 10.0, 17.916666666666668, 27.916666666666668, 25.416666666666664]

Current fitness of particle 9
: [13.584905660377359, 28.11320754716981, 20.0, 5.0, 66.69811320754717, 22.083333333333332, 10.0, 20.0, 30.0, 37.91666666666666]

Current fitness of particle 10
: [9.81132075471698, 20.566037735849058, 18.11320754716981, 2.547169811320755, 45.943396226415096, 28.33333333333333, 5.833333333333334, 20.0, 27.916666666666668, 25.416666666666664]

Current fitness of particle 11
: [13.584905660377359, 30.0, 6.7924528301886795, 5.0, 55.37735849056604, 22.083333333333332, 10.0, 15.833333333333334, 30.0, 33.75]

Current fitness of particle 12
: [7.924528301886795, 20.566037735849058, 18.11320754716981, 38.39622641509434, 8.20754716981132, 30.41666666666667, 5.833333333333334, 20.0, 13.75, 18.333333333333336]

Current fitness of particle 13
: [13.584905660377359, 30.0, 18.11320754716981, 45.943396226415096, 15.754716981132077, 22.083333333333332, 10.0, 20.0, 24.166666666666664, 16.25]

Current fitness of particle 14
: [5.2830188679245325, 20.566037735849058, 18.11320754716981, 13.867924528301888, 19.528301886792452, 47.083333333333336, 7.916666666666667, 20.0, 11.25, 7.916666666666668]

[1, 1, 1, 1, 3, 1, 1, 2, 1, 2, 1, 2, 3, 1, 2, 2, 1, 3, 3, 5, 2, 5, 2, 2, 1, 4, 3, 1, 1, 2, 2, 1, 1, 2, 5, 1, 3, 4, 4, 4, 2, 4, 1, 1, 3]
[1, 1, 1, 1, 3, 1, 1, 2, 1, 2, 1, 2, 3, 1, 2, 2, 1, 3, 3, 5, 2, 5, 2, 2, 1, 4, 3, 1, 1, 2, 2, 1, 1, 2, 5, 1, 3, 4, 4, 4, 2, 4, 1, 1, 3]
[1, 1, 1, 1, 3, 1, 1, 2, 1, 2, 1, 2, 3, 1, 2, 2, 1, 3, 3, 5, 2, 5, 2, 2, 1, 4, 3, 1, 1, 2, 2, 1, 1, 2, 5, 1, 3, 4, 4, 4, 2, 4, 1, 1, 3]
[1, 1, 1, 1, 3, 1, 1, 2, 1, 2, 1, 2, 3, 1, 2, 2, 1, 3, 3, 5, 2, 5, 2, 2, 1, 4, 3, 1, 1, 2, 2, 1, 1, 2, 5, 1, 3, 4, 4, 4, 2, 4, 1, 1, 3]
[1, 1, 1, 1, 3, 1, 1, 2, 1, 2, 1, 2, 3, 1, 2, 2, 1, 3, 3, 5, 2, 5, 2, 2, 1, 4, 3, 1, 1, 2, 2, 1, 1, 2, 5, 1, 3, 4, 4, 4, 2, 4, 1, 1, 3]
[1, 1, 1, 1, 3, 1, 1, 2, 1, 2, 1, 2, 3, 1, 2, 2, 1, 3, 3, 5, 2, 5, 2, 2, 1, 4, 3, 1, 1, 2, 2, 1, 1, 2, 5, 1, 3, 4, 4, 4, 2, 4, 1, 1, 3]
[1, 1, 1, 1, 3, 1, 1, 2, 1, 2, 1, 2, 3, 1, 2, 2, 1, 3, 3, 5, 2, 5, 2, 2, 1, 4, 3, 1, 1, 2, 2, 1, 1, 2, 5, 1, 3, 4, 4, 4, 2, 4, 1, 1, 3]
[1, 1, 1, 1, 3, 1, 1, 2, 1, 2, 1, 2, 3, 1, 2, 2, 1, 3, 3, 5, 2, 5, 2, 2, 1, 4, 3, 1, 1, 2, 2, 1, 1, 2, 5, 1, 3, 4, 4, 4, 2, 4, 1, 1, 3]
[1, 1, 1, 1, 3, 1, 1, 2, 1, 2, 1, 2, 3, 1, 2, 2, 1, 3, 3, 5, 2, 5, 2, 2, 1, 4, 3, 1, 1, 2, 2, 1, 1, 2, 5, 1, 3, 4, 4, 4, 2, 4, 1, 1, 3]
[1, 1, 1, 1, 3, 1, 1, 2, 1, 2, 1, 2, 3, 1, 2, 2, 1, 3, 3, 5, 2, 5, 2, 2, 1, 4, 3, 1, 1, 2, 2, 1, 1, 2, 5, 1, 3, 4, 4, 4, 2, 4, 1, 1, 3]
[1, 1, 1, 1, 3, 1, 1, 2, 1, 2, 1, 2, 3, 1, 2, 2, 1, 3, 3, 5, 2, 5, 2, 2, 1, 4, 3, 1, 1, 2, 2, 1, 1, 2, 5, 1, 3, 4, 4, 4, 2, 4, 1, 1, 3]
[1, 1, 1, 1, 3, 1, 1, 2, 1, 2, 1, 2, 3, 1, 2, 2, 1, 3, 3, 5, 2, 5, 2, 2, 1, 4, 3, 1, 1, 2, 2, 1, 1, 2, 5, 1, 3, 4, 4, 4, 2, 4, 1, 1, 3]
[1, 1, 1, 1, 3, 1, 1, 2, 1, 2, 1, 2, 3, 1, 2, 2, 1, 3, 3, 5, 2, 5, 2, 2, 1, 4, 3, 1, 1, 2, 2, 1, 1, 2, 5, 1, 3, 4, 4, 4, 2, 4, 1, 1, 3]
[1, 1, 1, 1, 3, 1, 1, 2, 1, 2, 1, 2, 3, 1, 2, 2, 1, 3, 3, 5, 2, 5, 2, 2, 1, 4, 3, 1, 1, 2, 2, 1, 1, 2, 5, 1, 3, 4, 4, 4, 2, 4, 1, 1, 3]
[1, 1, 1, 1, 3, 1, 1, 2, 1, 2, 1, 2, 3, 1, 2, 2, 1, 3, 3, 5, 2, 5, 2, 2, 1, 4, 3, 1, 1, 2, 2, 1, 1, 2, 5, 1, 3, 4, 4, 4, 2, 4, 1, 1, 3]
[9.81132075471698, 20.566037735849058, 18.11320754716981, 2.547169811320755, 45.943396226415096, 28.33333333333333, 5.833333333333334, 20.0, 27.916666666666668, 25.416666666666664]
[1, 1, 1, 1, 3, 1, 1, 2, 1, 2, 1, 2, 3, 1, 2, 2, 1, 3, 3, 5, 2, 5, 2, 2, 1, 4, 3, 1, 1, 2, 2, 1, 1, 2, 5, 1, 3, 4, 4, 4, 2, 4, 1, 1, 3]
